M,0.595,0.475,0.17,1.0965,0.419,0.229,0.35,17
M,0.56,0.415,0.13,0.7615,0.3695,0.17,0.1955,8
I,0.455,0.335,0.135,0.501,0.274,0.0995,0.1065,7
I,0.52,0.415,0.14,0.6375,0.308,0.1335,0.168,9
M,0.625,0.475,0.16,1.0845,0.5005,0.2355,0.3105,10
M,0.7,0.545,0.185,1.6135,0.75,0.4035,0.3685,11
F,0.535,0.4,0.135,0.8215,0.3935,0.196,0.205,8
F,0.55,0.425,0.135,0.8515,0.362,0.196,0.27,14
I,0.45,0.355,0.12,0.412,0.1145,0.0665,0.16,19
F,0.565,0.45,0.145,0.8495,0.4215,0.1685,0.225,8
F,0.73,0.55,0.205,1.908,0.5415,0.3565,0.5965,14
I,0.355,0.28,0.11,0.2235,0.0815,0.0525,0.08,7
F,0.615,0.47,0.155,1.084,0.5885,0.209,0.246,9
M,0.75,0.55,0.18,1.893,0.942,0.397,0.445,11
M,0.54,0.42,0.19,0.6855,0.293,0.163,0.38,10
F,0.405,0.325,0.11,0.3575,0.145,0.0725,0.11,12
F,0.55,0.43,0.14,0.84,0.375,0.218,0.1945,8
M,0.415,0.31,0.09,0.3245,0.1305,0.0735,0.115,8
M,0.55,0.43,0.18,0.8265,0.4405,0.159,0.225,10
F,0.53,0.425,0.13,0.7585,0.325,0.197,0.205,8
F,0.57,0.45,0.175,0.9555,0.38,0.1665,0.295,18
M,0.51,0.415,0.14,0.8185,0.3025,0.2155,0.235,16
M,0.535,0.42,0.165,0.9195,0.3355,0.1985,0.26,16
M,0.475,0.375,0.125,0.593,0.277,0.115,0.18,10
M,0.65,0.515,0.175,1.466,0.677,0.3045,0.4,10
F,0.4,0.32,0.11,0.353,0.1405,0.0985,0.1,8
I,0.36,0.275,0.075,0.2205,0.0985,0.044,0.066,7
I,0.47,0.37,0.12,0.4705,0.1845,0.1055,0.155,12
I,0.595,0.47,0.135,0.9365,0.434,0.184,0.287,10
F,0.645,0.52,0.175,1.3345,0.667,0.2665,0.355,10
M,0.58,0.47,0.165,1.041,0.54,0.166,0.279,9
M,0.505,0.385,0.13,0.6435,0.3135,0.149,0.1515,7
M,0.515,0.38,0.175,0.9565,0.325,0.158,0.31,14
F,0.655,0.51,0.175,1.415,0.5885,0.3725,0.364,10
I,0.475,0.38,0.12,0.441,0.1785,0.0885,0.1505,8
M,0.645,0.48,0.15,1.192,0.6055,0.2595,0.285,9
M,0.62,0.46,0.16,0.9505,0.4915,0.2,0.228,9
I,0.51,0.4,0.125,0.5935,0.239,0.13,0.204,8
M,0.68,0.53,0.18,1.529,0.7635,0.3115,0.4025,11
I,0.575,0.45,0.135,0.8245,0.3375,0.2115,0.239,11
F,0.465,0.35,0.115,0.421,0.1565,0.091,0.1345,9
I,0.255,0.185,0.065,0.074,0.0305,0.0165,0.02,4
I,0.39,0.28,0.09,0.215,0.0845,0.034,0.079,8
I,0.325,0.245,0.07,0.161,0.0755,0.0255,0.045,6
F,0.685,0.535,0.175,1.5845,0.7175,0.3775,0.4215,9
I,0.415,0.335,0.1,0.358,0.169,0.067,0.105,7
M,0.56,0.45,0.16,0.922,0.432,0.178,0.26,15
F,0.535,0.45,0.135,0.8075,0.322,0.181,0.25,13
I,0.17,0.125,0.055,0.0235,0.009,0.0055,0.008,6
F,0.385,0.305,0.125,0.314,0.146,0.0555,0.08,10
F,0.665,0.535,0.19,1.496,0.5775,0.2815,0.475,17
F,0.49,0.4,0.145,0.6635,0.21,0.1295,0.2515,13
F,0.64,0.485,0.145,1.1335,0.5525,0.2505,0.3015,11
M,0.62,0.51,0.175,1.1505,0.4375,0.2265,0.4,12
M,0.625,0.5,0.17,1.0985,0.4645,0.22,0.354,9
M,0.425,0.33,0.08,0.361,0.134,0.0825,0.125,7
I,0.39,0.29,0.09,0.2745,0.135,0.0455,0.078,8
M,0.575,0.45,0.155,0.886,0.3605,0.211,0.2575,9
M,0.705,0.56,0.22,1.981,0.8175,0.3085,0.76,14
F,0.65,0.515,0.215,1.498,0.564,0.323,0.425,16
M,0.67,0.54,0.195,1.217,0.532,0.2735,0.3315,11
F,0.645,0.52,0.18,1.285,0.5775,0.352,0.317,9
F,0.675,0.53,0.195,1.4985,0.62,0.375,0.425,9
I,0.52,0.41,0.145,0.646,0.2965,0.1595,0.165,9
F,0.57,0.435,0.14,0.8585,0.3905,0.196,0.2295,8
I,0.325,0.25,0.08,0.176,0.0595,0.0355,0.063,7
I,0.42,0.32,0.1,0.34,0.1745,0.05,0.0945,8
M,0.585,0.465,0.165,0.885,0.4025,0.1625,0.274,10
M,0.57,0.42,0.155,1.008,0.377,0.193,0.34,13
M,0.49,0.42,0.125,0.609,0.239,0.1435,0.22,14
M,0.57,0.455,0.15,0.952,0.3895,0.2155,0.2745,9
F,0.43,0.34,0.12,0.391,0.1555,0.095,0.1405,7
M,0.405,0.305,0.085,0.2605,0.1145,0.0595,0.085,8
F,0.6,0.475,0.155,1.21,0.653,0.1695,0.3205,10
I,0.265,0.205,0.07,0.1055,0.039,0.041,0.035,5
M,0.58,0.465,0.175,1.035,0.401,0.1865,0.385,17
M,0.545,0.44,0.165,0.744,0.2875,0.204,0.25,15
I,0.615,0.475,0.13,0.8425,0.353,0.1915,0.251,8
M,0.62,0.475,0.185,1.325,0.6045,0.325,0.33,13
M,0.495,0.415,0.165,0.7485,0.264,0.134,0.285,13
F,0.61,0.49,0.17,1.137,0.4605,0.2825,0.344,12
M,0.63,0.485,0.18,1.2435,0.5175,0.308,0.37,11
F,0.58,0.465,0.145,0.9865,0.47,0.2155,0.25,11
I,0.19,0.13,0.03,0.0295,0.0155,0.015,0.01,6
F,0.525,0.4,0.115,0.6295,0.2555,0.144,0.18,11
M,0.505,0.4,0.125,0.77,0.2735,0.159,0.255,13
F,0.67,0.535,0.185,1.597,0.6275,0.35,0.47,21
M,0.6,0.475,0.15,1.089,0.5195,0.223,0.292,11
I,0.46,0.35,0.11,0.4675,0.2125,0.099,0.1375,7
M,0.465,0.355,0.105,0.4795,0.227,0.124,0.125,8
F,0.72,0.575,0.215,2.1,0.8565,0.4825,0.602,12
M,0.59,0.465,0.165,1.115,0.5165,0.273,0.275,10
F,0.675,0.535,0.16,1.41,0.592,0.3175,0.42,16
M,0.48,0.365,0.13,0.5305,0.2405,0.127,0.139,8
M,0.555,0.425,0.15,0.873,0.4625,0.1845,0.1965,9
F,0.55,0.405,0.125,0.651,0.2965,0.137,0.2,9
I,0.42,0.315,0.1,0.3435,0.157,0.0795,0.09,6
F,0.57,0.445,0.145,0.8775,0.412,0.217,0.22,8
F,0.605,0.475,0.175,1.076,0.463,0.2195,0.335,9
I,0.53,0.405,0.13,0.6615,0.2945,0.1395,0.19,9
I,0.275,0.2,0.055,0.0925,0.038,0.021,0.026,4
M,0.475,0.375,0.125,0.593,0.277,0.115,0.18,10
F,0.595,0.455,0.16,1.04,0.452,0.2655,0.288,9
I,0.23,0.165,0.06,0.0515,0.019,0.0145,0.036,4
M,0.7,0.525,0.175,1.7585,0.8745,0.3615,0.47,10
I,0.34,0.26,0.09,0.179,0.076,0.0525,0.055,6
M,0.52,0.435,0.195,0.973,0.2985,0.2135,0.355,18
M,0.705,0.555,0.215,2.141,1.0465,0.383,0.528,11
F,0.565,0.45,0.135,0.9885,0.387,0.1495,0.31,12
I,0.16,0.11,0.025,0.0195,0.0075,0.005,0.006,4
M,0.625,0.5,0.13,1.082,0.5785,0.2045,0.25,8
M,0.54,0.41,0.145,0.989,0.2815,0.213,0.355,19
F,0.545,0.41,0.125,0.654,0.2945,0.1315,0.205,10
I,0.485,0.355,0.105,0.498,0.2175,0.096,0.1525,9
I,0.315,0.235,0.07,0.149,0.058,0.0325,0.047,7
F,0.52,0.41,0.125,0.6985,0.2945,0.1625,0.215,10
I,0.46,0.35,0.115,0.4155,0.18,0.098,0.1175,7
F,0.59,0.445,0.13,1.1325,0.3825,0.234,0.32,13
I,0.635,0.505,0.19,1.3315,0.5805,0.252,0.435,17
I,0.35,0.26,0.085,0.174,0.0705,0.0345,0.06,10
I,0.63,0.475,0.145,1.0605,0.5165,0.2195,0.28,10
I,0.51,0.405,0.12,0.61,0.229,0.131,0.235,11
M,0.585,0.455,0.15,0.906,0.4095,0.23,0.2335,8
M,0.59,0.49,0.135,1.008,0.422,0.2245,0.285,11
I,0.295,0.22,0.07,0.126,0.0515,0.0275,0.035,6
I,0.35,0.265,0.08,0.2,0.09,0.042,0.06,7
M,0.475,0.37,0.125,0.649,0.347,0.136,0.142,8
I,0.425,0.34,0.1,0.3515,0.1625,0.082,0.094,7
M,0.64,0.51,0.19,1.613,0.6215,0.361,0.47,14
F,0.71,0.545,0.175,1.907,0.8725,0.4565,0.475,11
I,0.53,0.43,0.14,0.677,0.298,0.0965,0.23,8
I,0.525,0.4,0.14,0.6955,0.2405,0.16,0.253,10
I,0.57,0.435,0.17,0.848,0.4,0.166,0.25,9
M,0.565,0.43,0.13,0.784,0.3495,0.1885,0.213,9
F,0.465,0.375,0.135,0.6,0.2225,0.129,0.23,16
I,0.6,0.48,0.17,0.9175,0.38,0.2225,0.29,8
F,0.49,0.385,0.15,0.7865,0.241,0.14,0.24,23
M,0.585,0.465,0.15,0.98,0.4315,0.2545,0.247,9
M,0.37,0.285,0.1,0.228,0.0675,0.0675,0.081,10
M,0.56,0.45,0.16,0.922,0.432,0.178,0.26,15
M,0.34,0.275,0.09,0.2065,0.0725,0.043,0.07,10
M,0.51,0.405,0.13,0.7175,0.3725,0.158,0.17,9
I,0.35,0.27,0.075,0.215,0.1,0.036,0.065,6
F,0.545,0.44,0.15,0.9475,0.366,0.239,0.275,8
F,0.64,0.51,0.2,1.3905,0.61,0.3315,0.41,12
I,0.35,0.26,0.095,0.221,0.0985,0.043,0.07,8
I,0.425,0.325,0.11,0.3335,0.173,0.045,0.1,7
F,0.465,0.39,0.11,0.6355,0.1815,0.157,0.225,13
F,0.61,0.485,0.17,1.1005,0.5125,0.229,0.305,11
I,0.375,0.285,0.1,0.239,0.105,0.0555,0.07,8
I,0.53,0.405,0.13,0.6615,0.2945,0.1395,0.19,9
M,0.655,0.525,0.16,1.46,0.686,0.311,0.405,11
M,0.535,0.42,0.13,0.8055,0.301,0.181,0.28,14
M,0.575,0.44,0.16,0.9615,0.483,0.166,0.275,13
M,0.46,0.35,0.12,0.515,0.224,0.108,0.1565,10
F,0.6,0.47,0.2,1.031,0.392,0.2035,0.29,15
F,0.55,0.44,0.15,0.8945,0.3145,0.151,0.32,19
I,0.5,0.385,0.12,0.56,0.2835,0.103,0.135,8
I,0.285,0.22,0.065,0.096,0.0405,0.0205,0.03,5
F,0.71,0.5,0.15,1.3165,0.6835,0.2815,0.28,10
M,0.365,0.295,0.08,0.2555,0.097,0.043,0.1,7
M,0.49,0.465,0.125,0.5225,0.235,0.13,0.141,7
F,0.4,0.335,0.115,0.4335,0.2105,0.1205,0.12,10
I,0.55,0.445,0.125,0.672,0.288,0.1365,0.21,11
F,0.605,0.48,0.14,0.991,0.4735,0.2345,0.24,8
I,0.53,0.405,0.13,0.6615,0.2945,0.1395,0.19,9
M,0.595,0.48,0.14,0.9125,0.4095,0.1825,0.289,9
F,0.6,0.475,0.17,1.088,0.4905,0.2475,0.31,10
M,0.5,0.39,0.13,0.709,0.275,0.168,0.18,11
I,0.58,0.42,0.16,0.728,0.2725,0.19,0.19,14
M,0.48,0.38,0.135,0.528,0.2,0.1395,0.16,14
M,0.62,0.51,0.175,1.1505,0.4375,0.2265,0.4,12
I,0.35,0.265,0.095,0.199,0.073,0.049,0.06,5
M,0.35,0.265,0.09,0.1775,0.0575,0.042,0.068,12
M,0.59,0.455,0.155,0.8855,0.388,0.188,0.275,10
M,0.18,0.125,0.05,0.023,0.0085,0.0055,0.01,3
F,0.705,0.56,0.205,2.381,0.9915,0.5005,0.624,10
F,0.57,0.435,0.15,0.8295,0.3875,0.156,0.245,10
M,0.705,0.55,0.21,1.4385,0.655,0.3255,0.462,11
F,0.615,0.5,0.165,1.1765,0.488,0.244,0.345,17
I,0.42,0.31,0.095,0.279,0.1255,0.051,0.088,6
M,0.535,0.42,0.16,0.7465,0.348,0.1515,0.2185,10
M,0.455,0.375,0.125,0.484,0.2155,0.102,0.165,7
F,0.605,0.48,0.15,1.079,0.4505,0.2835,0.293,10
F,0.59,0.46,0.145,0.9905,0.453,0.2205,0.275,8
M,0.425,0.35,0.105,0.393,0.13,0.063,0.165,9
F,0.59,0.455,0.145,1.063,0.5155,0.2445,0.25,8
M,0.605,0.47,0.115,1.114,0.3925,0.291,0.31,15
F,0.525,0.43,0.165,0.717,0.289,0.1745,0.195,10
F,0.715,0.585,0.23,2.0725,0.8655,0.4095,0.565,10
M,0.615,0.475,0.17,1.129,0.4795,0.302,0.3,10
F,0.64,0.5,0.18,1.4995,0.593,0.314,0.431,11
M,0.535,0.405,0.175,1.2705,0.548,0.3265,0.337,13
F,0.59,0.455,0.15,0.976,0.465,0.2055,0.2765,10
I,0.41,0.3,0.115,0.2595,0.097,0.0515,0.08,10
F,0.72,0.55,0.195,2.073,1.0715,0.4265,0.5015,9
M,0.47,0.365,0.12,0.612,0.327,0.15,0.14,8
M,0.72,0.57,0.2,1.8275,0.919,0.366,0.485,10
M,0.645,0.51,0.155,1.539,0.6405,0.3585,0.43,11
I,0.57,0.44,0.13,0.7665,0.347,0.1785,0.202,10
M,0.525,0.4,0.17,0.7305,0.279,0.2055,0.195,11
I,0.4,0.31,0.1,0.306,0.13,0.06,0.094,6
F,0.6,0.465,0.15,1.1025,0.5455,0.262,0.25,8
I,0.475,0.375,0.11,0.456,0.182,0.099,0.16,9
M,0.46,0.365,0.125,0.467,0.1895,0.0945,0.158,10
I,0.435,0.325,0.11,0.367,0.1595,0.08,0.105,6
I,0.28,0.21,0.075,0.1195,0.053,0.0265,0.03,6
F,0.6,0.47,0.15,0.922,0.363,0.194,0.305,10
M,0.52,0.385,0.165,0.791,0.375,0.18,0.1815,10
I,0.29,0.215,0.065,0.0985,0.0425,0.021,0.031,5
M,0.5,0.39,0.125,0.5215,0.2485,0.117,0.131,6
F,0.58,0.44,0.175,1.073,0.4005,0.2345,0.335,19
I,0.45,0.33,0.11,0.3685,0.16,0.0885,0.102,6
I,0.475,0.365,0.125,0.5465,0.229,0.1185,0.172,9
F,0.59,0.465,0.15,0.997,0.392,0.246,0.34,12
F,0.46,0.425,0.155,0.746,0.3005,0.152,0.24,8
M,0.7,0.53,0.19,1.3185,0.548,0.233,0.42,18
F,0.57,0.465,0.155,0.9685,0.446,0.261,0.255,9
M,0.44,0.335,0.11,0.394,0.157,0.096,0.122,9
M,0.275,0.2,0.08,0.099,0.037,0.024,0.03,5
I,0.335,0.25,0.075,0.1825,0.0705,0.044,0.055,7
F,0.565,0.45,0.175,1.0095,0.447,0.2375,0.2645,9
M,0.705,0.56,0.22,1.981,0.8175,0.3085,0.76,14
F,0.67,0.545,0.175,1.707,0.6995,0.387,0.575,13
I,0.61,0.475,0.17,1.0385,0.4435,0.241,0.32,14
I,0.52,0.395,0.145,0.77,0.424,0.142,0.1895,7
I,0.505,0.4,0.125,0.5605,0.2255,0.1435,0.17,8
M,0.59,0.47,0.15,0.861,0.413,0.164,0.249,8
F,0.53,0.425,0.13,0.717,0.2115,0.166,0.255,13
I,0.465,0.375,0.12,0.471,0.222,0.119,0.14,9
M,0.525,0.395,0.13,0.7635,0.3375,0.1425,0.225,8
I,0.665,0.5,0.17,1.2975,0.6035,0.291,0.3595,9
F,0.64,0.515,0.205,1.5335,0.6635,0.3345,0.4025,9
I,0.425,0.31,0.095,0.3505,0.1645,0.071,0.1,8
F,0.705,0.57,0.185,1.761,0.747,0.3725,0.488,10
F,0.68,0.52,0.185,1.494,0.615,0.3935,0.406,11
I,0.54,0.39,0.125,0.6255,0.2525,0.158,0.19,8
I,0.525,0.38,0.135,0.615,0.261,0.159,0.175,8
I,0.425,0.315,0.1,0.377,0.1645,0.072,0.105,6
I,0.285,0.215,0.06,0.0935,0.031,0.023,0.03,6
I,0.59,0.475,0.145,0.9745,0.4675,0.207,0.259,10
M,0.57,0.45,0.155,0.91,0.326,0.1895,0.355,14
M,0.74,0.605,0.2,2.4925,1.1455,0.575,0.5235,13
I,0.565,0.46,0.155,0.8715,0.3755,0.215,0.25,10
F,0.45,0.36,0.125,0.5065,0.222,0.105,0.16,10
F,0.705,0.55,0.17,1.219,0.6395,0.236,0.301,9
F,0.29,0.225,0.075,0.14,0.0515,0.0235,0.04,5
I,0.625,0.485,0.15,1.044,0.438,0.2865,0.278,9
I,0.39,0.3,0.095,0.3265,0.1665,0.0575,0.089,7
M,0.605,0.49,0.165,1.1245,0.492,0.222,0.3555,11
F,0.715,0.565,0.18,1.79,0.844,0.3535,0.5385,9
M,0.465,0.35,0.12,0.5205,0.2015,0.1625,0.185,11
M,0.695,0.53,0.15,1.477,0.6375,0.3025,0.43,14
I,0.36,0.25,0.115,0.465,0.21,0.1055,0.128,7
F,0.605,0.48,0.175,1.1685,0.4815,0.2305,0.356,9
F,0.455,0.365,0.11,0.385,0.166,0.046,0.1345,13
F,0.625,0.49,0.145,0.92,0.437,0.1735,0.28,10
I,0.505,0.38,0.12,0.594,0.2595,0.1435,0.18,7
F,0.64,0.475,0.14,1.0725,0.4895,0.2295,0.31,8
F,0.52,0.415,0.145,0.8045,0.3325,0.1725,0.285,10
M,0.59,0.455,0.16,1.09,0.5,0.2215,0.292,9
F,0.5,0.4,0.14,0.6615,0.2565,0.1755,0.22,8
M,0.505,0.39,0.12,0.653,0.3315,0.1385,0.167,9
M,0.535,0.42,0.125,0.764,0.312,0.1505,0.265,11
F,0.6,0.48,0.17,1.056,0.4575,0.2435,0.3135,10
M,0.515,0.4,0.14,0.7365,0.2955,0.184,0.185,16
F,0.57,0.44,0.19,1.018,0.447,0.207,0.265,9
F,0.665,0.57,0.185,1.522,0.6965,0.3025,0.405,13
F,0.62,0.485,0.175,1.2155,0.545,0.253,0.345,10
M,0.535,0.435,0.14,0.874,0.3735,0.229,0.2195,8
M,0.705,0.56,0.22,1.981,0.8175,0.3085,0.76,14
M,0.495,0.39,0.15,0.853,0.3285,0.189,0.27,14
M,0.595,0.49,0.185,1.185,0.482,0.2015,0.361,10
M,0.58,0.455,0.15,1.114,0.4765,0.2155,0.265,8
F,0.515,0.39,0.13,0.5755,0.1975,0.13,0.1845,9
I,0.435,0.325,0.105,0.335,0.136,0.065,0.115,8
M,0.57,0.435,0.17,0.873,0.382,0.183,0.2705,10
M,0.55,0.45,0.155,0.7895,0.343,0.159,0.25,12
F,0.49,0.38,0.155,0.578,0.2395,0.1255,0.18,9
F,0.53,0.425,0.13,0.7585,0.325,0.197,0.205,8
F,0.415,0.34,0.13,0.3675,0.146,0.0885,0.12,10
I,0.37,0.29,0.1,0.25,0.1025,0.0505,0.085,10
M,0.465,0.375,0.11,0.5,0.21,0.113,0.1505,8
M,0.625,0.495,0.155,1.025,0.46,0.1945,0.34,9
F,0.58,0.465,0.165,1.1015,0.404,0.2095,0.35,11
I,0.58,0.47,0.15,0.907,0.444,0.1855,0.2445,11
I,0.55,0.42,0.155,0.912,0.495,0.1805,0.205,9
F,0.565,0.445,0.155,0.826,0.341,0.2055,0.2475,10
M,0.68,0.535,0.185,1.607,0.7245,0.3215,0.498,12
I,0.66,0.525,0.18,1.6935,0.6025,0.4005,0.42,15
I,0.555,0.455,0.17,0.8435,0.309,0.1905,0.3,15
F,0.58,0.46,0.15,1.1155,0.5575,0.2255,0.29,7
I,0.35,0.25,0.1,0.4015,0.1725,0.063,0.1255,7
F,0.635,0.52,0.165,1.3405,0.5065,0.296,0.412,11
F,0.52,0.405,0.145,0.829,0.3535,0.1685,0.205,15
M,0.63,0.48,0.145,1.0115,0.4235,0.237,0.305,12
M,0.6,0.46,0.15,1.247,0.5335,0.2735,0.29,9
I,0.465,0.37,0.12,0.4365,0.188,0.0815,0.147,9
M,0.6,0.47,0.16,1.012,0.441,0.2015,0.305,10
F,0.405,0.31,0.12,0.3095,0.138,0.058,0.095,13
M,0.49,0.395,0.135,0.5545,0.213,0.0925,0.215,14
M,0.555,0.44,0.15,0.755,0.307,0.1525,0.26,12
I,0.54,0.435,0.145,0.97,0.4285,0.22,0.264,17
M,0.6,0.47,0.16,1.194,0.5625,0.3045,0.2635,10
F,0.52,0.425,0.165,0.9885,0.396,0.225,0.32,16
F,0.55,0.43,0.14,0.8105,0.368,0.161,0.275,9
F,0.425,0.33,0.115,0.406,0.1635,0.081,0.1355,8
M,0.28,0.2,0.08,0.0915,0.033,0.0215,0.03,5
F,0.47,0.365,0.12,0.582,0.29,0.092,0.146,8
F,0.61,0.485,0.21,1.3445,0.535,0.2205,0.515,20
F,0.525,0.415,0.14,0.724,0.3475,0.173,0.175,8
I,0.595,0.46,0.15,0.8335,0.377,0.1925,0.235,8
F,0.6,0.475,0.15,1.0075,0.4425,0.221,0.28,15
M,0.49,0.465,0.125,0.5225,0.235,0.13,0.141,7
I,0.46,0.365,0.115,0.511,0.2365,0.118,0.123,7
F,0.535,0.4,0.15,0.8045,0.3345,0.2125,0.21,13
F,0.585,0.45,0.15,0.938,0.467,0.203,0.225,7
F,0.61,0.48,0.175,1.0675,0.391,0.216,0.42,15
I,0.545,0.425,0.14,0.8145,0.305,0.231,0.244,10
M,0.64,0.485,0.15,1.098,0.5195,0.222,0.3175,10
F,0.445,0.33,0.105,0.4525,0.18,0.103,0.123,9
M,0.655,0.49,0.175,1.3585,0.6395,0.294,0.365,10
I,0.32,0.225,0.085,0.1415,0.0675,0.0295,0.0405,6
F,0.615,0.485,0.16,1.1575,0.5005,0.2495,0.315,10
M,0.595,0.485,0.15,1.0835,0.5305,0.231,0.276,8
F,0.645,0.48,0.17,1.1345,0.528,0.254,0.305,10
M,0.62,0.485,0.165,1.1325,0.5235,0.2505,0.2825,9
M,0.465,0.36,0.105,0.488,0.188,0.0845,0.19,10
I,0.68,0.53,0.185,1.1095,0.439,0.245,0.34,10
M,0.51,0.405,0.125,0.6925,0.327,0.155,0.1805,7
I,0.285,0.21,0.07,0.109,0.044,0.0265,0.033,5
M,0.59,0.47,0.145,0.9235,0.4545,0.173,0.254,9
I,0.405,0.305,0.1,0.268,0.1145,0.053,0.085,7
M,0.645,0.515,0.175,1.6115,0.6745,0.384,0.385,14
I,0.455,0.435,0.11,0.4265,0.195,0.09,0.1205,8
M,0.5,0.41,0.15,0.662,0.2815,0.137,0.22,11
M,0.28,0.21,0.065,0.0905,0.035,0.02,0.03,5
I,0.57,0.43,0.145,0.833,0.354,0.144,0.2815,10
F,0.6,0.48,0.17,1.056,0.4575,0.2435,0.3135,10
M,0.59,0.49,0.135,1.008,0.422,0.2245,0.285,11
I,0.47,0.355,0.115,0.4155,0.167,0.084,0.139,7
M,0.52,0.385,0.165,0.791,0.375,0.18,0.1815,10
I,0.545,0.375,0.12,0.543,0.2375,0.1155,0.1725,8
F,0.62,0.485,0.22,1.511,0.5095,0.284,0.51,17
M,0.585,0.48,0.185,1.04,0.434,0.265,0.285,10
M,0.69,0.54,0.185,1.6195,0.533,0.353,0.555,24
F,0.65,0.475,0.165,1.3875,0.58,0.3485,0.3095,9
I,0.38,0.29,0.1,0.237,0.108,0.0395,0.082,6
I,0.62,0.49,0.16,1.066,0.446,0.246,0.305,11
F,0.515,0.375,0.11,0.6065,0.3005,0.131,0.15,6
I,0.5,0.385,0.12,0.516,0.197,0.1305,0.165,8
I,0.37,0.285,0.095,0.226,0.1135,0.0515,0.0675,8
M,0.53,0.415,0.14,0.724,0.3105,0.1675,0.205,10
I,0.335,0.25,0.075,0.186,0.0945,0.038,0.0445,7
M,0.585,0.455,0.225,1.055,0.3815,0.221,0.365,15
I,0.455,0.335,0.135,0.501,0.274,0.0995,0.1065,7
M,0.67,0.52,0.19,1.6385,0.8115,0.369,0.391,9
I,0.465,0.365,0.115,0.467,0.2315,0.0925,0.113,7
M,0.575,0.445,0.17,1.0225,0.549,0.2175,0.228,9
M,0.33,0.255,0.095,0.1875,0.0735,0.045,0.06,7
M,0.605,0.49,0.145,1.3,0.517,0.3285,0.31,14
M,0.655,0.525,0.18,1.402,0.624,0.2935,0.365,13
M,0.655,0.545,0.19,1.4245,0.6325,0.333,0.378,10
I,0.395,0.29,0.095,0.304,0.127,0.084,0.077,6
F,0.635,0.5,0.18,1.2565,0.539,0.292,0.35,10
M,0.555,0.455,0.135,0.837,0.382,0.171,0.235,9
I,0.62,0.45,0.135,0.924,0.358,0.2265,0.2965,10
M,0.335,0.235,0.085,0.1545,0.066,0.0345,0.045,6
M,0.44,0.335,0.11,0.394,0.157,0.096,0.122,9
M,0.485,0.37,0.13,0.526,0.2485,0.105,0.1555,6
F,0.62,0.48,0.165,1.043,0.4835,0.221,0.31,10
I,0.45,0.35,0.135,0.494,0.2205,0.0945,0.1405,7
I,0.405,0.315,0.105,0.347,0.1605,0.0785,0.1,9
M,0.665,0.54,0.175,1.347,0.4955,0.254,0.415,17
I,0.35,0.26,0.09,0.1765,0.072,0.0355,0.0575,7
F,0.655,0.505,0.165,1.367,0.5835,0.3515,0.396,10
F,0.51,0.4,0.13,0.5735,0.219,0.1365,0.195,13
M,0.34,0.255,0.095,0.213,0.081,0.034,0.07,9
M,0.33,0.235,0.09,0.163,0.0615,0.034,0.055,10
F,0.46,0.35,0.115,0.46,0.2025,0.1115,0.1165,6
M,0.455,0.375,0.125,0.484,0.2155,0.102,0.165,7
F,0.64,0.51,0.2,1.3905,0.61,0.3315,0.41,12
M,0.33,0.215,0.075,0.1145,0.045,0.0265,0.035,6
M,0.59,0.49,0.135,1.008,0.422,0.2245,0.285,11
F,0.43,0.325,0.12,0.445,0.165,0.0995,0.155,8
I,0.17,0.105,0.035,0.034,0.012,0.0085,0.005,4
F,0.61,0.5,0.18,1.438,0.5185,0.3735,0.3345,9
F,0.57,0.465,0.18,1.295,0.339,0.2225,0.44,12
M,0.59,0.47,0.155,1.1735,0.6245,0.233,0.2595,9
I,0.475,0.365,0.115,0.499,0.232,0.0885,0.156,10
M,0.645,0.5,0.18,1.461,0.5985,0.2425,0.439,11
I,0.395,0.29,0.095,0.304,0.127,0.084,0.077,6
I,0.375,0.28,0.085,0.2145,0.0855,0.0485,0.072,7
M,0.6,0.465,0.2,1.259,0.6405,0.1985,0.357,9
M,0.635,0.51,0.185,1.308,0.544,0.318,0.377,8
F,0.4,0.335,0.115,0.4335,0.2105,0.1205,0.12,10
F,0.625,0.49,0.175,1.233,0.5565,0.247,0.365,11
M,0.51,0.4,0.13,0.6435,0.27,0.1665,0.205,12
M,0.485,0.395,0.14,0.6295,0.2285,0.127,0.225,14
M,0.545,0.435,0.145,0.9385,0.3685,0.1245,0.345,11
M,0.6,0.495,0.185,1.1145,0.5055,0.2635,0.367,11
F,0.635,0.5,0.18,1.312,0.529,0.2485,0.485,18
M,0.78,0.6,0.21,2.548,1.1945,0.5745,0.6745,11
F,0.53,0.425,0.13,0.7585,0.325,0.197,0.205,8
I,0.32,0.235,0.09,0.183,0.098,0.0335,0.042,7
I,0.57,0.42,0.13,0.7745,0.3535,0.1505,0.2365,9
M,0.525,0.405,0.12,0.7555,0.3755,0.1555,0.201,9
I,0.42,0.325,0.115,0.314,0.1295,0.0635,0.1,8
M,0.59,0.455,0.155,0.8855,0.388,0.188,0.275,10
I,0.275,0.2,0.055,0.0925,0.038,0.021,0.026,4
I,0.495,0.385,0.125,0.585,0.2755,0.1235,0.165,8
M,0.595,0.48,0.14,0.9125,0.4095,0.1825,0.289,9
M,0.535,0.435,0.15,0.717,0.3475,0.1445,0.194,9
I,0.53,0.38,0.125,0.616,0.292,0.113,0.185,8
F,0.655,0.53,0.19,1.428,0.493,0.318,0.565,18
M,0.705,0.55,0.21,1.4385,0.655,0.3255,0.462,11
I,0.28,0.21,0.085,0.1065,0.039,0.0295,0.03,4
M,0.635,0.49,0.175,1.375,0.623,0.2705,0.395,11
I,0.245,0.175,0.055,0.0785,0.04,0.018,0.02,5
I,0.475,0.42,0.16,0.7095,0.35,0.1505,0.1845,8
F,0.485,0.365,0.14,0.6195,0.2595,0.1445,0.177,14
F,0.585,0.45,0.16,1.077,0.4995,0.2875,0.25,10
F,0.575,0.45,0.1,0.9315,0.431,0.222,0.235,12
I,0.505,0.39,0.15,0.685,0.362,0.131,0.156,8
I,0.385,0.28,0.125,0.244,0.102,0.038,0.085,6
I,0.335,0.26,0.1,0.192,0.0785,0.0585,0.07,8
M,0.575,0.47,0.14,0.8375,0.3485,0.1735,0.24,11
I,0.59,0.45,0.16,0.893,0.2745,0.2185,0.345,14
I,0.33,0.255,0.095,0.172,0.066,0.0255,0.06,6
I,0.555,0.43,0.155,0.7395,0.3135,0.1435,0.28,10
M,0.48,0.375,0.12,0.5895,0.2535,0.128,0.172,11
M,0.505,0.385,0.13,0.6435,0.3135,0.149,0.1515,7
M,0.71,0.56,0.22,2.015,0.9215,0.454,0.566,11
F,0.58,0.44,0.18,0.854,0.3665,0.1635,0.245,12
I,0.485,0.415,0.14,0.5705,0.25,0.134,0.185,8
F,0.57,0.455,0.15,1.107,0.54,0.255,0.27,8
F,0.475,0.36,0.12,0.5915,0.3245,0.11,0.127,6
F,0.64,0.485,0.145,1.1335,0.5525,0.2505,0.3015,11
F,0.635,0.485,0.165,1.2695,0.5635,0.3065,0.3395,11
M,0.58,0.455,0.17,0.93,0.408,0.259,0.22,9
M,0.65,0.515,0.175,1.466,0.677,0.3045,0.4,10
I,0.505,0.4,0.125,0.5605,0.2255,0.1435,0.17,8
F,0.475,0.4,0.115,0.541,0.186,0.1025,0.21,13
I,0.505,0.405,0.13,0.6015,0.3015,0.11,0.18,8
I,0.635,0.505,0.19,1.3315,0.5805,0.252,0.435,17
I,0.525,0.39,0.12,0.664,0.3115,0.147,0.178,9
F,0.625,0.485,0.2,1.38,0.5845,0.302,0.401,9
M,0.65,0.515,0.185,1.3745,0.75,0.1805,0.369,12
F,0.505,0.4,0.125,0.583,0.246,0.13,0.175,7
M,0.33,0.215,0.075,0.1145,0.045,0.0265,0.035,6
I,0.49,0.385,0.115,0.683,0.3265,0.1615,0.165,13
M,0.62,0.495,0.195,1.5145,0.579,0.346,0.5195,15
M,0.655,0.58,0.205,2.0805,0.959,0.3415,0.601,17
F,0.585,0.475,0.185,0.8575,0.3465,0.1785,0.275,12
M,0.365,0.285,0.085,0.2205,0.0855,0.0515,0.07,9
F,0.515,0.39,0.13,0.5755,0.1975,0.13,0.1845,9
I,0.585,0.42,0.145,0.6735,0.2895,0.1345,0.22,9
F,0.575,0.475,0.16,0.895,0.3605,0.221,0.271,9
I,0.4,0.295,0.095,0.252,0.1105,0.0575,0.066,6
I,0.5,0.395,0.14,0.6215,0.2925,0.1205,0.195,9
M,0.49,0.465,0.125,0.5225,0.235,0.13,0.141,7
M,0.645,0.485,0.15,1.2215,0.5695,0.2735,0.33,9
I,0.33,0.225,0.075,0.187,0.0945,0.0395,0.0425,7
I,0.36,0.265,0.09,0.2055,0.096,0.037,0.0585,7
F,0.605,0.455,0.145,0.9775,0.468,0.1775,0.275,9
I,0.5,0.37,0.115,0.5745,0.306,0.112,0.141,7
I,0.585,0.47,0.17,0.985,0.3695,0.2395,0.315,10
M,0.65,0.5,0.155,1.202,0.565,0.3135,0.294,11
M,0.525,0.425,0.19,0.872,0.4625,0.1725,0.199,9
I,0.535,0.45,0.135,0.728,0.2845,0.1845,0.265,9
I,0.375,0.28,0.08,0.2345,0.1125,0.0455,0.067,6
M,0.625,0.47,0.15,1.124,0.556,0.2315,0.287,9
M,0.76,0.575,0.19,1.829,0.7035,0.386,0.56,14
M,0.455,0.365,0.095,0.514,0.2245,0.101,0.15,15
I,0.52,0.41,0.145,0.646,0.2965,0.1595,0.165,9
I,0.56,0.455,0.145,0.974,0.547,0.1615,0.235,9
M,0.67,0.525,0.195,1.4405,0.6595,0.2675,0.425,9
F,0.485,0.365,0.12,0.5885,0.27,0.131,0.175,9
M,0.485,0.365,0.155,1.029,0.4235,0.2285,0.313,8
I,0.32,0.215,0.095,0.305,0.14,0.067,0.0885,6
M,0.355,0.265,0.09,0.168,0.05,0.041,0.063,8
I,0.495,0.355,0.12,0.4965,0.214,0.1045,0.1495,8
F,0.525,0.41,0.15,0.708,0.274,0.151,0.25,12
M,0.615,0.475,0.155,1.0735,0.4375,0.2585,0.31,11
M,0.62,0.485,0.155,1.0295,0.425,0.2315,0.335,12
M,0.52,0.385,0.165,0.791,0.375,0.18,0.1815,10
F,0.48,0.37,0.13,0.5885,0.2475,0.1505,0.1595,15
M,0.32,0.24,0.08,0.18,0.08,0.0385,0.055,6
M,0.565,0.45,0.155,1.0595,0.4735,0.24,0.265,10
F,0.56,0.425,0.125,0.932,0.361,0.213,0.335,9
I,0.48,0.37,0.125,0.474,0.179,0.1035,0.175,9
M,0.63,0.47,0.145,1.1005,0.52,0.26,0.276,9
F,0.6,0.465,0.16,1.133,0.466,0.2885,0.298,11
F,0.525,0.41,0.135,0.7905,0.4065,0.198,0.177,8
F,0.59,0.465,0.15,1.151,0.613,0.239,0.2515,9
M,0.62,0.49,0.15,1.195,0.4605,0.302,0.355,9
F,0.575,0.47,0.165,0.869,0.435,0.197,0.238,9
F,0.605,0.485,0.165,1.0735,0.437,0.205,0.33,14
M,0.595,0.46,0.14,0.852,0.4215,0.2255,0.227,9
M,0.645,0.515,0.16,1.1845,0.506,0.311,0.335,9
I,0.38,0.28,0.085,0.2735,0.115,0.061,0.085,6
F,0.545,0.43,0.16,0.844,0.3945,0.1855,0.231,9
I,0.355,0.265,0.085,0.2435,0.122,0.0525,0.06,6
I,0.405,0.285,0.09,0.2645,0.1265,0.0505,0.075,6
F,0.59,0.455,0.155,1.066,0.382,0.2275,0.415,20
M,0.175,0.125,0.04,0.024,0.0095,0.006,0.005,4
I,0.44,0.345,0.115,0.545,0.269,0.111,0.1305,6
M,0.52,0.385,0.14,0.6595,0.2485,0.2035,0.16,9
I,0.435,0.355,0.125,0.4075,0.1535,0.074,0.165,9
I,0.43,0.34,0.12,0.3575,0.151,0.0645,0.1045,9
M,0.72,0.565,0.19,2.081,1.0815,0.4305,0.503,11
M,0.365,0.285,0.085,0.2205,0.0855,0.0515,0.07,9
I,0.51,0.4,0.15,0.745,0.2865,0.1675,0.235,13
I,0.36,0.27,0.085,0.196,0.0875,0.035,0.064,4
F,0.585,0.455,0.13,0.8755,0.411,0.2065,0.225,8
F,0.585,0.455,0.17,0.9945,0.4255,0.263,0.2845,11
M,0.42,0.34,0.115,0.4215,0.175,0.093,0.135,8
M,0.655,0.535,0.205,1.6445,0.7305,0.3595,0.46,13
F,0.47,0.375,0.12,0.6015,0.2765,0.1455,0.135,8
M,0.585,0.47,0.145,0.9565,0.4025,0.2365,0.265,9
F,0.635,0.51,0.185,1.286,0.526,0.295,0.4105,12
F,0.535,0.42,0.13,0.699,0.3125,0.1565,0.2035,8
F,0.56,0.46,0.18,0.97,0.342,0.196,0.355,12
F,0.59,0.455,0.145,1.063,0.5155,0.2445,0.25,8
I,0.33,0.255,0.095,0.172,0.066,0.0255,0.06,6
I,0.48,0.35,0.105,0.635,0.352,0.127,0.135,6
M,0.6,0.495,0.195,1.0575,0.384,0.19,0.375,26
I,0.49,0.38,0.12,0.529,0.2165,0.139,0.155,11
I,0.44,0.335,0.11,0.3885,0.175,0.0835,0.111,7
F,0.625,0.445,0.16,1.09,0.46,0.2965,0.304,11
M,0.535,0.42,0.145,0.791,0.33,0.189,0.25,10
F,0.59,0.475,0.16,1.1015,0.4775,0.2555,0.295,13
I,0.38,0.275,0.095,0.2505,0.0945,0.0655,0.075,6
M,0.6,0.465,0.18,1.193,0.5145,0.315,0.3055,8
I,0.505,0.425,0.125,0.6115,0.245,0.1375,0.2,9
F,0.71,0.545,0.175,1.907,0.8725,0.4565,0.475,11
M,0.555,0.435,0.14,0.7495,0.341,0.1645,0.214,8
F,0.565,0.45,0.16,0.795,0.3605,0.1555,0.23,12
I,0.435,0.335,0.105,0.3535,0.156,0.05,0.1135,7
F,0.615,0.485,0.16,1.1575,0.5005,0.2495,0.315,10
I,0.345,0.285,0.1,0.2225,0.0865,0.058,0.075,8
M,0.655,0.535,0.205,1.6445,0.7305,0.3595,0.46,13
M,0.415,0.31,0.09,0.3245,0.1305,0.0735,0.115,8
F,0.5,0.38,0.14,0.6355,0.277,0.143,0.1785,8
M,0.65,0.505,0.17,1.5595,0.695,0.3515,0.395,11
M,0.74,0.58,0.205,2.381,0.8155,0.4695,0.488,12
F,0.705,0.555,0.195,1.7525,0.7105,0.4215,0.516,12
I,0.555,0.395,0.13,0.5585,0.222,0.1245,0.17,9
F,0.625,0.475,0.13,0.8595,0.3195,0.1775,0.24,13
I,0.455,0.33,0.1,0.372,0.358,0.0775,0.11,8
I,0.32,0.23,0.06,0.129,0.0615,0.0275,0.0355,7
M,0.36,0.295,0.105,0.241,0.0865,0.053,0.095,8
M,0.625,0.485,0.16,1.2135,0.631,0.2235,0.302,9
F,0.57,0.45,0.15,0.9645,0.531,0.189,0.209,9
F,0.43,0.335,0.12,0.444,0.155,0.1145,0.14,13
I,0.565,0.435,0.155,0.782,0.2715,0.168,0.285,14
M,0.52,0.465,0.15,0.9505,0.456,0.199,0.255,8
M,0.475,0.375,0.12,0.563,0.2525,0.1205,0.185,10
F,0.58,0.425,0.155,0.873,0.3615,0.249,0.239,10
F,0.62,0.515,0.155,1.3255,0.6685,0.2605,0.335,12
M,0.65,0.525,0.175,1.5365,0.6865,0.3585,0.405,11
M,0.565,0.455,0.15,0.9795,0.444,0.205,0.275,8
F,0.605,0.49,0.15,1.1345,0.5265,0.2645,0.295,9
I,0.165,0.115,0.015,0.0145,0.0055,0.003,0.005,4
I,0.25,0.18,0.065,0.0805,0.0345,0.0185,0.0215,4
I,0.52,0.395,0.135,0.633,0.2985,0.1295,0.175,9
M,0.61,0.365,0.155,1.0765,0.488,0.249,0.27,9
I,0.485,0.38,0.125,0.5215,0.2215,0.118,0.16,8
F,0.5,0.4,0.145,0.63,0.234,0.1465,0.23,12
F,0.525,0.4,0.115,0.6295,0.2555,0.144,0.18,11
F,0.65,0.49,0.155,1.122,0.545,0.228,0.3055,9
M,0.63,0.5,0.185,1.362,0.5785,0.3125,0.384,10
F,0.635,0.485,0.165,1.2945,0.668,0.2605,0.2715,9
I,0.445,0.32,0.12,0.378,0.152,0.0825,0.12,8
F,0.425,0.33,0.115,0.406,0.1635,0.081,0.1355,8
F,0.575,0.46,0.145,0.9945,0.466,0.229,0.265,7
I,0.39,0.31,0.1,0.302,0.116,0.064,0.115,11
M,0.56,0.415,0.13,0.7615,0.3695,0.17,0.1955,8
F,0.65,0.545,0.175,1.5245,0.59,0.326,0.495,10
F,0.545,0.41,0.115,0.6765,0.29,0.158,0.22,9
F,0.675,0.525,0.17,1.8095,0.784,0.391,0.455,12
I,0.075,0.055,0.01,0.002,0.001,0.0005,0.0015,1
F,0.705,0.56,0.205,2.381,0.9915,0.5005,0.624,10
F,0.48,0.38,0.145,0.59,0.232,0.141,0.23,12
I,0.255,0.19,0.06,0.086,0.04,0.0185,0.025,5
M,0.635,0.525,0.185,1.4065,0.684,0.3,0.3745,10
I,0.36,0.27,0.085,0.196,0.0875,0.035,0.064,4
I,0.325,0.245,0.075,0.1495,0.0605,0.033,0.045,5
F,0.655,0.53,0.19,1.428,0.493,0.318,0.565,18
M,0.63,0.49,0.16,1.09,0.407,0.224,0.354,12
I,0.375,0.29,0.14,0.3,0.14,0.0625,0.0825,8
I,0.53,0.42,0.12,0.5965,0.2555,0.141,0.177,7
F,0.525,0.415,0.15,0.7155,0.2355,0.171,0.27,13
M,0.35,0.26,0.09,0.198,0.0725,0.056,0.06,10
I,0.55,0.42,0.115,0.668,0.2925,0.137,0.209,11
I,0.435,0.335,0.11,0.411,0.2025,0.0945,0.1,7
I,0.315,0.21,0.06,0.125,0.06,0.0375,0.035,5
F,0.545,0.42,0.175,0.754,0.256,0.1775,0.275,10
M,0.575,0.435,0.135,0.992,0.432,0.2225,0.239,10
F,0.475,0.35,0.115,0.452,0.1715,0.092,0.155,11
M,0.57,0.44,0.155,1.116,0.4775,0.2315,0.27,13
I,0.51,0.4,0.15,0.745,0.2865,0.1675,0.235,13
F,0.61,0.465,0.16,1.0725,0.4835,0.2515,0.28,10
I,0.36,0.28,0.09,0.2255,0.0885,0.04,0.09,8
F,0.685,0.565,0.175,1.638,0.7775,0.375,0.438,11
F,0.65,0.51,0.175,1.35,0.575,0.3155,0.3885,10
F,0.655,0.5,0.205,1.528,0.6215,0.3725,0.4535,11
M,0.585,0.45,0.15,1.047,0.4315,0.276,0.315,14
M,0.61,0.475,0.165,1.116,0.428,0.2205,0.315,15
M,0.62,0.465,0.145,0.911,0.375,0.2145,0.278,10
M,0.62,0.48,0.16,1.0765,0.412,0.253,0.3,13
I,0.39,0.29,0.09,0.2745,0.135,0.0455,0.078,8
F,0.645,0.5,0.18,1.2785,0.5345,0.2995,0.345,13
M,0.55,0.43,0.18,0.8265,0.4405,0.159,0.225,10
I,0.445,0.32,0.12,0.378,0.152,0.0825,0.12,8
F,0.395,0.315,0.105,0.3515,0.1185,0.091,0.1195,16
F,0.675,0.535,0.185,1.5575,0.7035,0.402,0.4,11
M,0.58,0.49,0.13,1.1335,0.586,0.2565,0.237,9
I,0.52,0.4,0.145,0.66,0.267,0.1055,0.22,13
I,0.59,0.445,0.135,0.7715,0.328,0.1745,0.23,9
M,0.63,0.515,0.165,1.352,0.488,0.349,0.45,20
F,0.575,0.475,0.16,0.895,0.3605,0.221,0.271,9
F,0.54,0.42,0.14,0.805,0.369,0.1725,0.21,11
M,0.6,0.455,0.17,1.1915,0.696,0.2395,0.24,8
M,0.575,0.47,0.185,0.985,0.3745,0.2175,0.355,10
M,0.5,0.38,0.155,0.66,0.2655,0.1365,0.215,19
F,0.585,0.455,0.17,0.9945,0.4255,0.263,0.2845,11
M,0.325,0.24,0.085,0.173,0.0795,0.038,0.05,7
I,0.235,0.13,0.075,0.1585,0.0685,0.037,0.0465,5
I,0.49,0.385,0.14,0.5425,0.198,0.127,0.175,11
I,0.44,0.335,0.115,0.4215,0.173,0.0765,0.113,7
F,0.58,0.435,0.15,0.834,0.428,0.1515,0.23,8
I,0.375,0.285,0.08,0.226,0.0975,0.04,0.0725,7
I,0.47,0.355,0.115,0.4155,0.167,0.084,0.139,7
M,0.465,0.36,0.08,0.488,0.191,0.125,0.155,11
F,0.655,0.5,0.205,1.528,0.6215,0.3725,0.4535,11
F,0.475,0.36,0.125,0.447,0.1695,0.081,0.14,9
F,0.695,0.56,0.185,1.7715,0.8195,0.331,0.437,10
F,0.615,0.5,0.205,1.1055,0.4445,0.227,0.39,16
I,0.54,0.415,0.135,0.709,0.3195,0.174,0.185,9
M,0.42,0.325,0.115,0.2885,0.1,0.057,0.1135,15
F,0.6,0.485,0.145,0.776,0.3545,0.1585,0.239,9
F,0.465,0.355,0.115,0.4705,0.1955,0.118,0.126,7
F,0.64,0.54,0.175,1.221,0.51,0.259,0.39,15
F,0.425,0.35,0.1,0.4425,0.175,0.0755,0.175,7
M,0.655,0.51,0.215,1.7835,0.8885,0.4095,0.4195,11
M,0.59,0.455,0.16,1.09,0.5,0.2215,0.292,9
M,0.58,0.46,0.15,1.049,0.5205,0.1935,0.305,10
F,0.4,0.335,0.115,0.4335,0.2105,0.1205,0.12,10
M,0.33,0.235,0.09,0.163,0.0615,0.034,0.055,10
I,0.215,0.17,0.055,0.0605,0.0205,0.014,0.02,6
I,0.305,0.22,0.07,0.141,0.062,0.031,0.037,5
M,0.625,0.495,0.185,1.3835,0.7105,0.3005,0.345,11
M,0.415,0.32,0.1,0.3005,0.1215,0.0575,0.104,11
I,0.44,0.305,0.115,0.379,0.162,0.091,0.11,9
I,0.405,0.305,0.105,0.3625,0.1565,0.0705,0.125,10
M,0.515,0.4,0.125,0.955,0.341,0.2535,0.26,13
M,0.61,0.48,0.15,1.2,0.56,0.2455,0.28,14
F,0.62,0.485,0.155,1.1945,0.5105,0.271,0.352,9
M,0.415,0.32,0.1,0.3005,0.1215,0.0575,0.104,11
M,0.525,0.4,0.13,0.622,0.2655,0.147,0.184,9
F,0.52,0.375,0.135,0.5375,0.221,0.117,0.17,8
I,0.255,0.185,0.06,0.088,0.0365,0.021,0.023,5
M,0.33,0.235,0.09,0.163,0.0615,0.034,0.055,10
M,0.325,0.24,0.075,0.155,0.0475,0.0355,0.06,9
F,0.605,0.485,0.165,0.9515,0.4535,0.193,0.2765,11
M,0.535,0.42,0.125,0.738,0.355,0.1895,0.1795,8
I,0.38,0.285,0.085,0.237,0.115,0.0405,0.07,6
I,0.43,0.32,0.1,0.3465,0.1635,0.08,0.09,7
M,0.395,0.305,0.105,0.282,0.0975,0.065,0.096,9
I,0.425,0.34,0.1,0.382,0.164,0.096,0.1,6
F,0.565,0.49,0.155,0.9245,0.405,0.2195,0.255,11
I,0.4,0.31,0.1,0.306,0.13,0.06,0.094,6
M,0.535,0.42,0.125,0.738,0.355,0.1895,0.1795,8
I,0.55,0.435,0.165,0.804,0.34,0.194,0.244,8
I,0.38,0.285,0.095,0.243,0.0895,0.0665,0.075,7
F,0.54,0.425,0.16,0.9455,0.3675,0.2005,0.295,9
M,0.405,0.31,0.1,0.385,0.173,0.0915,0.11,7
I,0.335,0.25,0.08,0.1695,0.0695,0.044,0.0495,6
M,0.495,0.4,0.12,0.6605,0.2605,0.161,0.19,15
M,0.515,0.39,0.155,0.7125,0.3695,0.137,0.155,7
M,0.645,0.485,0.15,1.2215,0.5695,0.2735,0.33,9
F,0.58,0.46,0.12,0.9935,0.4625,0.2385,0.28,11
I,0.46,0.345,0.105,0.449,0.196,0.0945,0.1265,7
I,0.455,0.335,0.135,0.501,0.274,0.0995,0.1065,7
I,0.4,0.31,0.1,0.127,0.106,0.071,0.085,7
F,0.73,0.575,0.185,1.8795,0.931,0.38,0.4825,12
M,0.625,0.49,0.165,1.1835,0.517,0.2375,0.39,11
I,0.375,0.28,0.08,0.2345,0.1125,0.0455,0.067,6
M,0.72,0.6,0.235,2.2385,0.984,0.411,0.621,12
F,0.535,0.425,0.135,0.771,0.3765,0.1815,0.1795,8
F,0.48,0.38,0.12,0.608,0.2705,0.1405,0.185,8
F,0.62,0.51,0.18,1.3315,0.594,0.276,0.388,11
F,0.585,0.46,0.17,1.0835,0.3745,0.326,0.325,14
M,0.57,0.445,0.16,1.0145,0.516,0.164,0.3,10
F,0.37,0.275,0.1,0.2225,0.093,0.026,0.08,8
F,0.655,0.51,0.16,1.092,0.396,0.2825,0.37,14
F,0.6,0.465,0.16,1.133,0.466,0.2885,0.298,11
I,0.265,0.205,0.07,0.1055,0.039,0.041,0.035,5
I,0.35,0.25,0.07,0.1605,0.0715,0.0335,0.046,6
F,0.605,0.495,0.19,1.437,0.469,0.2655,0.41,15
I,0.66,0.525,0.18,1.6935,0.6025,0.4005,0.42,15
F,0.525,0.42,0.16,0.756,0.2745,0.173,0.275,9
I,0.385,0.305,0.095,0.252,0.0915,0.055,0.09,14
M,0.575,0.445,0.14,0.737,0.325,0.1405,0.237,10
M,0.575,0.455,0.185,1.156,0.5525,0.243,0.295,13
I,0.525,0.41,0.175,0.874,0.3585,0.207,0.205,18
M,0.62,0.47,0.15,1.309,0.587,0.4405,0.325,9
F,0.73,0.555,0.18,1.6895,0.6555,0.1965,0.4935,10
M,0.515,0.42,0.14,0.769,0.2505,0.154,0.29,13
M,0.475,0.37,0.125,0.537,0.222,0.1215,0.15,9
I,0.25,0.18,0.065,0.0685,0.0245,0.0155,0.0225,5
M,0.66,0.535,0.19,1.5905,0.6425,0.297,0.5175,9
M,0.535,0.44,0.165,0.875,0.279,0.18,0.3,10
F,0.605,0.475,0.175,1.076,0.463,0.2195,0.335,9
F,0.635,0.485,0.165,1.2945,0.668,0.2605,0.2715,9
F,0.615,0.47,0.175,1.2985,0.5135,0.343,0.32,14
M,0.41,0.335,0.115,0.4405,0.19,0.085,0.135,8
F,0.55,0.47,0.15,0.9205,0.381,0.2435,0.2675,10
I,0.35,0.25,0.1,0.4015,0.1725,0.063,0.1255,7
M,0.58,0.45,0.175,1.068,0.425,0.203,0.32,13
F,0.6,0.505,0.19,1.129,0.4385,0.256,0.36,13
F,0.52,0.41,0.125,0.6985,0.2945,0.1625,0.215,10
F,0.525,0.43,0.135,0.8435,0.4325,0.18,0.1815,9
I,0.41,0.335,0.11,0.33,0.157,0.0705,0.17,7
I,0.36,0.265,0.075,0.1845,0.083,0.0365,0.055,7
M,0.41,0.325,0.12,0.3745,0.158,0.081,0.125,12
I,0.485,0.355,0.105,0.498,0.2175,0.096,0.1525,9
M,0.525,0.4,0.14,0.7325,0.334,0.1575,0.17,11
F,0.65,0.49,0.155,1.122,0.545,0.228,0.3055,9
I,0.315,0.24,0.07,0.137,0.0545,0.0315,0.04,8
I,0.515,0.36,0.125,0.4725,0.1815,0.125,0.138,9
I,0.28,0.215,0.08,0.132,0.072,0.022,0.033,5
I,0.57,0.44,0.13,0.7665,0.347,0.1785,0.202,10
F,0.585,0.485,0.15,1.079,0.4145,0.2115,0.356,11
M,0.535,0.435,0.155,0.8915,0.3415,0.177,0.25,13
M,0.57,0.45,0.14,0.795,0.3385,0.148,0.245,9
M,0.505,0.41,0.125,0.642,0.289,0.133,0.155,9
I,0.35,0.265,0.095,0.199,0.073,0.049,0.06,5
I,0.48,0.365,0.1,0.461,0.2205,0.0835,0.135,8
F,0.615,0.48,0.165,1.1615,0.513,0.301,0.305,10
F,0.59,0.465,0.15,0.997,0.392,0.246,0.34,12
F,0.575,0.47,0.155,1.116,0.509,0.238,0.34,10
M,0.525,0.405,0.16,0.792,0.316,0.1455,0.28,13
F,0.46,0.375,0.12,0.4605,0.1775,0.11,0.15,7
F,0.375,0.27,0.135,0.597,0.272,0.131,0.1675,7
I,0.44,0.345,0.115,0.545,0.269,0.111,0.1305,6
I,0.175,0.125,0.04,0.028,0.0095,0.008,0.009,4
M,0.49,0.395,0.135,0.5545,0.213,0.0925,0.215,14
I,0.56,0.445,0.15,0.8225,0.3685,0.187,0.236,10
F,0.66,0.525,0.18,1.5965,0.7765,0.397,0.3605,10
F,0.75,0.55,0.195,1.8325,0.83,0.366,0.44,11
I,0.21,0.15,0.045,0.04,0.0135,0.008,0.0105,4
M,0.55,0.45,0.175,1.0985,0.3765,0.215,0.4,14
I,0.495,0.375,0.12,0.589,0.3075,0.1215,0.1405,8
I,0.4,0.32,0.095,0.348,0.194,0.053,0.087,6
I,0.28,0.21,0.055,0.106,0.0415,0.0265,0.031,5
M,0.61,0.485,0.17,1.281,0.597,0.3035,0.33,9
M,0.51,0.4,0.13,0.6435,0.27,0.1665,0.205,12
I,0.5,0.38,0.155,0.6675,0.2745,0.156,0.18,12
M,0.21,0.15,0.05,0.0385,0.0155,0.0085,0.01,3
M,0.465,0.36,0.125,0.4365,0.169,0.1075,0.145,11
F,0.65,0.525,0.175,1.4225,0.61,0.2995,0.445,20
M,0.635,0.515,0.16,1.2075,0.5385,0.282,0.345,11
I,0.485,0.36,0.12,0.5155,0.2465,0.1025,0.147,8
M,0.63,0.49,0.155,1.2525,0.63,0.246,0.289,9
I,0.325,0.25,0.075,0.1585,0.075,0.0305,0.0455,6
I,0.5,0.39,0.12,0.5955,0.2455,0.147,0.173,8
M,0.62,0.465,0.19,1.3415,0.5705,0.3175,0.355,11
I,0.55,0.425,0.155,0.8725,0.412,0.187,0.2425,10
I,0.38,0.275,0.095,0.2425,0.106,0.0485,0.21,6
M,0.245,0.18,0.065,0.0635,0.0245,0.0135,0.02,4
F,0.345,0.255,0.1,0.197,0.071,0.051,0.06,9
F,0.525,0.41,0.15,0.708,0.274,0.151,0.25,12
M,0.55,0.45,0.175,1.0985,0.3765,0.215,0.4,14
F,0.65,0.525,0.19,1.385,0.8875,0.3095,0.405,11
M,0.63,0.485,0.16,1.243,0.623,0.275,0.3,10
M,0.47,0.375,0.12,0.5805,0.266,0.0935,0.169,8
I,0.41,0.3,0.1,0.282,0.1255,0.057,0.0875,7
I,0.465,0.37,0.115,0.534,0.261,0.098,0.143,7
M,0.5,0.41,0.15,0.662,0.2815,0.137,0.22,11
F,0.595,0.485,0.145,1.2515,0.5035,0.2925,0.33,14
M,0.52,0.39,0.12,0.6435,0.2885,0.157,0.161,7
F,0.6,0.47,0.15,0.922,0.363,0.194,0.305,10
M,0.62,0.485,0.155,1.049,0.462,0.231,0.25,10
F,0.69,0.54,0.185,1.5715,0.6935,0.318,0.47,15
I,0.3,0.22,0.065,0.1195,0.052,0.0155,0.035,5
I,0.215,0.15,0.055,0.041,0.015,0.009,0.0125,3
I,0.21,0.15,0.055,0.0455,0.02,0.0065,0.013,4
M,0.365,0.295,0.08,0.2555,0.097,0.043,0.1,7
I,0.385,0.3,0.1,0.2895,0.1215,0.063,0.09,7
M,0.625,0.48,0.16,1.1415,0.5795,0.2145,0.29,9
M,0.645,0.495,0.15,1.2095,0.603,0.2225,0.339,9
I,0.46,0.345,0.12,0.4155,0.198,0.0885,0.107,7
M,0.49,0.355,0.155,0.981,0.465,0.2015,0.2505,8
F,0.685,0.535,0.175,1.5845,0.7175,0.3775,0.4215,9
I,0.375,0.275,0.09,0.238,0.1075,0.0545,0.07,6
M,0.525,0.415,0.145,0.845,0.3525,0.1635,0.2875,8
M,0.5,0.39,0.125,0.5215,0.2485,0.117,0.131,6
F,0.625,0.48,0.2,1.3235,0.6075,0.3055,0.355,9
M,0.61,0.485,0.17,1.0225,0.419,0.2405,0.36,12
M,0.465,0.36,0.105,0.431,0.172,0.107,0.175,9
I,0.505,0.4,0.125,0.5605,0.2255,0.1435,0.17,8
M,0.61,0.475,0.155,0.983,0.4565,0.228,0.266,10
F,0.495,0.375,0.15,0.597,0.2615,0.135,0.178,11
F,0.53,0.44,0.135,0.7835,0.313,0.1715,0.2185,9
F,0.625,0.525,0.195,1.352,0.4505,0.2445,0.53,13
F,0.66,0.525,0.19,1.67,0.6525,0.4875,0.49,11
I,0.46,0.36,0.1,0.4635,0.2325,0.093,0.115,7
M,0.525,0.395,0.13,0.7635,0.3375,0.1425,0.225,8
I,0.56,0.435,0.13,0.777,0.354,0.173,0.222,9
I,0.335,0.26,0.085,0.192,0.097,0.03,0.054,6
M,0.5,0.355,0.14,0.528,0.2125,0.149,0.14,9
M,0.35,0.265,0.09,0.2255,0.0995,0.0485,0.07,7
M,0.45,0.36,0.16,0.567,0.174,0.1245,0.225,12
I,0.585,0.45,0.135,0.855,0.3795,0.187,0.26,9
I,0.49,0.385,0.115,0.683,0.3265,0.1615,0.165,13
I,0.465,0.37,0.12,0.4365,0.188,0.0815,0.147,9
M,0.37,0.29,0.09,0.241,0.11,0.045,0.069,10
M,0.56,0.45,0.155,0.9125,0.3595,0.271,0.35,10
M,0.565,0.45,0.16,0.895,0.415,0.195,0.246,9
M,0.55,0.425,0.155,0.9175,0.2775,0.243,0.335,13
F,0.595,0.465,0.15,1.0255,0.412,0.2745,0.289,11
M,0.575,0.45,0.155,0.9765,0.495,0.2145,0.235,9
I,0.425,0.34,0.1,0.382,0.164,0.096,0.1,6
M,0.63,0.515,0.155,1.259,0.4105,0.197,0.41,13
I,0.5,0.37,0.115,0.5745,0.306,0.112,0.141,7
I,0.51,0.385,0.15,0.625,0.3095,0.119,0.1725,8
M,0.175,0.125,0.04,0.024,0.0095,0.006,0.005,4
M,0.595,0.48,0.185,1.1785,0.526,0.2975,0.314,10
F,0.68,0.58,0.2,1.787,0.585,0.453,0.6,19
I,0.565,0.43,0.135,0.8545,0.321,0.1775,0.275,11
I,0.465,0.345,0.11,0.393,0.1825,0.0735,0.12,8
I,0.3,0.23,0.075,0.127,0.052,0.03,0.0345,6
F,0.65,0.475,0.165,1.3875,0.58,0.3485,0.3095,9
F,0.575,0.475,0.16,0.895,0.3605,0.221,0.271,9
I,0.445,0.32,0.12,0.378,0.152,0.0825,0.12,8
F,0.45,0.345,0.115,0.496,0.1905,0.117,0.14,12
F,0.68,0.52,0.185,1.494,0.615,0.3935,0.406,11
I,0.265,0.21,0.06,0.0965,0.0425,0.022,0.03,5
M,0.69,0.515,0.18,1.8445,0.9815,0.4655,0.341,13
M,0.31,0.225,0.08,0.1345,0.054,0.024,0.05,7
F,0.5,0.385,0.105,0.498,0.1795,0.1095,0.17,17
M,0.57,0.48,0.18,0.9395,0.399,0.2,0.295,14
I,0.15,0.1,0.025,0.015,0.0045,0.004,0.005,2
F,0.46,0.35,0.115,0.46,0.2025,0.1115,0.1165,6
I,0.41,0.325,0.105,0.361,0.1605,0.0665,0.103,8
F,0.46,0.36,0.115,0.4755,0.2105,0.105,0.16,8
F,0.625,0.515,0.16,1.264,0.5715,0.326,0.321,9
M,0.445,0.35,0.115,0.3615,0.1565,0.0695,0.117,8
M,0.515,0.405,0.145,0.695,0.215,0.1635,0.234,15
I,0.34,0.25,0.075,0.1765,0.0785,0.0405,0.05,7
I,0.53,0.42,0.13,0.658,0.296,0.1245,0.198,8
F,0.68,0.56,0.165,1.639,0.6055,0.2805,0.46,15
I,0.475,0.355,0.1,0.5035,0.2535,0.091,0.14,8
M,0.56,0.44,0.16,0.8645,0.3305,0.2075,0.26,10
I,0.24,0.175,0.065,0.0665,0.031,0.0135,0.017,3
F,0.55,0.425,0.135,0.8515,0.362,0.196,0.27,14
I,0.45,0.33,0.11,0.3685,0.16,0.0885,0.102,6
F,0.615,0.525,0.155,1.0385,0.427,0.2315,0.345,11
F,0.46,0.375,0.12,0.4915,0.2205,0.088,0.17,7
M,0.575,0.465,0.12,1.0535,0.516,0.2185,0.235,9
M,0.75,0.595,0.205,2.2205,1.083,0.421,0.63,12
I,0.36,0.275,0.11,0.2335,0.095,0.0525,0.085,10
M,0.27,0.195,0.08,0.1,0.0385,0.0195,0.03,6
I,0.375,0.285,0.1,0.239,0.105,0.0555,0.07,8
F,0.715,0.585,0.23,2.0725,0.8655,0.4095,0.565,10
F,0.48,0.38,0.145,0.59,0.232,0.141,0.23,12
F,0.575,0.445,0.135,0.883,0.381,0.2035,0.26,11
F,0.515,0.435,0.17,0.631,0.2765,0.111,0.216,12
F,0.38,0.305,0.105,0.281,0.1045,0.0615,0.09,12
M,0.575,0.455,0.135,0.907,0.4245,0.197,0.26,9
M,0.585,0.45,0.15,1.047,0.4315,0.276,0.315,14
F,0.595,0.495,0.235,1.366,0.5065,0.219,0.52,13
I,0.21,0.17,0.045,0.0475,0.019,0.011,0.013,5
I,0.315,0.235,0.055,0.151,0.065,0.027,0.039,6
F,0.565,0.45,0.165,0.887,0.37,0.239,0.249,11
I,0.245,0.205,0.06,0.0765,0.034,0.014,0.0215,4
M,0.6,0.495,0.195,1.0575,0.384,0.19,0.375,26
I,0.27,0.205,0.075,0.118,0.059,0.031,0.0305,4
F,0.4,0.3,0.115,0.3025,0.1335,0.0465,0.0935,8
F,0.71,0.565,0.195,1.817,0.785,0.492,0.49,11
F,0.535,0.41,0.13,0.7145,0.335,0.144,0.2075,9
I,0.455,0.375,0.125,0.533,0.233,0.106,0.185,8
F,0.375,0.27,0.135,0.597,0.272,0.131,0.1675,7
I,0.29,0.21,0.07,0.1115,0.048,0.0205,0.03,5
F,0.305,0.23,0.08,0.156,0.0675,0.0345,0.048,7
I,0.525,0.38,0.135,0.615,0.261,0.159,0.175,8
M,0.525,0.365,0.17,0.9605,0.438,0.2225,0.276,10
M,0.685,0.52,0.15,1.343,0.4635,0.292,0.4,13
F,0.49,0.4,0.145,0.6635,0.21,0.1295,0.2515,13
I,0.355,0.27,0.075,0.204,0.3045,0.046,0.0595,7
M,0.63,0.465,0.15,1.027,0.537,0.188,0.176,8
M,0.625,0.48,0.18,1.223,0.565,0.2975,0.3375,10
F,0.5,0.385,0.13,0.768,0.2625,0.095,0.27,13
I,0.31,0.225,0.075,0.155,0.065,0.037,0.0365,6
F,0.73,0.555,0.18,1.6895,0.6555,0.1965,0.4935,10
M,0.625,0.455,0.17,1.082,0.4955,0.2345,0.315,9
F,0.565,0.45,0.175,1.2365,0.5305,0.2455,0.308,10
F,0.465,0.375,0.135,0.6,0.2225,0.129,0.23,16
F,0.575,0.46,0.165,1.124,0.2985,0.1785,0.44,13
I,0.62,0.47,0.14,0.8565,0.3595,0.16,0.295,9
F,0.7,0.545,0.13,1.556,0.6725,0.374,0.195,12
I,0.52,0.4,0.145,0.66,0.267,0.1055,0.22,13
F,0.57,0.435,0.14,0.8585,0.3905,0.196,0.2295,8
F,0.38,0.305,0.105,0.281,0.1045,0.0615,0.09,12
I,0.44,0.35,0.135,0.435,0.1815,0.083,0.125,12
M,0.645,0.51,0.16,1.33,0.6665,0.309,0.317,9
M,0.55,0.41,0.13,0.8705,0.4455,0.2115,0.213,9
F,0.65,0.505,0.175,1.2075,0.5105,0.262,0.39,10
I,0.46,0.35,0.1,0.471,0.252,0.077,0.123,8
M,0.65,0.52,0.195,1.676,0.693,0.44,0.47,15
I,0.44,0.365,0.115,0.501,0.2435,0.084,0.1465,9
I,0.385,0.28,0.085,0.2175,0.097,0.038,0.067,8
F,0.51,0.4,0.125,0.545,0.261,0.115,0.1385,6
M,0.64,0.505,0.155,1.4025,0.705,0.2655,0.335,10
F,0.71,0.57,0.195,1.9805,0.9925,0.4925,0.48,12
F,0.61,0.47,0.165,1.1785,0.566,0.2785,0.294,11
F,0.45,0.36,0.125,0.5065,0.222,0.105,0.16,10
M,0.615,0.47,0.175,1.242,0.5675,0.287,0.317,11
F,0.67,0.53,0.205,1.4015,0.643,0.2465,0.416,12
F,0.675,0.55,0.19,1.551,0.7105,0.3685,0.412,13
I,0.28,0.21,0.055,0.106,0.0415,0.0265,0.031,5
F,0.665,0.525,0.21,1.644,0.818,0.3395,0.4275,10
M,0.695,0.55,0.22,1.5515,0.566,0.3835,0.445,13
M,0.47,0.37,0.13,0.5225,0.201,0.133,0.165,7
M,0.675,0.52,0.145,1.3645,0.557,0.3405,0.385,11
F,0.505,0.38,0.135,0.6855,0.361,0.1565,0.161,9
M,0.18,0.125,0.05,0.023,0.0085,0.0055,0.01,3
M,0.49,0.465,0.125,0.5225,0.235,0.13,0.141,7
M,0.62,0.49,0.19,1.218,0.5455,0.2965,0.355,13
F,0.53,0.385,0.125,0.6695,0.289,0.151,0.18,10
I,0.385,0.265,0.08,0.251,0.124,0.037,0.07,6
F,0.56,0.455,0.19,0.714,0.283,0.129,0.275,9
F,0.49,0.36,0.11,0.5005,0.161,0.107,0.195,17
M,0.55,0.45,0.155,0.7895,0.343,0.159,0.25,12
I,0.53,0.42,0.13,0.8365,0.3745,0.167,0.249,11
I,0.425,0.315,0.095,0.3675,0.1865,0.0675,0.0985,7
I,0.585,0.47,0.17,0.985,0.3695,0.2395,0.315,10
M,0.635,0.515,0.16,1.2075,0.5385,0.282,0.345,11
M,0.455,0.345,0.15,0.5795,0.1685,0.125,0.215,13
I,0.49,0.375,0.115,0.4615,0.204,0.0945,0.143,8
M,0.46,0.35,0.125,0.5165,0.1885,0.1145,0.185,9
F,0.615,0.495,0.165,1.198,0.5415,0.2865,0.3185,10
M,0.65,0.525,0.19,1.4995,0.6265,0.4005,0.395,14
M,0.645,0.51,0.155,1.539,0.6405,0.3585,0.43,11
I,0.68,0.53,0.185,1.1095,0.439,0.245,0.34,10
M,0.575,0.455,0.185,1.156,0.5525,0.243,0.295,13
M,0.7,0.53,0.19,1.3185,0.548,0.233,0.42,18
M,0.41,0.325,0.1,0.3555,0.146,0.072,0.105,9
F,0.635,0.52,0.165,1.3405,0.5065,0.296,0.412,11
M,0.63,0.5,0.185,1.362,0.5785,0.3125,0.384,10
F,0.465,0.35,0.11,0.4085,0.165,0.102,0.131,8
M,0.585,0.465,0.16,0.9555,0.4595,0.236,0.265,7
F,0.64,0.51,0.2,1.3905,0.61,0.3315,0.41,12
I,0.52,0.395,0.115,0.6445,0.3155,0.1245,0.186,11
M,0.655,0.54,0.165,1.403,0.6955,0.2385,0.42,11
F,0.625,0.49,0.145,0.92,0.437,0.1735,0.28,10
F,0.595,0.47,0.165,1.0155,0.491,0.1905,0.289,9
F,0.505,0.41,0.15,0.6345,0.243,0.1335,0.215,17
I,0.315,0.24,0.07,0.137,0.0545,0.0315,0.04,8
F,0.525,0.425,0.14,0.8735,0.4205,0.182,0.2225,10
I,0.55,0.425,0.135,0.656,0.257,0.17,0.203,10
F,0.545,0.445,0.175,0.8525,0.3465,0.189,0.295,13
M,0.525,0.4,0.13,0.8295,0.2405,0.1825,0.275,11
I,0.47,0.355,0.12,0.4915,0.1765,0.1125,0.1325,9
I,0.44,0.335,0.115,0.4215,0.173,0.0765,0.113,7
I,0.395,0.27,0.1,0.2985,0.1445,0.061,0.082,5
I,0.56,0.44,0.165,0.8,0.335,0.1735,0.25,12
I,0.52,0.415,0.14,0.6385,0.2945,0.1405,0.171,8
F,0.515,0.375,0.11,0.6065,0.3005,0.131,0.15,6
I,0.475,0.36,0.11,0.4555,0.177,0.0965,0.145,9
F,0.555,0.44,0.145,0.8815,0.43,0.1975,0.2155,8
M,0.51,0.4,0.13,0.6435,0.27,0.1665,0.205,12
M,0.35,0.265,0.09,0.1775,0.0575,0.042,0.068,12
I,0.29,0.21,0.065,0.097,0.0375,0.022,0.03,6
M,0.5,0.42,0.135,0.6765,0.302,0.1415,0.2065,9
F,0.55,0.415,0.135,0.775,0.302,0.179,0.26,23
M,0.59,0.465,0.135,0.9895,0.4235,0.199,0.28,8
F,0.575,0.48,0.165,1.078,0.511,0.2095,0.306,9
I,0.665,0.5,0.17,1.2975,0.6035,0.291,0.3595,9
M,0.49,0.385,0.125,0.609,0.3065,0.096,0.1775,8
M,0.605,0.475,0.175,1.201,0.5395,0.275,0.309,10
F,0.675,0.535,0.185,1.5575,0.7035,0.402,0.4,11
M,0.645,0.515,0.175,1.6115,0.6745,0.384,0.385,14
I,0.475,0.38,0.12,0.441,0.1785,0.0885,0.1505,8
I,0.44,0.345,0.12,0.487,0.1965,0.108,0.16,14
M,0.545,0.43,0.155,0.8035,0.409,0.144,0.228,7
F,0.47,0.365,0.12,0.582,0.29,0.092,0.146,8
I,0.51,0.385,0.145,0.7665,0.3985,0.14,0.1805,8
F,0.575,0.45,0.12,0.9585,0.447,0.169,0.275,12
F,0.56,0.455,0.19,0.714,0.283,0.129,0.275,9
M,0.415,0.315,0.125,0.388,0.068,0.09,0.125,12
F,0.505,0.41,0.15,0.6345,0.243,0.1335,0.215,17
M,0.45,0.355,0.12,0.3955,0.147,0.0765,0.145,9
F,0.615,0.475,0.17,1.1025,0.4695,0.2355,0.345,14
M,0.595,0.48,0.185,1.1785,0.526,0.2975,0.314,10
M,0.695,0.515,0.175,1.5165,0.578,0.4105,0.39,15
I,0.61,0.425,0.155,1.0485,0.507,0.1955,0.274,11
M,0.575,0.44,0.16,0.9615,0.483,0.166,0.275,13
I,0.35,0.26,0.09,0.1765,0.072,0.0355,0.0575,7
M,0.58,0.45,0.16,0.8675,0.3935,0.221,0.215,9
M,0.345,0.27,0.095,0.197,0.0665,0.05,0.07,9
M,0.37,0.28,0.1,0.252,0.1065,0.0595,0.074,8
M,0.485,0.39,0.135,0.617,0.25,0.1345,0.1635,8
F,0.6,0.465,0.15,1.1025,0.5455,0.262,0.25,8
M,0.665,0.54,0.175,1.347,0.4955,0.254,0.415,17
M,0.59,0.44,0.135,0.966,0.439,0.2145,0.2605,10
I,0.53,0.43,0.14,0.677,0.298,0.0965,0.23,8
M,0.615,0.48,0.175,1.118,0.446,0.3195,0.3,9
M,0.63,0.48,0.145,1.0115,0.4235,0.237,0.305,12
M,0.59,0.47,0.18,1.187,0.5985,0.227,0.31,9
M,0.53,0.435,0.155,0.699,0.288,0.1595,0.205,10
I,0.49,0.39,0.12,0.511,0.2205,0.103,0.1745,9
M,0.645,0.51,0.165,1.403,0.5755,0.2515,0.4545,11
F,0.53,0.42,0.135,0.677,0.2565,0.1415,0.21,9
M,0.48,0.365,0.12,0.6015,0.312,0.117,0.14,7
F,0.64,0.52,0.175,1.248,0.4245,0.2595,0.48,12
M,0.72,0.58,0.19,2.0885,0.9955,0.478,0.5305,13
M,0.63,0.505,0.225,1.525,0.56,0.3335,0.45,15
I,0.315,0.23,0.09,0.1285,0.043,0.04,0.04,7
M,0.635,0.49,0.175,1.375,0.623,0.2705,0.395,11
F,0.62,0.465,0.14,1.011,0.479,0.2385,0.255,8
M,0.63,0.465,0.15,1.027,0.537,0.188,0.176,8
I,0.56,0.425,0.135,0.8205,0.3715,0.185,0.236,9
F,0.52,0.415,0.145,0.8045,0.3325,0.1725,0.285,10
M,0.585,0.455,0.225,1.055,0.3815,0.221,0.365,15
F,0.47,0.35,0.145,0.5175,0.187,0.1235,0.18,11
I,0.59,0.475,0.145,0.9745,0.4675,0.207,0.259,10
M,0.59,0.5,0.2,1.187,0.412,0.2705,0.37,16
I,0.62,0.485,0.18,1.154,0.4935,0.256,0.315,12
M,0.47,0.37,0.135,0.547,0.222,0.1325,0.17,12
F,0.78,0.63,0.215,2.657,1.488,0.4985,0.586,11
M,0.61,0.48,0.15,1.1495,0.564,0.274,0.264,8
M,0.56,0.42,0.195,0.8085,0.3025,0.1795,0.285,14
M,0.65,0.52,0.17,1.3655,0.6155,0.2885,0.36,11
I,0.34,0.26,0.08,0.2,0.08,0.0555,0.055,6
M,0.515,0.425,0.145,0.9365,0.497,0.181,0.2185,8
I,0.42,0.32,0.115,0.409,0.2055,0.0935,0.105,8
M,0.605,0.445,0.14,0.982,0.4295,0.2085,0.295,12
M,0.385,0.285,0.105,0.2905,0.1215,0.0685,0.0875,12
I,0.41,0.33,0.105,0.335,0.1525,0.074,0.11,7
F,0.6,0.48,0.17,1.056,0.4575,0.2435,0.3135,10
I,0.54,0.42,0.14,0.6275,0.2505,0.1175,0.235,9
F,0.7,0.56,0.175,1.6605,0.8605,0.3275,0.398,11
F,0.735,0.6,0.22,2.555,1.1335,0.44,0.6,11
I,0.59,0.46,0.145,0.9015,0.419,0.1785,0.26,11
F,0.65,0.51,0.17,1.567,0.7245,0.349,0.391,10
F,0.585,0.485,0.15,1.079,0.4145,0.2115,0.356,11
F,0.515,0.42,0.135,0.6295,0.2815,0.127,0.215,9
M,0.62,0.485,0.165,1.1325,0.5235,0.2505,0.2825,9
F,0.63,0.5,0.18,1.1965,0.514,0.2325,0.3995,8
I,0.525,0.43,0.15,0.7365,0.3225,0.161,0.215,11
M,0.68,0.53,0.18,1.529,0.7635,0.3115,0.4025,11
F,0.625,0.52,0.18,1.354,0.4845,0.351,0.375,11
F,0.535,0.415,0.17,0.879,0.295,0.1965,0.285,10
I,0.24,0.185,0.07,0.0715,0.026,0.018,0.025,6
F,0.605,0.495,0.17,1.0915,0.4365,0.2715,0.335,13
M,0.615,0.475,0.17,1.1825,0.474,0.2895,0.24,11
I,0.41,0.33,0.105,0.335,0.1525,0.074,0.11,7
M,0.63,0.515,0.175,1.1955,0.492,0.247,0.37,11
M,0.57,0.465,0.125,0.849,0.3785,0.1765,0.24,15
M,0.5,0.375,0.13,0.721,0.3055,0.1725,0.22,14
M,0.625,0.475,0.16,1.0845,0.5005,0.2355,0.3105,10
F,0.705,0.55,0.2,1.7095,0.633,0.4115,0.49,13
M,0.72,0.565,0.2,1.787,0.718,0.385,0.529,11
M,0.605,0.5,0.175,1.098,0.4765,0.232,0.375,12
I,0.415,0.325,0.1,0.313,0.139,0.0625,0.0965,7
M,0.735,0.57,0.175,1.88,0.9095,0.387,0.488,11
M,0.635,0.52,0.175,1.292,0.6,0.269,0.367,11
M,0.625,0.49,0.12,0.8765,0.456,0.18,0.233,10
F,0.44,0.34,0.13,0.4195,0.153,0.1155,0.13,10
I,0.53,0.43,0.135,0.6255,0.245,0.1455,0.2135,10
I,0.475,0.36,0.11,0.452,0.191,0.099,0.13,8
M,0.495,0.39,0.15,0.853,0.3285,0.189,0.27,14
I,0.46,0.345,0.115,0.4215,0.1895,0.102,0.111,6
M,0.57,0.44,0.095,0.827,0.3395,0.2215,0.235,8
F,0.53,0.395,0.115,0.5685,0.249,0.1375,0.161,9
I,0.335,0.245,0.09,0.1665,0.0595,0.04,0.06,6
M,0.35,0.26,0.09,0.198,0.0725,0.056,0.06,10
F,0.635,0.505,0.145,1.1345,0.505,0.2655,0.315,10
F,0.71,0.545,0.175,1.907,0.8725,0.4565,0.475,11
I,0.35,0.28,0.075,0.196,0.082,0.04,0.064,8
F,0.615,0.465,0.15,0.923,0.4615,0.1825,0.2415,9
I,0.725,0.55,0.22,2.0495,0.7735,0.4405,0.655,10
F,0.615,0.46,0.15,1.0265,0.4935,0.201,0.2745,10
F,0.62,0.51,0.205,1.3475,0.4775,0.2565,0.48,14
M,0.615,0.475,0.19,1.4335,0.7315,0.305,0.3285,9
M,0.665,0.535,0.155,1.383,0.596,0.2565,0.485,14
I,0.325,0.24,0.075,0.187,0.0825,0.0445,0.05,6
M,0.37,0.28,0.105,0.224,0.0815,0.0575,0.075,8
M,0.69,0.515,0.18,1.8445,0.9815,0.4655,0.341,13
F,0.57,0.455,0.15,1.107,0.54,0.255,0.27,8
I,0.47,0.355,0.145,0.4485,0.156,0.102,0.123,7
M,0.65,0.495,0.16,1.304,0.57,0.312,0.3725,9
I,0.59,0.445,0.135,0.7715,0.328,0.1745,0.23,9
F,0.75,0.55,0.195,1.8325,0.83,0.366,0.44,11
F,0.52,0.425,0.165,0.9885,0.396,0.225,0.32,16
I,0.285,0.215,0.07,0.1075,0.051,0.0225,0.027,6
I,0.48,0.335,0.125,0.524,0.246,0.1095,0.145,7
M,0.575,0.445,0.14,0.737,0.325,0.1405,0.237,10
I,0.39,0.31,0.1,0.302,0.116,0.064,0.115,11
F,0.61,0.48,0.19,1.2955,0.5215,0.3225,0.365,12
M,0.65,0.495,0.18,1.793,0.8005,0.339,0.53,14
I,0.43,0.34,0.105,0.4405,0.2385,0.0745,0.1075,6
I,0.375,0.28,0.08,0.2025,0.0825,0.048,0.065,8
M,0.45,0.32,0.1,0.381,0.1705,0.075,0.115,9
M,0.655,0.53,0.195,1.388,0.567,0.2735,0.41,13
F,0.525,0.43,0.135,0.8435,0.4325,0.18,0.1815,9
M,0.565,0.465,0.175,0.995,0.3895,0.183,0.37,15
F,0.695,0.55,0.185,1.679,0.805,0.4015,0.3965,10
M,0.36,0.27,0.09,0.2225,0.083,0.053,0.075,6
I,0.57,0.445,0.155,0.867,0.3705,0.1705,0.28,9
F,0.36,0.265,0.09,0.2165,0.096,0.037,0.0735,10
I,0.46,0.37,0.11,0.3965,0.1485,0.0855,0.1455,8
M,0.45,0.355,0.115,0.479,0.2125,0.1045,0.15,8
M,0.4,0.315,0.105,0.287,0.1135,0.037,0.113,10
F,0.66,0.5,0.155,1.3765,0.6485,0.288,0.335,12
M,0.345,0.255,0.08,0.169,0.06,0.0425,0.054,10
I,0.585,0.45,0.15,0.8915,0.3975,0.2035,0.253,8
M,0.575,0.445,0.145,0.876,0.3795,0.1615,0.27,10
I,0.34,0.25,0.07,0.2225,0.104,0.0425,0.055,7
F,0.6,0.505,0.19,1.129,0.4385,0.256,0.36,13
M,0.595,0.47,0.165,1.108,0.4915,0.2325,0.3345,9
I,0.385,0.29,0.095,0.312,0.143,0.0635,0.086,6
M,0.615,0.525,0.155,1.1375,0.367,0.236,0.37,20
I,0.37,0.28,0.085,0.198,0.0805,0.0455,0.058,5
F,0.63,0.485,0.17,1.3205,0.5945,0.345,0.345,9
M,0.535,0.41,0.15,0.8105,0.345,0.187,0.24,11
F,0.515,0.435,0.17,0.631,0.2765,0.111,0.216,12
F,0.45,0.335,0.105,0.425,0.1865,0.091,0.115,9
F,0.645,0.51,0.18,1.6195,0.7815,0.322,0.4675,12
M,0.575,0.46,0.155,0.892,0.4415,0.176,0.22,10
I,0.565,0.435,0.155,0.782,0.2715,0.168,0.285,14
I,0.485,0.38,0.12,0.4725,0.2075,0.1075,0.147,6
I,0.31,0.24,0.105,0.2885,0.118,0.065,0.083,6
I,0.47,0.345,0.12,0.3685,0.1525,0.0615,0.125,8
I,0.4,0.315,0.1,0.3225,0.143,0.0735,0.091,6
M,0.665,0.535,0.225,2.1835,0.7535,0.391,0.885,27
M,0.56,0.45,0.175,1.011,0.3835,0.2065,0.37,15
F,0.55,0.43,0.155,0.785,0.289,0.227,0.233,11
M,0.52,0.4,0.165,0.8565,0.2745,0.201,0.21,12
F,0.6,0.47,0.135,0.97,0.4655,0.1955,0.264,11
F,0.54,0.475,0.155,1.217,0.5305,0.3075,0.34,16
I,0.385,0.285,0.09,0.248,0.0935,0.066,0.07,6
F,0.49,0.385,0.125,0.5395,0.2175,0.128,0.165,11
I,0.61,0.49,0.16,1.1545,0.5865,0.2385,0.2915,11
F,0.695,0.55,0.185,1.679,0.805,0.4015,0.3965,10
M,0.65,0.485,0.14,1.175,0.475,0.2435,0.215,8
M,0.535,0.415,0.135,0.78,0.3165,0.169,0.2365,8
I,0.475,0.36,0.11,0.452,0.191,0.099,0.13,8
F,0.815,0.65,0.25,2.255,0.8905,0.42,0.7975,14
I,0.475,0.36,0.11,0.452,0.191,0.099,0.13,8
I,0.23,0.18,0.05,0.064,0.0215,0.0135,0.02,5
F,0.72,0.55,0.18,1.52,0.637,0.325,0.435,10
M,0.735,0.57,0.175,1.88,0.9095,0.387,0.488,11
F,0.575,0.435,0.15,1.0305,0.4605,0.218,0.36,8
F,0.69,0.525,0.19,1.492,0.6425,0.3905,0.42,12
M,0.57,0.44,0.095,0.827,0.3395,0.2215,0.235,8
F,0.62,0.485,0.22,1.511,0.5095,0.284,0.51,17
I,0.47,0.345,0.12,0.3685,0.1525,0.0615,0.125,8
F,0.575,0.47,0.155,1.116,0.509,0.238,0.34,10
M,0.675,0.525,0.175,1.402,0.483,0.3205,0.465,16
I,0.495,0.38,0.145,0.5,0.205,0.148,0.1505,8
I,0.565,0.42,0.155,0.743,0.31,0.186,0.231,9
I,0.55,0.435,0.165,0.804,0.34,0.194,0.244,8
M,0.67,0.54,0.195,1.217,0.532,0.2735,0.3315,11
M,0.495,0.39,0.15,0.853,0.3285,0.189,0.27,14
M,0.625,0.47,0.175,1.179,0.605,0.258,0.271,9
F,0.59,0.44,0.14,1.007,0.4775,0.2105,0.2925,9
I,0.345,0.275,0.095,0.1995,0.0755,0.0535,0.07,6
F,0.595,0.485,0.145,1.2515,0.5035,0.2925,0.33,14
M,0.7,0.535,0.16,1.7255,0.63,0.2635,0.54,19
M,0.58,0.44,0.15,1.0465,0.518,0.2185,0.2795,10
M,0.495,0.4,0.155,0.8085,0.2345,0.1155,0.35,6
I,0.45,0.335,0.105,0.362,0.1575,0.0795,0.1095,7
F,0.64,0.52,0.175,1.248,0.4245,0.2595,0.48,12
I,0.44,0.33,0.11,0.3705,0.1545,0.084,0.12,7
F,0.645,0.5,0.225,1.626,0.587,0.4055,0.41,15
M,0.575,0.44,0.16,0.9615,0.483,0.166,0.275,13
F,0.585,0.46,0.17,1.0835,0.3745,0.326,0.325,14
I,0.53,0.415,0.11,0.5745,0.2525,0.1235,0.189,9
I,0.29,0.225,0.07,0.101,0.036,0.0235,0.035,8
M,0.35,0.26,0.09,0.198,0.0725,0.056,0.06,10
M,0.63,0.48,0.165,1.286,0.604,0.271,0.35,8
F,0.6,0.47,0.2,1.031,0.392,0.2035,0.29,15
M,0.575,0.475,0.145,0.857,0.3665,0.173,0.269,9
I,0.235,0.175,0.065,0.0615,0.0205,0.02,0.019,6
I,0.585,0.45,0.15,0.8915,0.3975,0.2035,0.253,8
I,0.41,0.315,0.1,0.3,0.124,0.0575,0.1,8
I,0.555,0.43,0.15,0.783,0.345,0.1755,0.247,9
M,0.47,0.35,0.1,0.4775,0.1885,0.0885,0.175,8
I,0.54,0.43,0.17,0.836,0.3725,0.1815,0.24,9
M,0.595,0.47,0.165,1.108,0.4915,0.2325,0.3345,9
I,0.28,0.2,0.075,0.1225,0.0545,0.0115,0.035,5
M,0.5,0.38,0.125,0.577,0.269,0.1265,0.1535,9
I,0.435,0.34,0.115,0.3925,0.1825,0.078,0.1145,6
I,0.4,0.315,0.1,0.3225,0.143,0.0735,0.091,6
F,0.75,0.61,0.235,2.5085,1.232,0.519,0.612,14
I,0.255,0.19,0.07,0.0815,0.028,0.016,0.031,5
M,0.75,0.595,0.205,2.2205,1.083,0.421,0.63,12
I,0.525,0.39,0.12,0.664,0.3115,0.147,0.178,9
M,0.425,0.33,0.08,0.361,0.134,0.0825,0.125,7
F,0.485,0.375,0.145,0.5885,0.2385,0.1155,0.19,13
F,0.575,0.46,0.165,0.9575,0.4815,0.1945,0.236,10
F,0.44,0.355,0.115,0.415,0.1585,0.0925,0.131,11
I,0.34,0.26,0.09,0.179,0.076,0.0525,0.055,6
F,0.62,0.48,0.23,1.0935,0.403,0.245,0.355,14
M,0.71,0.555,0.175,2.14,1.2455,0.3725,0.434,11
M,0.58,0.43,0.13,0.798,0.365,0.173,0.2285,10
I,0.24,0.185,0.06,0.0655,0.0295,0.0005,0.02,4
F,0.64,0.515,0.165,1.3115,0.4945,0.2555,0.41,10
F,0.505,0.405,0.18,0.606,0.239,0.1235,0.18,11
M,0.615,0.48,0.19,1.36,0.5305,0.2375,0.47,18
I,0.44,0.34,0.12,0.4995,0.2965,0.0945,0.1185,6
F,0.45,0.36,0.125,0.5065,0.222,0.105,0.16,10
I,0.505,0.405,0.13,0.599,0.2245,0.1175,0.225,11
M,0.56,0.455,0.155,0.797,0.34,0.19,0.2425,11
M,0.61,0.46,0.16,1.0,0.494,0.197,0.275,10
I,0.515,0.4,0.135,0.636,0.3055,0.1215,0.1855,9
M,0.6,0.475,0.19,1.0875,0.403,0.2655,0.325,14
I,0.35,0.27,0.075,0.215,0.1,0.036,0.065,6
M,0.58,0.45,0.155,0.8275,0.321,0.1975,0.2445,8
F,0.55,0.465,0.18,1.2125,0.3245,0.205,0.525,27
F,0.46,0.355,0.13,0.458,0.192,0.1055,0.13,13
F,0.46,0.375,0.12,0.4605,0.1775,0.11,0.15,7
M,0.66,0.515,0.165,1.4465,0.694,0.298,0.3755,10
F,0.705,0.57,0.185,1.761,0.747,0.3725,0.488,10
I,0.38,0.275,0.1,0.2255,0.08,0.049,0.085,10
I,0.44,0.32,0.105,0.3875,0.1755,0.074,0.12,9
M,0.535,0.42,0.125,0.738,0.355,0.1895,0.1795,8
I,0.35,0.25,0.075,0.1695,0.0835,0.0355,0.041,6
F,0.73,0.57,0.165,2.0165,1.0685,0.418,0.435,10
M,0.33,0.25,0.09,0.197,0.085,0.041,0.0605,10
F,0.475,0.375,0.125,0.588,0.237,0.1715,0.155,10
F,0.605,0.455,0.145,0.9775,0.468,0.1775,0.275,9
I,0.27,0.195,0.06,0.073,0.0285,0.0235,0.03,5
I,0.44,0.325,0.09,0.35,0.148,0.067,0.105,7
F,0.57,0.45,0.165,0.903,0.3305,0.1845,0.295,14
I,0.575,0.45,0.13,0.8145,0.403,0.1715,0.213,10
F,0.565,0.45,0.175,1.2365,0.5305,0.2455,0.308,10
I,0.36,0.25,0.115,0.465,0.21,0.1055,0.128,7
F,0.515,0.39,0.13,0.5755,0.1975,0.13,0.1845,9
F,0.445,0.335,0.11,0.4355,0.2025,0.1095,0.1195,6
M,0.565,0.45,0.16,0.895,0.415,0.195,0.246,9
F,0.68,0.56,0.165,1.639,0.6055,0.2805,0.46,15
F,0.615,0.495,0.155,1.0805,0.52,0.19,0.32,9
I,0.415,0.325,0.1,0.3215,0.1535,0.0595,0.105,10
I,0.37,0.275,0.1,0.2815,0.1505,0.0505,0.068,5
I,0.62,0.48,0.18,1.1305,0.5285,0.2655,0.306,12
I,0.52,0.41,0.12,0.595,0.2385,0.111,0.19,8
M,0.6,0.465,0.18,1.193,0.5145,0.315,0.3055,8
M,0.67,0.525,0.165,1.6085,0.682,0.3145,0.4005,11
F,0.5,0.405,0.15,0.5965,0.253,0.126,0.185,12
F,0.625,0.49,0.155,1.115,0.484,0.277,0.3095,9
F,0.445,0.33,0.105,0.4525,0.18,0.103,0.123,9
I,0.475,0.34,0.105,0.4535,0.203,0.08,0.1465,9
M,0.585,0.47,0.145,0.9565,0.4025,0.2365,0.265,9
F,0.405,0.31,0.12,0.3095,0.138,0.058,0.095,13
I,0.545,0.42,0.165,0.8935,0.4235,0.2195,0.228,8
M,0.51,0.415,0.14,0.8185,0.3025,0.2155,0.235,16
I,0.375,0.28,0.1,0.2565,0.1165,0.0585,0.0725,12
M,0.64,0.505,0.165,1.4435,0.6145,0.3035,0.39,18
F,0.36,0.265,0.09,0.2165,0.096,0.037,0.0735,10
M,0.615,0.475,0.17,1.129,0.4795,0.302,0.3,10
I,0.32,0.235,0.08,0.1485,0.064,0.031,0.045,6
F,0.595,0.43,0.21,1.5245,0.653,0.396,0.41,11
F,0.68,0.55,0.21,1.7445,0.5975,0.305,0.625,17
I,0.475,0.375,0.115,0.5205,0.233,0.119,0.1455,7
I,0.42,0.315,0.115,0.355,0.1895,0.065,0.087,6
I,0.37,0.28,0.09,0.233,0.0905,0.0545,0.07,11
I,0.57,0.42,0.13,0.7745,0.3535,0.1505,0.2365,9
I,0.56,0.445,0.165,0.832,0.3455,0.179,0.279,9
M,0.67,0.51,0.175,1.5265,0.651,0.4475,0.345,10
M,0.7,0.565,0.175,1.8565,0.8445,0.3935,0.54,10
F,0.6,0.5,0.17,1.13,0.4405,0.267,0.335,11
M,0.645,0.51,0.16,1.33,0.6665,0.309,0.317,9
F,0.54,0.435,0.175,0.892,0.322,0.174,0.335,13
M,0.47,0.365,0.135,0.522,0.2395,0.1525,0.145,10
F,0.62,0.48,0.175,1.0405,0.464,0.2225,0.3,9
F,0.55,0.45,0.145,0.741,0.295,0.1435,0.2665,10
I,0.55,0.415,0.15,0.7915,0.3535,0.176,0.236,10
I,0.29,0.215,0.06,0.1115,0.053,0.0185,0.032,5
F,0.505,0.39,0.12,0.5725,0.2555,0.1325,0.146,8
I,0.52,0.395,0.135,0.633,0.2985,0.1295,0.175,9
F,0.59,0.47,0.17,0.9,0.355,0.1905,0.25,11
I,0.285,0.215,0.06,0.0935,0.031,0.023,0.03,6
M,0.64,0.485,0.16,1.006,0.456,0.2245,0.2835,9
I,0.39,0.3,0.1,0.3085,0.1385,0.0735,0.085,6
M,0.35,0.255,0.065,0.179,0.0705,0.0385,0.06,10
I,0.575,0.45,0.15,0.858,0.449,0.166,0.215,10
I,0.55,0.425,0.15,0.806,0.376,0.171,0.245,14
I,0.52,0.385,0.115,0.581,0.2555,0.156,0.143,10
M,0.59,0.475,0.155,0.857,0.356,0.174,0.28,13
F,0.57,0.455,0.15,1.107,0.54,0.255,0.27,8
I,0.58,0.445,0.125,0.7095,0.303,0.1405,0.235,9
M,0.685,0.505,0.19,1.533,0.667,0.4055,0.41,10
F,0.49,0.375,0.135,0.6125,0.2555,0.102,0.22,11
I,0.45,0.33,0.105,0.448,0.208,0.089,0.12,9
M,0.61,0.48,0.14,1.0625,0.516,0.225,0.2915,11
F,0.525,0.405,0.16,0.658,0.2655,0.1125,0.225,12
I,0.18,0.135,0.08,0.033,0.0145,0.007,0.01,5
I,0.61,0.48,0.165,1.097,0.4215,0.264,0.335,13
F,0.525,0.4,0.135,0.714,0.318,0.138,0.208,10
F,0.69,0.54,0.185,1.5715,0.6935,0.318,0.47,15
F,0.695,0.55,0.16,1.6365,0.694,0.3005,0.44,13
F,0.645,0.5,0.17,1.1845,0.4805,0.274,0.355,13
F,0.37,0.295,0.1,0.2685,0.1165,0.056,0.0835,7
M,0.515,0.38,0.135,0.6615,0.2875,0.2095,0.155,10
M,0.325,0.23,0.09,0.147,0.06,0.034,0.045,4
M,0.63,0.525,0.195,1.3135,0.4935,0.2565,0.465,10
M,0.535,0.42,0.145,0.791,0.33,0.189,0.25,10
F,0.695,0.56,0.185,1.7715,0.8195,0.331,0.437,10
F,0.63,0.475,0.175,1.423,0.4155,0.3385,0.49,14
M,0.32,0.245,0.075,0.1555,0.0585,0.038,0.049,11
M,0.575,0.45,0.155,0.948,0.429,0.206,0.259,7
F,0.625,0.49,0.165,1.127,0.477,0.2365,0.3185,9
F,0.655,0.51,0.175,1.415,0.5885,0.3725,0.364,10
I,0.43,0.345,0.115,0.4295,0.212,0.108,0.109,8
I,0.215,0.15,0.055,0.041,0.015,0.009,0.0125,3
M,0.58,0.455,0.195,1.859,0.945,0.426,0.441,9
M,0.555,0.43,0.165,0.7575,0.2735,0.1635,0.275,13
M,0.33,0.235,0.09,0.163,0.0615,0.034,0.055,10
M,0.56,0.445,0.16,0.8965,0.42,0.2175,0.2215,8
F,0.65,0.5,0.165,1.1445,0.485,0.218,0.365,12
F,0.69,0.55,0.2,1.569,0.687,0.3675,0.46,12
F,0.475,0.38,0.14,0.689,0.3165,0.1315,0.1955,7
F,0.52,0.425,0.15,0.813,0.385,0.2015,0.23,10
I,0.51,0.385,0.15,0.625,0.3095,0.119,0.1725,8
I,0.535,0.41,0.13,0.6075,0.268,0.1225,0.1975,9
M,0.445,0.35,0.115,0.3615,0.1565,0.0695,0.117,8
F,0.69,0.58,0.195,1.658,0.708,0.3615,0.4715,10
I,0.455,0.345,0.105,0.4005,0.164,0.0755,0.126,8
F,0.5,0.4,0.165,0.7105,0.27,0.1455,0.225,20
F,0.645,0.525,0.19,1.4635,0.6615,0.3435,0.435,19
M,0.625,0.47,0.15,1.124,0.556,0.2315,0.287,9
M,0.45,0.35,0.13,0.46,0.174,0.111,0.135,8
I,0.435,0.32,0.08,0.3325,0.1485,0.0635,0.105,9
F,0.73,0.56,0.19,1.9425,0.799,0.5195,0.5655,11
M,0.48,0.375,0.12,0.5895,0.2535,0.128,0.172,11
I,0.465,0.36,0.105,0.452,0.22,0.159,0.1035,9
I,0.58,0.445,0.125,0.7095,0.303,0.1405,0.235,9
F,0.51,0.38,0.13,0.584,0.224,0.1355,0.185,13
I,0.39,0.3,0.105,0.259,0.0955,0.038,0.085,8
M,0.35,0.26,0.09,0.198,0.0725,0.056,0.06,10
F,0.71,0.54,0.205,1.5805,0.802,0.287,0.435,10
I,0.54,0.395,0.135,0.6555,0.2705,0.155,0.192,9
F,0.465,0.36,0.12,0.4765,0.192,0.1125,0.16,10
M,0.67,0.51,0.175,1.5265,0.651,0.4475,0.345,10
F,0.56,0.46,0.18,0.97,0.342,0.196,0.355,12
M,0.655,0.52,0.18,1.492,0.7185,0.36,0.355,11
M,0.675,0.555,0.2,1.4385,0.545,0.2665,0.465,21
I,0.36,0.275,0.095,0.217,0.084,0.0435,0.09,7
M,0.585,0.46,0.165,1.1135,0.5825,0.2345,0.274,10
F,0.595,0.475,0.165,1.148,0.444,0.214,0.37,10
I,0.57,0.445,0.145,0.7405,0.306,0.172,0.1825,12
I,0.42,0.31,0.1,0.2865,0.115,0.0735,0.085,8
I,0.46,0.345,0.11,0.3755,0.1525,0.058,0.125,7
I,0.53,0.395,0.115,0.475,0.2025,0.101,0.148,8
M,0.62,0.5,0.18,1.3915,0.726,0.2795,0.332,11
F,0.52,0.405,0.115,0.776,0.32,0.1845,0.22,8
M,0.62,0.47,0.15,1.309,0.587,0.4405,0.325,9
I,0.41,0.325,0.1,0.394,0.208,0.0655,0.106,6
M,0.565,0.44,0.115,0.9185,0.404,0.1785,0.29,11
M,0.58,0.46,0.15,1.0165,0.491,0.221,0.265,9
F,0.65,0.545,0.23,1.752,0.5605,0.2895,0.815,16
M,0.65,0.515,0.175,1.466,0.677,0.3045,0.4,10
M,0.555,0.455,0.135,0.837,0.382,0.171,0.235,9
M,0.54,0.405,0.125,0.891,0.4815,0.1915,0.202,9
I,0.46,0.37,0.12,0.5335,0.2645,0.108,0.1345,6
I,0.3,0.235,0.08,0.131,0.05,0.0265,0.043,4
F,0.5,0.38,0.155,0.655,0.2405,0.143,0.205,17
I,0.435,0.33,0.095,0.393,0.219,0.075,0.0885,6
I,0.46,0.355,0.11,0.4255,0.2015,0.081,0.13,7
I,0.53,0.42,0.14,0.6765,0.256,0.1855,0.208,9
I,0.37,0.275,0.1,0.2815,0.1505,0.0505,0.068,5
F,0.675,0.51,0.195,1.382,0.6045,0.3175,0.3965,10
M,0.69,0.515,0.18,1.8445,0.9815,0.4655,0.341,13
M,0.52,0.435,0.195,0.973,0.2985,0.2135,0.355,18
F,0.605,0.455,0.145,0.862,0.334,0.1985,0.3,9
I,0.295,0.22,0.07,0.1365,0.0575,0.0295,0.035,6
M,0.465,0.36,0.125,0.4365,0.169,0.1075,0.145,11
M,0.54,0.455,0.14,0.972,0.419,0.255,0.269,10
I,0.575,0.45,0.145,0.795,0.364,0.1505,0.26,10
I,0.435,0.32,0.08,0.3325,0.1485,0.0635,0.105,9
I,0.28,0.205,0.08,0.127,0.052,0.039,0.042,9
F,0.63,0.495,0.2,1.4255,0.659,0.336,0.38,11
F,0.635,0.5,0.18,1.2565,0.539,0.292,0.35,10
F,0.71,0.57,0.195,1.9805,0.9925,0.4925,0.48,12
I,0.315,0.235,0.08,0.18,0.08,0.045,0.047,5
F,0.69,0.56,0.215,1.719,0.68,0.299,0.47,17
M,0.625,0.495,0.175,1.2935,0.5805,0.317,0.355,9
I,0.355,0.285,0.095,0.2275,0.0955,0.0475,0.0715,6
M,0.67,0.5,0.19,1.519,0.616,0.388,0.415,10
I,0.48,0.37,0.12,0.514,0.2075,0.131,0.155,13
M,0.47,0.365,0.12,0.612,0.327,0.15,0.14,8
F,0.595,0.465,0.145,0.7955,0.3425,0.1795,0.2425,10
F,0.56,0.41,0.16,0.8215,0.342,0.184,0.253,9
I,0.48,0.36,0.125,0.542,0.2795,0.1025,0.147,7
M,0.62,0.48,0.16,1.0765,0.412,0.253,0.3,13
I,0.625,0.485,0.16,1.15,0.5255,0.257,0.3315,11
I,0.59,0.45,0.16,0.893,0.2745,0.2185,0.345,14
M,0.525,0.395,0.165,0.782,0.285,0.1405,0.285,19
I,0.605,0.49,0.165,1.071,0.482,0.1935,0.352,10
M,0.51,0.415,0.145,0.751,0.3295,0.1835,0.203,8
M,0.655,0.53,0.175,1.2635,0.486,0.2635,0.415,15
I,0.45,0.33,0.1,0.411,0.1945,0.1,0.098,6
I,0.52,0.41,0.14,0.699,0.3395,0.129,0.1945,10
F,0.46,0.38,0.13,0.639,0.3,0.1525,0.16,11
I,0.435,0.345,0.115,0.418,0.222,0.0735,0.106,7
F,0.36,0.265,0.09,0.2165,0.096,0.037,0.0735,10
I,0.48,0.355,0.125,0.494,0.2385,0.0835,0.15,9
M,0.31,0.245,0.095,0.15,0.0525,0.034,0.048,7
F,0.585,0.465,0.14,0.908,0.381,0.1615,0.315,13
I,0.53,0.42,0.13,0.658,0.296,0.1245,0.198,8
M,0.64,0.53,0.165,1.1895,0.4765,0.3,0.35,11
M,0.6,0.45,0.195,1.34,0.617,0.3255,0.3605,10
F,0.545,0.41,0.115,0.6765,0.29,0.158,0.22,9
M,0.61,0.475,0.165,1.116,0.428,0.2205,0.315,15
M,0.515,0.425,0.145,0.9365,0.497,0.181,0.2185,8
F,0.675,0.525,0.17,1.8095,0.784,0.391,0.455,12
M,0.47,0.37,0.18,0.51,0.1915,0.1285,0.1625,9
F,0.66,0.53,0.185,1.346,0.546,0.2705,0.476,11
M,0.625,0.505,0.175,1.131,0.5425,0.2265,0.323,8
I,0.56,0.44,0.14,0.825,0.402,0.139,0.245,10
F,0.715,0.565,0.18,1.79,0.844,0.3535,0.5385,9
I,0.56,0.44,0.14,0.825,0.402,0.139,0.245,10
I,0.53,0.42,0.13,0.8365,0.3745,0.167,0.249,11
I,0.355,0.28,0.11,0.2235,0.0815,0.0525,0.08,7
F,0.625,0.475,0.13,0.8595,0.3195,0.1775,0.24,13
M,0.55,0.44,0.135,0.879,0.368,0.2095,0.265,10
F,0.655,0.52,0.175,1.472,0.6275,0.27,0.45,13
I,0.545,0.42,0.125,0.717,0.358,0.112,0.22,8
F,0.45,0.335,0.105,0.425,0.1865,0.091,0.115,9
M,0.675,0.515,0.15,1.312,0.556,0.2845,0.4115,11
F,0.475,0.38,0.14,0.689,0.3165,0.1315,0.1955,7
F,0.675,0.53,0.175,1.4465,0.6775,0.33,0.389,10
M,0.46,0.365,0.125,0.467,0.1895,0.0945,0.158,10
M,0.615,0.5,0.17,1.054,0.4845,0.228,0.295,10
M,0.76,0.575,0.19,1.829,0.7035,0.386,0.56,14
M,0.44,0.35,0.11,0.4585,0.2,0.0885,0.13,9
M,0.36,0.295,0.13,0.2765,0.0895,0.057,0.1005,10
M,0.5,0.375,0.145,0.6215,0.274,0.166,0.1485,7
F,0.705,0.53,0.17,1.564,0.612,0.394,0.44,10
M,0.505,0.385,0.11,0.655,0.3185,0.15,0.185,9
F,0.605,0.465,0.155,1.1,0.547,0.2665,0.2585,10
F,0.61,0.45,0.16,1.136,0.414,0.311,0.3,9
I,0.61,0.475,0.15,0.9665,0.4145,0.2,0.345,10
I,0.46,0.345,0.105,0.449,0.196,0.0945,0.1265,7
M,0.525,0.425,0.125,0.812,0.4035,0.1705,0.195,8
M,0.63,0.49,0.165,1.2005,0.575,0.273,0.294,10
M,0.565,0.465,0.175,0.995,0.3895,0.183,0.37,15
F,0.655,0.545,0.165,1.6225,0.6555,0.299,0.513,12
M,0.49,0.38,0.11,0.554,0.2935,0.1005,0.15,8
I,0.49,0.375,0.115,0.557,0.2275,0.1335,0.1765,8
F,0.6,0.475,0.17,1.088,0.4905,0.2475,0.31,10
I,0.395,0.31,0.085,0.317,0.153,0.0505,0.0935,7
M,0.535,0.405,0.14,0.818,0.402,0.1715,0.189,7
I,0.35,0.255,0.09,0.1785,0.0855,0.0305,0.0525,8
F,0.57,0.435,0.15,0.8295,0.3875,0.156,0.245,10
F,0.595,0.47,0.155,1.1775,0.542,0.269,0.31,9
F,0.41,0.32,0.115,0.387,0.165,0.1005,0.0985,11
M,0.495,0.375,0.115,0.6245,0.282,0.143,0.155,6
F,0.43,0.34,0.12,0.391,0.1555,0.095,0.1405,7
M,0.57,0.45,0.135,1.02,0.546,0.204,0.25,9
I,0.405,0.3,0.09,0.2885,0.138,0.0635,0.0765,6
I,0.35,0.26,0.095,0.211,0.086,0.056,0.068,7
F,0.57,0.45,0.15,0.9645,0.531,0.189,0.209,9
M,0.4,0.3,0.125,0.417,0.191,0.09,0.1175,9
F,0.61,0.485,0.17,1.1005,0.5125,0.229,0.305,11
I,0.37,0.27,0.095,0.2175,0.097,0.046,0.065,6
M,0.62,0.45,0.2,0.858,0.4285,0.1525,0.2405,8
F,0.62,0.51,0.18,1.233,0.592,0.274,0.322,10
F,0.525,0.415,0.15,0.7055,0.329,0.147,0.199,10
I,0.495,0.38,0.145,0.515,0.175,0.098,0.212,13
F,0.57,0.495,0.16,1.0915,0.452,0.275,0.315,14
I,0.215,0.155,0.06,0.0525,0.021,0.0165,0.015,5
M,0.49,0.465,0.125,0.5225,0.235,0.13,0.141,7
I,0.475,0.35,0.11,0.4565,0.206,0.099,0.13,6
I,0.48,0.355,0.125,0.494,0.2385,0.0835,0.15,9
I,0.26,0.2,0.07,0.092,0.037,0.02,0.03,6
I,0.54,0.43,0.14,0.8195,0.3935,0.1725,0.2295,9
F,0.53,0.455,0.165,0.9805,0.3155,0.2815,0.2965,11
M,0.45,0.36,0.16,0.567,0.174,0.1245,0.225,12
F,0.655,0.53,0.165,1.2835,0.583,0.1255,0.4,8
M,0.59,0.48,0.16,1.262,0.5685,0.2725,0.335,9
M,0.66,0.53,0.175,1.583,0.7395,0.3505,0.405,10
F,0.61,0.485,0.165,1.087,0.4255,0.232,0.38,11
M,0.5,0.42,0.125,0.62,0.255,0.15,0.205,11
F,0.6,0.475,0.18,1.1805,0.4345,0.2475,0.425,19
I,0.4,0.3,0.09,0.2815,0.1185,0.061,0.08,7
F,0.455,0.37,0.105,0.4925,0.216,0.1245,0.135,9
M,0.155,0.115,0.025,0.024,0.009,0.005,0.0075,5
I,0.555,0.435,0.145,0.6975,0.262,0.1575,0.24,11
M,0.55,0.425,0.16,0.97,0.2885,0.139,0.48,20
M,0.505,0.4,0.125,0.77,0.2735,0.159,0.255,13
I,0.415,0.31,0.1,0.2805,0.114,0.0565,0.0975,6
M,0.645,0.51,0.195,1.226,0.5885,0.2215,0.3745,10
M,0.51,0.4,0.13,0.6435,0.27,0.1665,0.205,12
M,0.575,0.45,0.185,0.925,0.342,0.197,0.35,12
F,0.575,0.465,0.14,0.958,0.442,0.1815,0.2705,9
F,0.445,0.355,0.15,0.485,0.181,0.125,0.155,11
F,0.665,0.54,0.195,1.764,0.8505,0.3615,0.47,11
I,0.43,0.34,0.0,0.428,0.2065,0.086,0.115,8
I,0.42,0.325,0.115,0.314,0.1295,0.0635,0.1,8
M,0.57,0.45,0.155,0.91,0.326,0.1895,0.355,14
I,0.555,0.43,0.15,0.783,0.345,0.1755,0.247,9
M,0.575,0.455,0.135,0.907,0.4245,0.197,0.26,9
I,0.575,0.45,0.15,0.858,0.449,0.166,0.215,10
F,0.655,0.51,0.16,1.092,0.396,0.2825,0.37,14
I,0.58,0.435,0.15,0.8915,0.363,0.1925,0.2515,6
I,0.42,0.315,0.1,0.3435,0.157,0.0795,0.09,6
I,0.585,0.475,0.16,1.0505,0.48,0.234,0.285,10
I,0.44,0.345,0.12,0.487,0.1965,0.108,0.16,14
F,0.6,0.48,0.165,1.1345,0.4535,0.27,0.335,10
I,0.315,0.235,0.08,0.18,0.08,0.045,0.047,5
F,0.555,0.435,0.165,0.97,0.336,0.2315,0.295,17
M,0.595,0.48,0.185,1.1785,0.526,0.2975,0.314,10
F,0.635,0.5,0.15,1.376,0.6495,0.361,0.31,10
I,0.325,0.25,0.08,0.1735,0.0765,0.0345,0.049,7
F,0.7,0.545,0.13,1.556,0.6725,0.374,0.195,12
F,0.655,0.52,0.175,1.472,0.6275,0.27,0.45,13
I,0.54,0.405,0.15,0.7585,0.307,0.2075,0.19,10
F,0.45,0.36,0.11,0.447,0.203,0.082,0.13,12
M,0.515,0.42,0.14,0.769,0.2505,0.154,0.29,13
M,0.405,0.305,0.085,0.2605,0.1145,0.0595,0.085,8
M,0.585,0.455,0.145,0.953,0.3945,0.2685,0.258,10
M,0.47,0.375,0.12,0.5805,0.266,0.0935,0.169,8
M,0.665,0.525,0.18,1.429,0.6715,0.29,0.4,12
M,0.34,0.255,0.095,0.213,0.081,0.034,0.07,9
M,0.58,0.45,0.14,1.013,0.38,0.216,0.36,14
I,0.33,0.255,0.095,0.172,0.066,0.0255,0.06,6
M,0.695,0.56,0.19,1.494,0.588,0.3425,0.485,15
M,0.455,0.35,0.105,0.416,0.1625,0.097,0.145,11
F,0.555,0.425,0.14,0.788,0.282,0.1595,0.285,11
F,0.455,0.37,0.105,0.4925,0.216,0.1245,0.135,9
I,0.46,0.345,0.115,0.4215,0.1895,0.102,0.111,6
F,0.505,0.4,0.165,0.729,0.2675,0.155,0.25,9
F,0.67,0.55,0.155,1.566,0.858,0.339,0.354,10
F,0.615,0.5,0.165,1.1765,0.488,0.244,0.345,17
I,0.53,0.43,0.14,0.677,0.298,0.0965,0.23,8
I,0.41,0.305,0.1,0.2645,0.1,0.0655,0.085,7
M,0.465,0.36,0.115,0.5795,0.295,0.1395,0.12,7
M,0.345,0.255,0.09,0.2005,0.094,0.0295,0.063,9
F,0.695,0.525,0.205,1.8185,0.819,0.4025,0.4525,13
M,0.68,0.54,0.21,1.7885,0.8345,0.408,0.437,13
I,0.475,0.355,0.135,0.4775,0.2145,0.09,0.1435,8
F,0.7,0.585,0.185,1.8075,0.7055,0.3215,0.475,29
M,0.715,0.525,0.2,1.89,0.95,0.436,0.4305,10
M,0.72,0.565,0.2,2.1055,1.017,0.363,0.494,12
M,0.58,0.47,0.165,1.041,0.54,0.166,0.279,9
I,0.54,0.415,0.155,0.702,0.322,0.167,0.19,10
I,0.49,0.375,0.115,0.557,0.2275,0.1335,0.1765,8
F,0.695,0.53,0.2,2.0475,0.75,0.4195,0.6095,14
M,0.7,0.545,0.185,1.6135,0.75,0.4035,0.3685,11
I,0.535,0.415,0.15,0.5765,0.3595,0.135,0.225,8
F,0.59,0.46,0.145,0.9905,0.453,0.2205,0.275,8
F,0.625,0.49,0.165,1.127,0.477,0.2365,0.3185,9
I,0.49,0.38,0.12,0.529,0.2165,0.139,0.155,11
M,0.7,0.565,0.18,1.751,0.895,0.3355,0.446,9
I,0.65,0.525,0.18,1.626,0.597,0.3445,0.53,18
F,0.505,0.405,0.18,0.606,0.239,0.1235,0.18,11
F,0.565,0.445,0.125,0.8305,0.3135,0.1785,0.23,11
I,0.37,0.27,0.095,0.2175,0.097,0.046,0.065,6
I,0.52,0.41,0.145,0.646,0.2965,0.1595,0.165,9
M,0.29,0.225,0.08,0.1295,0.0535,0.026,0.045,10
M,0.61,0.475,0.17,1.0265,0.435,0.2335,0.3035,10
M,0.63,0.505,0.155,1.105,0.492,0.226,0.325,11
I,0.545,0.43,0.13,0.7595,0.358,0.153,0.2055,8
M,0.61,0.475,0.17,1.0265,0.435,0.2335,0.3035,10
I,0.515,0.4,0.14,0.7165,0.3495,0.1595,0.1785,8
F,0.55,0.445,0.155,0.9905,0.544,0.178,0.218,9
M,0.525,0.425,0.19,0.872,0.4625,0.1725,0.199,9
I,0.255,0.195,0.07,0.0735,0.0255,0.02,0.025,6
I,0.24,0.175,0.045,0.07,0.0315,0.0235,0.02,5
M,0.63,0.505,0.17,1.0915,0.4615,0.266,0.3,9
I,0.625,0.485,0.16,1.15,0.5255,0.257,0.3315,11
M,0.45,0.335,0.125,0.4475,0.2165,0.126,0.11,6
M,0.685,0.535,0.155,1.3845,0.6615,0.2145,0.4075,10
M,0.505,0.385,0.13,0.6435,0.3135,0.149,0.1515,7
M,0.345,0.255,0.09,0.2005,0.094,0.0295,0.063,9
I,0.635,0.5,0.18,1.319,0.5485,0.292,0.49,16
M,0.5,0.375,0.13,0.721,0.3055,0.1725,0.22,14
F,0.625,0.515,0.15,1.2415,0.5235,0.3065,0.36,15
I,0.435,0.345,0.12,0.3215,0.13,0.056,0.1185,7
F,0.69,0.525,0.19,1.492,0.6425,0.3905,0.42,12
M,0.675,0.51,0.17,1.527,0.809,0.318,0.341,11
M,0.65,0.52,0.175,1.2655,0.615,0.2775,0.336,9
M,0.705,0.56,0.22,1.981,0.8175,0.3085,0.76,14
F,0.62,0.515,0.155,1.3255,0.6685,0.2605,0.335,12
M,0.625,0.5,0.18,1.3705,0.645,0.303,0.3705,12
M,0.605,0.47,0.16,1.1735,0.4975,0.2405,0.345,12
F,0.595,0.465,0.14,1.113,0.5175,0.244,0.305,12
F,0.645,0.485,0.15,1.151,0.5935,0.2315,0.293,12
I,0.25,0.185,0.065,0.0685,0.0295,0.014,0.0225,5
M,0.54,0.435,0.18,0.996,0.3835,0.226,0.325,17
M,0.475,0.37,0.11,0.4895,0.2185,0.107,0.146,8
I,0.515,0.39,0.125,0.5705,0.238,0.1265,0.185,8
F,0.39,0.29,0.125,0.3055,0.121,0.082,0.09,7
F,0.45,0.36,0.11,0.447,0.203,0.082,0.13,12
I,0.15,0.1,0.025,0.015,0.0045,0.004,0.005,2
F,0.62,0.48,0.18,1.2215,0.582,0.2695,0.313,12
I,0.35,0.25,0.07,0.18,0.0655,0.048,0.054,6
F,0.46,0.36,0.115,0.4755,0.2105,0.105,0.16,8
M,0.56,0.45,0.16,0.922,0.432,0.178,0.26,15
F,0.605,0.475,0.145,1.0185,0.4695,0.225,0.27,15
M,0.32,0.245,0.075,0.1555,0.0585,0.038,0.049,11
I,0.445,0.325,0.1,0.378,0.1795,0.1,0.089,7
I,0.265,0.21,0.06,0.0965,0.0425,0.022,0.03,5
M,0.57,0.445,0.14,1.0635,0.5265,0.2195,0.24,8
F,0.47,0.375,0.125,0.5615,0.252,0.137,0.18,10
F,0.44,0.355,0.115,0.415,0.1585,0.0925,0.131,11
F,0.545,0.44,0.15,0.9475,0.366,0.239,0.275,8
F,0.505,0.385,0.135,0.6185,0.251,0.1175,0.2,12
M,0.63,0.48,0.185,1.21,0.53,0.2555,0.322,11
M,0.64,0.505,0.155,1.1955,0.5565,0.211,0.346,11
F,0.64,0.485,0.185,1.4195,0.6735,0.3465,0.3255,11
M,0.18,0.125,0.05,0.023,0.0085,0.0055,0.01,3
I,0.465,0.36,0.105,0.452,0.22,0.159,0.1035,9
I,0.48,0.39,0.145,0.5825,0.2315,0.121,0.255,15
F,0.535,0.415,0.185,0.8415,0.314,0.1585,0.3,15
M,0.53,0.4,0.125,0.7575,0.398,0.151,0.175,8
I,0.62,0.485,0.18,1.1785,0.4675,0.2655,0.39,13
M,0.68,0.54,0.21,1.7885,0.8345,0.408,0.437,13
M,0.47,0.37,0.18,0.51,0.1915,0.1285,0.1625,9
I,0.65,0.52,0.15,1.238,0.5495,0.296,0.3305,10
I,0.38,0.275,0.095,0.2505,0.0945,0.0655,0.075,6
M,0.355,0.26,0.085,0.1905,0.081,0.0485,0.055,6
M,0.595,0.475,0.16,1.3175,0.408,0.234,0.58,21
I,0.51,0.405,0.13,0.599,0.3065,0.1155,0.1485,8
F,0.585,0.42,0.155,1.034,0.437,0.2225,0.32,11
F,0.605,0.49,0.15,1.1345,0.5265,0.2645,0.295,9
M,0.635,0.48,0.235,1.064,0.413,0.228,0.36,16
I,0.54,0.425,0.14,0.742,0.32,0.1395,0.25,9
M,0.355,0.265,0.085,0.201,0.069,0.053,0.0695,8
M,0.61,0.48,0.14,1.031,0.4375,0.2615,0.27,8
I,0.495,0.4,0.105,0.602,0.2505,0.1265,0.19,8
M,0.65,0.525,0.205,1.4275,0.69,0.306,0.4355,13
F,0.625,0.515,0.15,1.2415,0.5235,0.3065,0.36,15
I,0.54,0.415,0.155,0.702,0.322,0.167,0.19,10
M,0.65,0.515,0.185,1.3745,0.75,0.1805,0.369,12
M,0.625,0.465,0.14,1.195,0.4825,0.205,0.4,13
F,0.625,0.485,0.2,1.38,0.5845,0.302,0.401,9
I,0.435,0.33,0.105,0.335,0.156,0.0555,0.105,8
M,0.535,0.435,0.15,0.717,0.3475,0.1445,0.194,9
I,0.455,0.365,0.135,0.441,0.1515,0.1165,0.145,9
F,0.615,0.485,0.16,1.1575,0.5005,0.2495,0.315,10
M,0.6,0.495,0.195,1.0575,0.384,0.19,0.375,26
M,0.575,0.45,0.155,0.886,0.3605,0.211,0.2575,9
F,0.625,0.49,0.11,1.136,0.5265,0.1915,0.2925,9
F,0.525,0.43,0.165,0.717,0.289,0.1745,0.195,10
M,0.345,0.265,0.09,0.163,0.0615,0.037,0.0485,10
F,0.545,0.41,0.125,0.654,0.2945,0.1315,0.205,10
M,0.53,0.42,0.165,0.8945,0.319,0.239,0.245,11
I,0.44,0.34,0.125,0.4895,0.1735,0.0875,0.2,13
M,0.6,0.475,0.17,1.1315,0.508,0.272,0.309,10
I,0.32,0.215,0.095,0.305,0.14,0.067,0.0885,6
I,0.505,0.405,0.13,0.599,0.2245,0.1175,0.225,11
M,0.775,0.63,0.25,2.7795,1.3485,0.76,0.578,12
F,0.735,0.565,0.225,2.037,0.87,0.5145,0.5675,13
M,0.675,0.505,0.16,1.532,0.74,0.357,0.3815,11
I,0.375,0.305,0.115,0.2715,0.092,0.074,0.09,8
M,0.465,0.36,0.105,0.431,0.172,0.107,0.175,9
M,0.46,0.35,0.125,0.5165,0.1885,0.1145,0.185,9
I,0.41,0.3,0.09,0.28,0.141,0.0575,0.075,8
I,0.385,0.28,0.09,0.228,0.1025,0.042,0.0655,5
F,0.61,0.47,0.195,1.2735,0.469,0.3315,0.398,12
F,0.64,0.5,0.15,1.0705,0.371,0.2705,0.36,8
I,0.625,0.43,0.175,1.411,0.572,0.297,0.395,12
I,0.46,0.35,0.11,0.4675,0.2125,0.099,0.1375,7
I,0.52,0.415,0.16,0.595,0.2105,0.142,0.26,15
I,0.46,0.34,0.09,0.384,0.1795,0.068,0.11,8
F,0.545,0.44,0.15,0.9475,0.366,0.239,0.275,8
F,0.52,0.41,0.155,0.727,0.291,0.1835,0.235,12
M,0.49,0.38,0.11,0.554,0.2935,0.1005,0.15,8
M,0.7,0.55,0.2,1.523,0.693,0.306,0.4405,13
M,0.655,0.53,0.175,1.2635,0.486,0.2635,0.415,15
M,0.59,0.445,0.14,0.931,0.356,0.234,0.28,12
F,0.61,0.485,0.165,1.0915,0.3935,0.2435,0.33,18
I,0.165,0.115,0.015,0.0145,0.0055,0.003,0.005,4
I,0.63,0.465,0.15,1.0315,0.4265,0.24,0.325,11
F,0.73,0.57,0.165,2.0165,1.0685,0.418,0.435,10
I,0.21,0.15,0.055,0.0455,0.02,0.0065,0.013,4
M,0.175,0.125,0.04,0.024,0.0095,0.006,0.005,4
I,0.445,0.31,0.09,0.336,0.1555,0.09,0.0855,7
I,0.44,0.325,0.1,0.4165,0.185,0.0865,0.11,6
M,0.57,0.46,0.15,1.0375,0.5415,0.2035,0.25,9
M,0.59,0.47,0.135,1.1685,0.539,0.279,0.28,8
M,0.63,0.495,0.175,1.2695,0.605,0.271,0.328,11
I,0.425,0.34,0.1,0.371,0.15,0.0865,0.115,8
M,0.66,0.52,0.19,1.558,0.755,0.298,0.4,10
F,0.625,0.5,0.16,1.217,0.5725,0.207,0.355,11
F,0.635,0.505,0.145,1.1345,0.505,0.2655,0.315,10
F,0.6,0.48,0.18,1.0645,0.4495,0.2455,0.325,10
F,0.62,0.48,0.18,1.2215,0.582,0.2695,0.313,12
I,0.335,0.26,0.09,0.1835,0.078,0.024,0.065,11
F,0.46,0.375,0.12,0.4605,0.1775,0.11,0.15,7
F,0.64,0.485,0.185,1.4195,0.6735,0.3465,0.3255,11
M,0.45,0.35,0.1,0.3675,0.1465,0.1015,0.12,10
M,0.55,0.435,0.11,0.806,0.3415,0.203,0.215,9
I,0.59,0.46,0.125,0.755,0.334,0.15,0.238,9
I,0.44,0.345,0.12,0.487,0.1965,0.108,0.16,14
F,0.565,0.45,0.195,1.0035,0.406,0.2505,0.285,15
I,0.345,0.255,0.095,0.1945,0.0925,0.037,0.055,6
M,0.72,0.565,0.145,1.187,0.691,0.1945,0.2685,8
F,0.605,0.48,0.14,0.991,0.4735,0.2345,0.24,8
M,0.545,0.42,0.125,0.9745,0.353,0.174,0.305,13
F,0.645,0.49,0.19,1.3065,0.479,0.3565,0.345,18
F,0.595,0.45,0.165,1.081,0.49,0.2525,0.279,12
I,0.41,0.325,0.105,0.361,0.1605,0.0665,0.103,8
F,0.62,0.485,0.175,1.271,0.531,0.3075,0.37,11
F,0.52,0.375,0.135,0.5375,0.221,0.117,0.17,8
F,0.54,0.435,0.175,0.892,0.322,0.174,0.335,13
M,0.525,0.38,0.125,0.65,0.303,0.155,0.159,7
F,0.55,0.41,0.145,0.8285,0.3095,0.1905,0.25,13
M,0.57,0.45,0.14,0.795,0.3385,0.148,0.245,9
I,0.355,0.28,0.11,0.2235,0.0815,0.0525,0.08,7
M,0.6,0.46,0.18,1.14,0.423,0.2575,0.365,10
F,0.62,0.48,0.18,1.2215,0.582,0.2695,0.313,12
I,0.37,0.29,0.09,0.2445,0.089,0.0655,0.075,7
I,0.56,0.435,0.13,0.777,0.354,0.173,0.222,9
F,0.575,0.46,0.145,0.9945,0.466,0.229,0.265,7
F,0.47,0.36,0.1,0.4705,0.1635,0.089,0.1385,8
M,0.67,0.51,0.2,1.5945,0.6705,0.3845,0.4505,10
M,0.535,0.42,0.16,0.72,0.275,0.164,0.225,15
M,0.5,0.365,0.13,0.5945,0.309,0.1085,0.1535,9
M,0.645,0.51,0.165,1.403,0.5755,0.2515,0.4545,11
F,0.62,0.5,0.175,1.146,0.477,0.23,0.39,13
M,0.27,0.195,0.08,0.1,0.0385,0.0195,0.03,6
I,0.32,0.225,0.085,0.1415,0.0675,0.0295,0.0405,6
I,0.425,0.325,0.11,0.317,0.135,0.048,0.09,8
F,0.635,0.5,0.18,1.312,0.529,0.2485,0.485,18
F,0.57,0.455,0.15,1.107,0.54,0.255,0.27,8
I,0.32,0.24,0.09,0.1575,0.07,0.0265,0.0425,5
M,0.55,0.41,0.13,0.8705,0.4455,0.2115,0.213,9
F,0.655,0.51,0.175,1.415,0.5885,0.3725,0.364,10
I,0.44,0.34,0.125,0.4895,0.1735,0.0875,0.2,13
F,0.51,0.4,0.12,0.7005,0.347,0.1105,0.195,10
M,0.525,0.4,0.13,0.622,0.2655,0.147,0.184,9
I,0.405,0.305,0.105,0.3625,0.1565,0.0705,0.125,10
M,0.505,0.385,0.11,0.655,0.3185,0.15,0.185,9
M,0.65,0.545,0.16,1.2425,0.487,0.296,0.48,15
F,0.575,0.46,0.165,1.065,0.4985,0.2145,0.2815,8
I,0.445,0.36,0.11,0.4235,0.182,0.0765,0.14,9
M,0.575,0.44,0.16,0.9615,0.483,0.166,0.275,13
F,0.475,0.375,0.125,0.588,0.237,0.1715,0.155,10
F,0.59,0.465,0.16,1.1005,0.506,0.2525,0.295,13
F,0.64,0.5,0.17,1.12,0.4955,0.2645,0.32,12
F,0.6,0.455,0.145,0.8895,0.419,0.1715,0.269,10
F,0.645,0.49,0.19,1.3065,0.479,0.3565,0.345,18
I,0.44,0.34,0.1,0.379,0.1725,0.0815,0.101,7
F,0.635,0.505,0.185,1.3035,0.501,0.295,0.41,17
F,0.4,0.31,0.115,0.3465,0.1475,0.0695,0.115,10
I,0.61,0.465,0.125,0.9225,0.436,0.19,0.26,9
I,0.41,0.315,0.1,0.3,0.124,0.0575,0.1,8
M,0.49,0.39,0.14,0.707,0.2795,0.2185,0.18,13
F,0.49,0.38,0.125,0.549,0.245,0.1075,0.174,10
I,0.515,0.395,0.125,0.556,0.2695,0.096,0.17,8
F,0.425,0.35,0.1,0.4425,0.175,0.0755,0.175,7
M,0.62,0.475,0.195,1.3585,0.5935,0.3365,0.3745,10
M,0.575,0.45,0.16,0.955,0.44,0.1685,0.27,16
F,0.525,0.41,0.135,0.7905,0.4065,0.198,0.177,8
F,0.575,0.48,0.15,0.897,0.4235,0.1905,0.248,8
M,0.62,0.48,0.155,1.2555,0.527,0.374,0.3175,11
I,0.45,0.335,0.11,0.4195,0.181,0.085,0.1345,7
F,0.545,0.41,0.115,0.6765,0.29,0.158,0.22,9
F,0.515,0.4,0.125,0.615,0.2865,0.123,0.1765,8
F,0.66,0.525,0.18,1.5965,0.7765,0.397,0.3605,10
I,0.48,0.35,0.105,0.635,0.352,0.127,0.135,6
I,0.425,0.31,0.105,0.365,0.159,0.0825,0.105,6
I,0.35,0.25,0.1,0.4015,0.1725,0.063,0.1255,7
M,0.515,0.405,0.14,0.8505,0.312,0.146,0.315,17
M,0.495,0.385,0.135,0.6335,0.2,0.1225,0.26,14
M,0.655,0.52,0.17,1.1445,0.53,0.223,0.348,9
F,0.345,0.25,0.09,0.203,0.078,0.059,0.055,6
M,0.59,0.465,0.165,1.115,0.5165,0.273,0.275,10
M,0.6,0.46,0.15,1.247,0.5335,0.2735,0.29,9
I,0.625,0.485,0.16,1.15,0.5255,0.257,0.3315,11
M,0.63,0.515,0.155,1.259,0.4105,0.197,0.41,13
F,0.675,0.53,0.195,1.4985,0.62,0.375,0.425,9
F,0.57,0.465,0.18,1.295,0.339,0.2225,0.44,12
M,0.63,0.465,0.15,1.027,0.537,0.188,0.176,8
I,0.36,0.27,0.085,0.196,0.0905,0.034,0.053,7
F,0.49,0.39,0.135,0.5785,0.2465,0.123,0.2,13
I,0.41,0.325,0.105,0.361,0.1605,0.0665,0.103,8
I,0.575,0.435,0.13,0.805,0.3155,0.2155,0.245,10
M,0.625,0.495,0.155,1.0485,0.487,0.212,0.3215,11
I,0.165,0.115,0.015,0.0145,0.0055,0.003,0.005,4
I,0.415,0.33,0.09,0.3595,0.17,0.081,0.09,6
M,0.565,0.455,0.185,0.9265,0.354,0.1575,0.375,16
M,0.445,0.345,0.14,0.476,0.2055,0.1015,0.1085,15
M,0.515,0.385,0.11,0.5785,0.253,0.16,0.14,8
F,0.595,0.48,0.16,1.2095,0.5225,0.296,0.32,8
F,0.5,0.405,0.15,0.5965,0.253,0.126,0.185,12
I,0.155,0.105,0.05,0.0175,0.005,0.0035,0.005,4
I,0.305,0.215,0.065,0.1075,0.044,0.0205,0.038,5
F,0.665,0.525,0.21,1.644,0.818,0.3395,0.4275,10
F,0.545,0.43,0.16,0.844,0.3945,0.1855,0.231,9
M,0.58,0.44,0.15,1.0465,0.518,0.2185,0.2795,10
I,0.52,0.38,0.13,0.5345,0.2375,0.122,0.1535,8
M,0.565,0.455,0.155,0.9355,0.421,0.183,0.26,11
F,0.52,0.425,0.15,0.813,0.385,0.2015,0.23,10
F,0.495,0.4,0.155,0.6445,0.242,0.1325,0.205,17
F,0.57,0.45,0.165,0.903,0.3305,0.1845,0.295,14
F,0.625,0.52,0.18,1.354,0.4845,0.351,0.375,11
I,0.515,0.39,0.125,0.5705,0.238,0.1265,0.185,8
M,0.47,0.37,0.18,0.51,0.1915,0.1285,0.1625,9
F,0.68,0.55,0.19,1.807,0.8225,0.3655,0.515,11
M,0.44,0.365,0.125,0.516,0.2155,0.114,0.155,10
F,0.665,0.53,0.185,1.3955,0.456,0.3205,0.49,15
M,0.485,0.39,0.135,0.617,0.25,0.1345,0.1635,8
I,0.38,0.285,0.095,0.243,0.0895,0.0665,0.075,7
I,0.61,0.465,0.125,0.9225,0.436,0.19,0.26,9
I,0.22,0.16,0.05,0.049,0.0215,0.01,0.015,4
I,0.47,0.4,0.16,0.51,0.1615,0.073,0.198,14
F,0.64,0.475,0.175,1.1545,0.4865,0.341,0.288,9
F,0.66,0.475,0.18,1.3695,0.641,0.294,0.335,6
F,0.66,0.5,0.165,1.1905,0.4585,0.298,0.37,12
I,0.56,0.445,0.155,0.8735,0.3005,0.209,0.275,16
M,0.64,0.505,0.155,1.4025,0.705,0.2655,0.335,10
I,0.515,0.4,0.12,0.659,0.2705,0.179,0.17,13
M,0.36,0.27,0.1,0.217,0.0885,0.0495,0.0715,6
F,0.63,0.5,0.18,1.1965,0.514,0.2325,0.3995,8
F,0.605,0.475,0.145,1.0185,0.4695,0.225,0.27,15
M,0.655,0.485,0.195,1.62,0.6275,0.358,0.485,17
M,0.65,0.51,0.155,1.407,0.7215,0.298,0.335,9
F,0.465,0.38,0.135,0.579,0.208,0.1095,0.22,14
I,0.495,0.375,0.12,0.589,0.3075,0.1215,0.1405,8
M,0.645,0.5,0.19,1.229,0.524,0.278,0.395,17
I,0.455,0.325,0.135,0.82,0.4005,0.1715,0.211,8
F,0.705,0.535,0.22,1.866,0.929,0.3835,0.4395,10
I,0.3,0.23,0.095,0.1385,0.056,0.0365,0.037,6
I,0.47,0.355,0.12,0.4915,0.1765,0.1125,0.1325,9
F,0.545,0.44,0.175,0.7745,0.2985,0.1875,0.265,11
F,0.465,0.35,0.115,0.421,0.1565,0.091,0.1345,9
F,0.635,0.5,0.18,1.312,0.529,0.2485,0.485,18
M,0.44,0.375,0.13,0.487,0.226,0.0965,0.155,9
F,0.615,0.465,0.15,0.923,0.4615,0.1825,0.2415,9
M,0.75,0.595,0.205,2.2205,1.083,0.421,0.63,12
I,0.49,0.38,0.12,0.529,0.2165,0.139,0.155,11
F,0.61,0.495,0.185,1.1085,0.3705,0.3135,0.33,12
F,0.475,0.36,0.12,0.5915,0.3245,0.11,0.127,6
F,0.66,0.5,0.175,1.3275,0.556,0.2805,0.4085,9
M,0.54,0.415,0.13,0.8245,0.272,0.226,0.24,13
I,0.45,0.36,0.125,0.45,0.191,0.0865,0.145,12
M,0.27,0.2,0.08,0.1205,0.0465,0.028,0.04,6
I,0.655,0.515,0.145,1.25,0.5265,0.283,0.315,15
F,0.46,0.425,0.155,0.746,0.3005,0.152,0.24,8
F,0.605,0.48,0.14,0.991,0.4735,0.2345,0.24,8
M,0.425,0.34,0.12,0.388,0.149,0.087,0.125,10
F,0.68,0.505,0.17,1.3435,0.657,0.297,0.355,12
F,0.6,0.48,0.15,1.029,0.4085,0.2705,0.295,16
I,0.47,0.4,0.16,0.51,0.1615,0.073,0.198,14
F,0.545,0.44,0.175,0.7745,0.2985,0.1875,0.265,11
I,0.46,0.35,0.115,0.4155,0.18,0.098,0.1175,7
M,0.7,0.55,0.2,1.523,0.693,0.306,0.4405,13
I,0.43,0.35,0.105,0.366,0.1705,0.0855,0.11,6
I,0.415,0.31,0.095,0.311,0.1125,0.0625,0.115,8
M,0.43,0.345,0.115,0.3045,0.0925,0.055,0.12,11
I,0.365,0.27,0.09,0.2155,0.1005,0.049,0.0655,6
M,0.59,0.47,0.145,0.9235,0.4545,0.173,0.254,9
F,0.62,0.475,0.16,1.3245,0.6865,0.233,0.3275,9
F,0.57,0.45,0.165,0.903,0.3305,0.1845,0.295,14
M,0.625,0.48,0.17,1.3555,0.671,0.268,0.3385,10
I,0.29,0.205,0.07,0.0975,0.036,0.019,0.035,8
M,0.45,0.335,0.14,0.4625,0.164,0.076,0.15,14
F,0.47,0.365,0.12,0.582,0.29,0.092,0.146,8
M,0.5,0.4,0.13,0.6645,0.258,0.133,0.24,12
M,0.7,0.53,0.19,1.3185,0.548,0.233,0.42,18
M,0.385,0.3,0.115,0.3435,0.1645,0.085,0.1025,6
F,0.49,0.39,0.135,0.5785,0.2465,0.123,0.2,13
F,0.38,0.305,0.105,0.281,0.1045,0.0615,0.09,12
I,0.41,0.325,0.1,0.394,0.208,0.0655,0.106,6
I,0.46,0.345,0.12,0.4155,0.198,0.0885,0.107,7
F,0.525,0.41,0.115,0.7745,0.416,0.163,0.18,7
F,0.585,0.455,0.165,0.998,0.345,0.2495,0.315,12
M,0.535,0.42,0.165,0.9195,0.3355,0.1985,0.26,16
I,0.385,0.29,0.08,0.2485,0.122,0.0495,0.065,7
M,0.64,0.505,0.155,1.4025,0.705,0.2655,0.335,10
M,0.195,0.145,0.05,0.032,0.01,0.008,0.012,4
M,0.615,0.48,0.19,1.36,0.5305,0.2375,0.47,18
F,0.45,0.36,0.11,0.447,0.203,0.082,0.13,12
F,0.475,0.365,0.115,0.566,0.281,0.117,0.1335,7
M,0.645,0.5,0.195,1.401,0.6165,0.3515,0.3725,10
F,0.605,0.45,0.165,1.2225,0.357,0.202,0.385,13
I,0.555,0.43,0.125,0.7005,0.3395,0.1355,0.2095,8
M,0.385,0.285,0.105,0.2905,0.1215,0.0685,0.0875,12
I,0.185,0.135,0.045,0.032,0.011,0.0065,0.01,4
M,0.63,0.505,0.165,1.26,0.4525,0.2755,0.406,14
I,0.32,0.205,0.08,0.181,0.088,0.034,0.0495,5
I,0.395,0.295,0.09,0.3025,0.143,0.0665,0.0765,5
I,0.55,0.42,0.155,0.912,0.495,0.1805,0.205,9
M,0.7,0.555,0.2,1.858,0.73,0.3665,0.595,11
F,0.63,0.485,0.19,1.2435,0.4635,0.3055,0.39,21
I,0.485,0.365,0.09,0.651,0.3165,0.132,0.18,8
F,0.385,0.305,0.105,0.3315,0.1365,0.0745,0.1,7
M,0.575,0.45,0.13,0.785,0.318,0.193,0.2265,9
M,0.615,0.495,0.2,1.219,0.564,0.227,0.3885,10
M,0.5,0.41,0.15,0.662,0.2815,0.137,0.22,11
M,0.525,0.425,0.19,0.872,0.4625,0.1725,0.199,9
F,0.595,0.45,0.165,1.081,0.49,0.2525,0.279,12
F,0.505,0.38,0.135,0.6855,0.361,0.1565,0.161,9
M,0.655,0.525,0.185,1.259,0.487,0.2215,0.445,20
I,0.33,0.26,0.085,0.1965,0.0915,0.0425,0.055,7
M,0.545,0.39,0.135,0.7835,0.4225,0.1815,0.156,7
F,0.6,0.475,0.155,1.21,0.653,0.1695,0.3205,10
I,0.435,0.33,0.095,0.393,0.219,0.075,0.0885,6
F,0.5,0.44,0.155,0.742,0.2025,0.2005,0.2115,14
F,0.64,0.5,0.17,1.2645,0.565,0.3375,0.315,9
F,0.485,0.37,0.115,0.4785,0.1995,0.0955,0.129,7
M,0.63,0.51,0.19,1.4985,0.4125,0.3075,0.545,16
I,0.38,0.275,0.095,0.2425,0.106,0.0485,0.21,6
F,0.595,0.47,0.155,1.1775,0.542,0.269,0.31,9
M,0.72,0.58,0.19,2.0885,0.9955,0.478,0.5305,13
M,0.505,0.39,0.115,0.5585,0.2575,0.119,0.1535,8
F,0.655,0.52,0.175,1.472,0.6275,0.27,0.45,13
M,0.625,0.49,0.12,0.8765,0.456,0.18,0.233,10
M,0.565,0.44,0.125,0.802,0.3595,0.1825,0.215,9
M,0.5,0.385,0.12,0.6335,0.2305,0.125,0.235,14
M,0.695,0.54,0.195,1.691,0.768,0.363,0.4755,11
I,0.275,0.2,0.055,0.0925,0.038,0.021,0.026,4
M,0.655,0.54,0.165,1.403,0.6955,0.2385,0.42,11
F,0.66,0.525,0.16,1.277,0.4975,0.319,0.394,13
M,0.605,0.49,0.155,1.153,0.503,0.2505,0.295,15
F,0.525,0.415,0.15,0.7055,0.329,0.147,0.199,10
I,0.29,0.225,0.075,0.152,0.071,0.059,0.045,9
M,0.63,0.48,0.185,1.21,0.53,0.2555,0.322,11
M,0.53,0.44,0.205,0.835,0.32,0.2175,0.245,14
M,0.72,0.565,0.2,1.787,0.718,0.385,0.529,11
F,0.63,0.475,0.175,1.423,0.4155,0.3385,0.49,14
I,0.33,0.245,0.065,0.1445,0.058,0.032,0.0505,6
I,0.62,0.45,0.135,0.924,0.358,0.2265,0.2965,10
I,0.46,0.36,0.1,0.4635,0.2325,0.093,0.115,7
F,0.61,0.47,0.195,1.2735,0.469,0.3315,0.398,12
I,0.41,0.32,0.095,0.2905,0.141,0.063,0.073,5
I,0.64,0.49,0.135,1.1,0.488,0.2505,0.2925,10
I,0.55,0.465,0.15,0.936,0.481,0.174,0.2435,9
F,0.495,0.37,0.12,0.594,0.28,0.11,0.1375,7
M,0.5,0.385,0.12,0.6335,0.2305,0.125,0.235,14
I,0.495,0.39,0.125,0.6655,0.284,0.162,0.2,11
I,0.23,0.165,0.06,0.0515,0.019,0.0145,0.036,4
M,0.59,0.5,0.2,1.187,0.412,0.2705,0.37,16
F,0.7,0.54,0.215,1.978,0.6675,0.3125,0.71,24
M,0.71,0.575,0.215,2.009,0.9895,0.4475,0.502,11
I,0.375,0.28,0.08,0.226,0.105,0.047,0.065,6
F,0.62,0.48,0.16,1.1125,0.5635,0.2445,0.281,8
F,0.63,0.495,0.19,1.1655,0.536,0.2115,0.1625,10
I,0.5,0.385,0.11,0.596,0.3015,0.104,0.151,8
F,0.645,0.535,0.19,1.2395,0.468,0.2385,0.424,10
F,0.64,0.505,0.175,1.3185,0.6185,0.302,0.3315,9
I,0.2,0.15,0.04,0.046,0.021,0.007,0.0065,4
F,0.625,0.48,0.17,1.3525,0.6235,0.278,0.365,10
I,0.58,0.46,0.14,0.9265,0.4135,0.1845,0.27,10
F,0.58,0.455,0.17,0.9075,0.374,0.2135,0.285,13
M,0.49,0.39,0.14,0.707,0.2795,0.2185,0.18,13
M,0.575,0.435,0.15,0.805,0.293,0.1625,0.27,17
F,0.485,0.375,0.145,0.5885,0.2385,0.1155,0.19,13
M,0.545,0.425,0.135,0.8445,0.373,0.21,0.235,10
M,0.61,0.475,0.15,1.142,0.62,0.237,0.245,9
M,0.615,0.47,0.155,1.2,0.5085,0.32,0.292,8
M,0.605,0.485,0.175,1.145,0.4325,0.27,0.405,16
I,0.35,0.265,0.08,0.2,0.09,0.042,0.06,7
M,0.565,0.45,0.16,0.895,0.415,0.195,0.246,9
F,0.58,0.465,0.145,0.9865,0.47,0.2155,0.25,11
F,0.56,0.44,0.14,0.9285,0.3825,0.188,0.3,11
I,0.57,0.45,0.135,0.794,0.3815,0.1415,0.245,8
I,0.535,0.4,0.135,0.6025,0.2895,0.121,0.154,9
I,0.51,0.395,0.155,0.5395,0.2465,0.1085,0.167,8
I,0.425,0.315,0.095,0.3675,0.1865,0.0675,0.0985,7
M,0.625,0.47,0.18,1.136,0.451,0.3245,0.305,11
M,0.495,0.415,0.165,0.7485,0.264,0.134,0.285,13
M,0.505,0.385,0.11,0.655,0.3185,0.15,0.185,9
I,0.42,0.31,0.1,0.2805,0.1125,0.0615,0.0925,8
F,0.65,0.5,0.165,1.1445,0.485,0.218,0.365,12
I,0.35,0.26,0.09,0.1765,0.072,0.0355,0.0575,7
M,0.56,0.45,0.16,0.922,0.432,0.178,0.26,15
F,0.62,0.51,0.15,1.456,0.581,0.2875,0.32,13
M,0.6,0.465,0.165,1.0475,0.465,0.2345,0.315,11
M,0.61,0.485,0.17,1.281,0.597,0.3035,0.33,9
I,0.335,0.25,0.095,0.185,0.0795,0.0495,0.055,8
M,0.51,0.4,0.13,0.6435,0.27,0.1665,0.205,12
F,0.52,0.395,0.18,0.64,0.158,0.11,0.245,22
M,0.63,0.49,0.16,1.09,0.407,0.224,0.354,12
I,0.475,0.355,0.105,0.468,0.201,0.1115,0.12,8
F,0.645,0.51,0.16,1.2415,0.5815,0.276,0.315,9
F,0.4,0.31,0.115,0.3465,0.1475,0.0695,0.115,10
I,0.375,0.275,0.09,0.238,0.1075,0.0545,0.07,6
M,0.67,0.525,0.18,1.6615,0.8005,0.3645,0.43,10
I,0.31,0.235,0.09,0.127,0.048,0.031,0.04,6
M,0.565,0.455,0.15,0.9595,0.4565,0.2395,0.23,9
F,0.435,0.35,0.11,0.384,0.143,0.1005,0.125,13
M,0.61,0.475,0.17,1.0265,0.435,0.2335,0.3035,10
I,0.505,0.405,0.13,0.599,0.2245,0.1175,0.225,11
F,0.57,0.455,0.15,1.107,0.54,0.255,0.27,8
I,0.205,0.155,0.045,0.0495,0.0235,0.011,0.014,3
M,0.7,0.54,0.205,1.74,0.7885,0.373,0.4865,13
I,0.52,0.395,0.135,0.633,0.2985,0.1295,0.175,9
M,0.59,0.465,0.165,1.115,0.5165,0.273,0.275,10
M,0.695,0.53,0.19,1.726,0.7625,0.436,0.455,11
I,0.36,0.265,0.075,0.1845,0.083,0.0365,0.055,7
