I,0.57,0.42,0.13,0.7745,0.3535,0.1505,0.2365,9
M,0.45,0.32,0.1,0.381,0.1705,0.075,0.115,9
M,0.76,0.605,0.215,2.173,0.801,0.4915,0.646,13
F,0.555,0.44,0.145,0.8815,0.43,0.1975,0.2155,8
M,0.28,0.2,0.08,0.0915,0.033,0.0215,0.03,5
I,0.605,0.435,0.13,0.9025,0.432,0.174,0.26,11
I,0.46,0.36,0.1,0.4635,0.2325,0.093,0.115,7
F,0.635,0.5,0.18,1.2565,0.539,0.292,0.35,10
M,0.63,0.49,0.17,1.1745,0.5255,0.273,0.339,11
I,0.54,0.415,0.135,0.709,0.3195,0.174,0.185,9
F,0.46,0.36,0.115,0.4755,0.2105,0.105,0.16,8
M,0.67,0.525,0.18,1.4915,0.728,0.343,0.381,9
M,0.465,0.36,0.105,0.431,0.172,0.107,0.175,9
M,0.56,0.43,0.145,0.8995,0.464,0.1775,0.234,9
M,0.59,0.44,0.135,0.966,0.439,0.2145,0.2605,10
F,0.65,0.51,0.17,1.567,0.7245,0.349,0.391,10
M,0.33,0.25,0.09,0.197,0.085,0.041,0.0605,10
F,0.67,0.545,0.175,1.707,0.6995,0.387,0.575,13
I,0.445,0.355,0.095,0.3615,0.1415,0.0785,0.12,8
I,0.44,0.33,0.135,0.522,0.17,0.0905,0.195,16
F,0.475,0.4,0.115,0.541,0.186,0.1025,0.21,13
M,0.62,0.5,0.165,1.307,0.6355,0.2545,0.315,9
F,0.62,0.5,0.175,1.146,0.477,0.23,0.39,13
M,0.48,0.38,0.135,0.528,0.2,0.1395,0.16,14
F,0.585,0.42,0.155,1.034,0.437,0.2225,0.32,11
I,0.435,0.33,0.105,0.335,0.156,0.0555,0.105,8
M,0.59,0.47,0.155,1.1735,0.6245,0.233,0.2595,9
I,0.275,0.2,0.07,0.096,0.037,0.0225,0.03,6
M,0.49,0.355,0.155,0.981,0.465,0.2015,0.2505,8
M,0.515,0.435,0.145,0.8815,0.292,0.206,0.255,10
M,0.63,0.47,0.15,1.1355,0.539,0.2325,0.3115,12
M,0.63,0.485,0.155,1.278,0.637,0.275,0.31,8
I,0.45,0.35,0.12,0.468,0.2005,0.1065,0.1325,8
M,0.65,0.485,0.14,1.175,0.475,0.2435,0.215,8
M,0.585,0.46,0.185,0.922,0.3635,0.213,0.285,10
I,0.555,0.43,0.155,0.7395,0.3135,0.1435,0.28,10
F,0.55,0.47,0.15,0.9205,0.381,0.2435,0.2675,10
F,0.675,0.545,0.195,1.7345,0.6845,0.3695,0.605,20
I,0.5,0.39,0.12,0.5955,0.2455,0.147,0.173,8
F,0.605,0.495,0.17,1.0915,0.4365,0.2715,0.335,13
M,0.425,0.315,0.125,0.3525,0.1135,0.0565,0.13,18
M,0.415,0.345,0.135,0.3865,0.128,0.07,0.148,13
M,0.6,0.475,0.23,1.157,0.522,0.2235,0.36,11
M,0.71,0.56,0.175,1.724,0.566,0.4575,0.4625,13
F,0.615,0.48,0.165,1.1615,0.513,0.301,0.305,10
F,0.695,0.56,0.22,1.834,0.8455,0.422,0.455,11
F,0.575,0.45,0.1,0.9315,0.431,0.222,0.235,12
F,0.66,0.5,0.175,1.3275,0.556,0.2805,0.4085,9
M,0.535,0.42,0.16,0.72,0.275,0.164,0.225,15
M,0.6,0.485,0.175,1.2675,0.4995,0.2815,0.38,13
I,0.5,0.37,0.12,0.5445,0.249,0.1065,0.152,8
I,0.59,0.46,0.145,0.9015,0.419,0.1785,0.26,11
M,0.67,0.54,0.195,1.217,0.532,0.2735,0.3315,11
I,0.52,0.405,0.14,0.5775,0.2,0.145,0.179,11
I,0.32,0.235,0.09,0.183,0.098,0.0335,0.042,7
I,0.475,0.385,0.11,0.5735,0.311,0.1025,0.136,7
M,0.495,0.385,0.135,0.709,0.211,0.1375,0.262,12
M,0.575,0.44,0.16,0.9615,0.483,0.166,0.275,13
F,0.605,0.49,0.15,1.1345,0.4305,0.2525,0.35,10
I,0.235,0.175,0.08,0.0645,0.0215,0.0175,0.0215,5
M,0.565,0.445,0.15,0.796,0.3635,0.184,0.219,8
M,0.7,0.535,0.16,1.7255,0.63,0.2635,0.54,19
I,0.495,0.385,0.125,0.585,0.2755,0.1235,0.165,8
F,0.645,0.485,0.15,1.151,0.5935,0.2315,0.293,12
F,0.675,0.53,0.195,1.4985,0.62,0.375,0.425,9
M,0.665,0.515,0.19,1.6385,0.831,0.3575,0.371,11
I,0.425,0.34,0.1,0.382,0.164,0.096,0.1,6
F,0.595,0.44,0.135,0.964,0.5005,0.1715,0.2575,10
F,0.62,0.48,0.23,1.0935,0.403,0.245,0.355,14
F,0.585,0.42,0.155,1.034,0.437,0.2225,0.32,11
I,0.525,0.385,0.13,0.607,0.2355,0.125,0.195,8
M,0.715,0.55,0.19,2.0045,1.0465,0.407,0.5075,12
M,0.645,0.5,0.175,1.3385,0.633,0.299,0.349,11
M,0.535,0.415,0.135,0.78,0.3165,0.169,0.2365,8
I,0.535,0.39,0.125,0.599,0.2595,0.149,0.169,9
I,0.495,0.38,0.145,0.515,0.175,0.098,0.212,13
I,0.24,0.175,0.065,0.0665,0.031,0.0135,0.017,3
F,0.45,0.36,0.125,0.4995,0.2035,0.1,0.17,13
F,0.72,0.575,0.18,1.6705,0.732,0.3605,0.501,12
I,0.5,0.38,0.11,0.494,0.218,0.09,0.1325,7
F,0.685,0.525,0.175,1.71,0.5415,0.309,0.58,16
F,0.465,0.35,0.125,0.482,0.23,0.106,0.1095,6
I,0.52,0.41,0.12,0.595,0.2385,0.111,0.19,8
M,0.575,0.435,0.135,0.992,0.432,0.2225,0.239,10
M,0.615,0.53,0.17,1.12,0.5775,0.2095,0.286,9
M,0.6,0.465,0.155,1.0165,0.512,0.2465,0.225,10
F,0.69,0.58,0.195,1.658,0.708,0.3615,0.4715,10
M,0.615,0.525,0.155,1.1375,0.367,0.236,0.37,20
M,0.485,0.39,0.12,0.599,0.251,0.1345,0.169,8
M,0.62,0.51,0.175,1.1505,0.4375,0.2265,0.4,12
F,0.72,0.595,0.225,1.969,0.8045,0.423,0.66,16
M,0.61,0.48,0.15,1.1495,0.564,0.274,0.264,8
F,0.57,0.435,0.14,0.8585,0.3905,0.196,0.2295,8
F,0.465,0.355,0.115,0.4705,0.1955,0.118,0.126,7
M,0.505,0.385,0.11,0.655,0.3185,0.15,0.185,9
F,0.44,0.34,0.13,0.4195,0.153,0.1155,0.13,10
M,0.48,0.355,0.16,0.464,0.221,0.106,0.239,8
I,0.555,0.425,0.145,0.7905,0.3485,0.1765,0.225,9
M,0.57,0.46,0.15,1.0375,0.5415,0.2035,0.25,9
F,0.625,0.48,0.17,1.3525,0.6235,0.278,0.365,10
M,0.67,0.5,0.19,1.519,0.616,0.388,0.415,10
I,0.37,0.28,0.095,0.2865,0.1505,0.069,0.0795,7
M,0.535,0.405,0.14,0.818,0.402,0.1715,0.189,7
F,0.64,0.48,0.195,1.1435,0.4915,0.2345,0.353,9
I,0.42,0.32,0.1,0.34,0.1745,0.05,0.0945,8
I,0.54,0.43,0.17,0.836,0.3725,0.1815,0.24,9
M,0.645,0.5,0.175,1.3385,0.633,0.299,0.349,11
F,0.615,0.485,0.16,1.1575,0.5005,0.2495,0.315,10
I,0.635,0.5,0.165,1.489,0.715,0.3445,0.3615,13
I,0.34,0.255,0.075,0.18,0.0745,0.04,0.0525,6
I,0.355,0.26,0.09,0.1925,0.077,0.038,0.065,8
I,0.435,0.345,0.12,0.3215,0.13,0.056,0.1185,7
F,0.655,0.51,0.16,1.092,0.396,0.2825,0.37,14
M,0.615,0.475,0.175,1.224,0.6035,0.261,0.311,9
M,0.58,0.45,0.155,0.8275,0.321,0.1975,0.2445,8
M,0.775,0.63,0.25,2.7795,1.3485,0.76,0.578,12
I,0.44,0.325,0.1,0.4165,0.185,0.0865,0.11,6
I,0.28,0.205,0.07,0.1015,0.041,0.03,0.03,6
I,0.51,0.375,0.1,0.5785,0.238,0.1225,0.175,7
F,0.655,0.505,0.175,1.2905,0.6205,0.2965,0.326,10
M,0.64,0.52,0.2,1.407,0.566,0.304,0.455,17
M,0.68,0.53,0.205,1.496,0.5825,0.337,0.465,14
I,0.43,0.325,0.09,0.425,0.217,0.087,0.095,7
M,0.6,0.47,0.155,1.036,0.4375,0.196,0.325,20
M,0.5,0.41,0.15,0.662,0.2815,0.137,0.22,11
M,0.615,0.475,0.15,1.0375,0.476,0.2325,0.283,9
M,0.34,0.255,0.095,0.213,0.081,0.034,0.07,9
I,0.435,0.335,0.11,0.334,0.1355,0.0775,0.0965,7
F,0.615,0.485,0.16,1.1575,0.5005,0.2495,0.315,10
F,0.59,0.475,0.16,1.1015,0.4775,0.2555,0.295,13
M,0.535,0.435,0.14,0.874,0.3735,0.229,0.2195,8
M,0.59,0.455,0.155,0.8855,0.388,0.188,0.275,10
F,0.58,0.45,0.17,0.9705,0.4615,0.232,0.248,9
M,0.585,0.48,0.185,1.04,0.434,0.265,0.285,10
I,0.48,0.37,0.12,0.514,0.2075,0.131,0.155,13
M,0.485,0.41,0.15,0.696,0.2405,0.1625,0.265,13
M,0.545,0.45,0.15,0.978,0.3365,0.1905,0.3,11
I,0.465,0.36,0.105,0.498,0.214,0.116,0.14,15
F,0.73,0.57,0.165,2.0165,1.0685,0.418,0.435,10
I,0.43,0.34,0.12,0.3575,0.151,0.0645,0.1045,9
I,0.55,0.42,0.13,0.636,0.294,0.144,0.1755,8
M,0.59,0.485,0.12,0.911,0.39,0.182,0.29,16
I,0.225,0.17,0.07,0.0565,0.024,0.013,0.016,4
I,0.55,0.4,0.135,0.717,0.3315,0.1495,0.221,9
F,0.45,0.365,0.115,0.5885,0.318,0.121,0.1325,8
F,0.69,0.535,0.185,1.826,0.797,0.409,0.499,11
M,0.62,0.485,0.165,1.1325,0.5235,0.2505,0.2825,9
I,0.455,0.34,0.115,0.486,0.261,0.0655,0.1315,8
I,0.61,0.475,0.17,1.0385,0.4435,0.241,0.32,14
F,0.595,0.5,0.18,1.053,0.4405,0.192,0.39,13
F,0.575,0.48,0.15,0.897,0.4235,0.1905,0.248,8
F,0.72,0.59,0.205,1.7495,0.7755,0.4225,0.48,11
M,0.525,0.4,0.17,0.7305,0.279,0.2055,0.195,11
I,0.42,0.3,0.105,0.316,0.1255,0.07,0.1035,7
I,0.475,0.355,0.135,0.4775,0.2145,0.09,0.1435,8
F,0.515,0.415,0.13,0.764,0.276,0.196,0.25,13
M,0.62,0.51,0.175,1.2815,0.5715,0.2385,0.39,10
I,0.285,0.22,0.065,0.096,0.0405,0.0205,0.03,5
I,0.4,0.315,0.1,0.3225,0.143,0.0735,0.091,6
I,0.315,0.24,0.07,0.137,0.0545,0.0315,0.04,8
M,0.53,0.425,0.11,0.739,0.237,0.161,0.295,13
M,0.335,0.265,0.105,0.222,0.0935,0.056,0.075,7
I,0.56,0.44,0.17,0.9445,0.3545,0.2175,0.3,12
M,0.455,0.35,0.11,0.458,0.2,0.111,0.1305,8
M,0.54,0.455,0.14,0.972,0.419,0.255,0.269,10
I,0.36,0.25,0.115,0.465,0.21,0.1055,0.128,7
I,0.28,0.21,0.065,0.111,0.0425,0.0285,0.03,6
F,0.625,0.525,0.195,1.352,0.4505,0.2445,0.53,13
I,0.53,0.395,0.13,0.575,0.247,0.115,0.183,9
M,0.385,0.3,0.095,0.24,0.0885,0.059,0.085,9
I,0.54,0.43,0.17,0.836,0.3725,0.1815,0.24,9
F,0.515,0.4,0.17,0.796,0.258,0.1755,0.28,16
I,0.19,0.13,0.03,0.0295,0.0155,0.015,0.01,6
I,0.52,0.38,0.115,0.6645,0.3285,0.17,0.1425,7
F,0.57,0.455,0.165,1.0595,0.44,0.2195,0.285,14
I,0.52,0.425,0.17,0.6805,0.28,0.174,0.195,10
M,0.62,0.465,0.19,1.3415,0.5705,0.3175,0.355,11
M,0.535,0.435,0.15,0.717,0.3475,0.1445,0.194,9
F,0.615,0.475,0.155,1.027,0.447,0.25,0.285,9
M,0.45,0.345,0.105,0.4115,0.18,0.1125,0.135,7
F,0.535,0.445,0.125,0.8725,0.417,0.199,0.24,8
I,0.495,0.39,0.125,0.6655,0.284,0.162,0.2,11
I,0.525,0.4,0.11,0.6275,0.3015,0.126,0.18,8
I,0.36,0.28,0.09,0.2255,0.0885,0.04,0.09,8
M,0.635,0.48,0.145,1.181,0.665,0.229,0.225,10
M,0.6,0.475,0.17,1.1315,0.508,0.272,0.309,10
F,0.655,0.51,0.16,1.092,0.396,0.2825,0.37,14
M,0.565,0.435,0.15,0.99,0.5795,0.1825,0.206,8
M,0.64,0.49,0.155,1.1285,0.477,0.269,0.34,9
I,0.295,0.225,0.09,0.1105,0.0405,0.0245,0.032,7
I,0.55,0.425,0.145,0.89,0.4325,0.171,0.236,10
I,0.48,0.355,0.11,0.4495,0.201,0.089,0.14,8
M,0.625,0.48,0.18,1.223,0.565,0.2975,0.3375,10
I,0.545,0.405,0.13,0.658,0.327,0.1445,0.174,8
M,0.535,0.44,0.15,0.6765,0.256,0.139,0.26,12
F,0.67,0.55,0.155,1.566,0.858,0.339,0.354,10
F,0.73,0.57,0.165,2.0165,1.0685,0.418,0.435,10
M,0.56,0.455,0.155,0.797,0.34,0.19,0.2425,11
F,0.72,0.525,0.18,1.445,0.631,0.3215,0.435,7
F,0.635,0.505,0.17,1.2635,0.512,0.322,0.355,9
F,0.505,0.38,0.145,0.651,0.2935,0.19,0.17,12
I,0.5,0.395,0.12,0.537,0.2165,0.1085,0.1785,9
F,0.815,0.65,0.25,2.255,0.8905,0.42,0.7975,14
I,0.42,0.305,0.1,0.3415,0.1645,0.0775,0.086,7
M,0.58,0.45,0.14,0.824,0.3465,0.1765,0.263,10
F,0.48,0.385,0.135,0.536,0.1895,0.142,0.173,14
F,0.565,0.445,0.155,0.826,0.341,0.2055,0.2475,10
M,0.625,0.48,0.16,1.1415,0.5795,0.2145,0.29,9
F,0.575,0.45,0.135,0.8285,0.362,0.1655,0.236,10
M,0.635,0.495,0.17,1.3695,0.657,0.3055,0.365,10
M,0.375,0.3,0.1,0.2465,0.104,0.0475,0.083,11
I,0.265,0.21,0.06,0.0965,0.0425,0.022,0.03,5
F,0.56,0.435,0.15,0.8715,0.4755,0.1835,0.1835,9
M,0.62,0.47,0.135,1.0195,0.5315,0.2005,0.2475,8
F,0.605,0.49,0.15,1.1345,0.4305,0.2525,0.35,10
F,0.49,0.365,0.145,0.6345,0.1995,0.1625,0.22,10
F,0.55,0.45,0.145,0.741,0.295,0.1435,0.2665,10
F,0.63,0.495,0.2,1.4255,0.659,0.336,0.38,11
I,0.625,0.465,0.155,0.972,0.404,0.1845,0.35,14
M,0.57,0.46,0.14,0.9535,0.4465,0.2065,0.245,12
M,0.625,0.49,0.175,1.3325,0.5705,0.271,0.405,10
F,0.53,0.385,0.125,0.6695,0.289,0.151,0.18,10
F,0.67,0.525,0.19,1.527,0.5755,0.353,0.44,12
M,0.635,0.5,0.165,1.273,0.6535,0.213,0.365,12
F,0.665,0.515,0.18,1.389,0.5945,0.324,0.395,10
F,0.615,0.525,0.155,1.0385,0.427,0.2315,0.345,11
F,0.61,0.43,0.14,0.909,0.438,0.2,0.22,8
M,0.6,0.49,0.21,1.9875,1.005,0.419,0.491,10
M,0.285,0.215,0.075,0.106,0.0415,0.023,0.035,5
M,0.35,0.255,0.08,0.1915,0.08,0.0385,0.063,9
M,0.625,0.47,0.175,1.179,0.605,0.258,0.271,9
F,0.625,0.495,0.16,1.1115,0.4495,0.2825,0.345,11
I,0.345,0.275,0.095,0.1995,0.0755,0.0535,0.07,6
F,0.425,0.33,0.115,0.406,0.1635,0.081,0.1355,8
I,0.385,0.29,0.08,0.2485,0.122,0.0495,0.065,7
I,0.35,0.26,0.085,0.174,0.0705,0.0345,0.06,10
I,0.35,0.265,0.085,0.1735,0.0775,0.034,0.056,6
M,0.57,0.45,0.155,1.1935,0.513,0.21,0.343,10
M,0.505,0.39,0.115,0.5585,0.2575,0.119,0.1535,8
I,0.405,0.305,0.105,0.3625,0.1565,0.0705,0.125,10
I,0.585,0.45,0.135,0.855,0.3795,0.187,0.26,9
F,0.47,0.355,0.14,0.433,0.1525,0.095,0.152,12
I,0.555,0.425,0.13,0.648,0.2835,0.133,0.2105,8
M,0.535,0.435,0.15,0.717,0.3475,0.1445,0.194,9
M,0.435,0.335,0.11,0.4385,0.2075,0.0715,0.1315,7
F,0.515,0.4,0.125,0.615,0.2865,0.123,0.1765,8
I,0.53,0.415,0.13,0.694,0.3905,0.111,0.167,9
F,0.525,0.415,0.17,0.8325,0.2755,0.1685,0.31,13
I,0.535,0.41,0.13,0.6075,0.268,0.1225,0.1975,9
M,0.495,0.38,0.12,0.474,0.197,0.1065,0.1545,10
M,0.53,0.44,0.205,0.835,0.32,0.2175,0.245,14
M,0.49,0.385,0.125,0.609,0.3065,0.096,0.1775,8
F,0.56,0.465,0.16,1.0315,0.432,0.2025,0.337,9
I,0.315,0.23,0.07,0.164,0.0625,0.04,0.045,6
M,0.62,0.465,0.19,1.3415,0.5705,0.3175,0.355,11
I,0.28,0.21,0.055,0.106,0.0415,0.0265,0.031,5
I,0.27,0.205,0.075,0.118,0.059,0.031,0.0305,4
M,0.72,0.58,0.19,2.0885,0.9955,0.478,0.5305,13
M,0.545,0.42,0.12,0.7865,0.403,0.185,0.17,7
M,0.525,0.435,0.155,1.065,0.486,0.233,0.285,8
F,0.73,0.57,0.165,2.0165,1.0685,0.418,0.435,10
M,0.685,0.55,0.19,1.885,0.89,0.41,0.4895,10
F,0.65,0.525,0.175,1.4225,0.61,0.2995,0.445,20
F,0.47,0.355,0.14,0.433,0.1525,0.095,0.152,12
I,0.455,0.345,0.105,0.4005,0.164,0.0755,0.126,8
F,0.565,0.445,0.155,0.826,0.341,0.2055,0.2475,10
M,0.625,0.465,0.14,1.195,0.4825,0.205,0.4,13
I,0.39,0.3,0.1,0.2665,0.1105,0.059,0.084,7
F,0.61,0.495,0.185,1.153,0.536,0.2905,0.245,8
M,0.59,0.49,0.135,1.008,0.422,0.2245,0.285,11
M,0.65,0.51,0.155,1.407,0.7215,0.298,0.335,9
M,0.235,0.16,0.06,0.0545,0.0265,0.0095,0.015,4
M,0.55,0.42,0.145,0.7385,0.321,0.1485,0.252,11
M,0.57,0.445,0.16,1.0145,0.516,0.164,0.3,10
I,0.41,0.335,0.11,0.33,0.157,0.0705,0.17,7
F,0.59,0.465,0.16,1.1005,0.506,0.2525,0.295,13
F,0.405,0.325,0.11,0.3575,0.145,0.0725,0.11,12
F,0.67,0.54,0.2,1.46,0.6435,0.328,0.4165,9
I,0.47,0.355,0.115,0.4155,0.167,0.084,0.139,7
I,0.265,0.195,0.055,0.084,0.0365,0.0175,0.025,7
F,0.56,0.41,0.16,0.8215,0.342,0.184,0.253,9
I,0.28,0.205,0.08,0.127,0.052,0.039,0.042,9
I,0.6,0.445,0.135,0.9205,0.445,0.2035,0.253,9
F,0.51,0.4,0.125,0.545,0.261,0.115,0.1385,6
I,0.44,0.31,0.115,0.3625,0.134,0.082,0.12,11
I,0.46,0.35,0.115,0.4155,0.18,0.098,0.1175,7
M,0.47,0.375,0.12,0.5805,0.266,0.0935,0.169,8
F,0.485,0.38,0.15,0.605,0.2155,0.14,0.18,15
F,0.62,0.5,0.15,1.293,0.596,0.3135,0.354,10
M,0.575,0.47,0.14,0.8375,0.3485,0.1735,0.24,11
M,0.745,0.565,0.215,1.931,0.896,0.4585,0.5,11
F,0.61,0.495,0.19,1.213,0.464,0.306,0.365,15
M,0.62,0.47,0.15,1.309,0.587,0.4405,0.325,9
I,0.31,0.235,0.09,0.127,0.048,0.031,0.04,6
M,0.59,0.46,0.155,0.906,0.327,0.1485,0.335,15
I,0.445,0.32,0.12,0.378,0.152,0.0825,0.12,8
I,0.37,0.285,0.095,0.226,0.1135,0.0515,0.0675,8
M,0.72,0.585,0.22,1.914,0.9155,0.448,0.479,11
I,0.42,0.305,0.09,0.328,0.168,0.0615,0.082,6
I,0.53,0.415,0.13,0.694,0.3905,0.111,0.167,9
F,0.5,0.38,0.155,0.655,0.2405,0.143,0.205,17
M,0.58,0.45,0.155,0.8275,0.321,0.1975,0.2445,8
M,0.485,0.395,0.14,0.6295,0.2285,0.127,0.225,14
M,0.575,0.45,0.155,0.886,0.3605,0.211,0.2575,9
I,0.52,0.395,0.125,0.5805,0.2445,0.146,0.165,9
M,0.655,0.525,0.16,1.46,0.686,0.311,0.405,11
F,0.535,0.405,0.125,0.927,0.26,0.1425,0.345,16
M,0.635,0.515,0.165,1.229,0.5055,0.2975,0.3535,10
I,0.575,0.44,0.15,0.983,0.486,0.215,0.239,8
F,0.485,0.365,0.14,0.6195,0.2595,0.1445,0.177,14
M,0.55,0.42,0.17,0.8465,0.336,0.2405,0.245,13
I,0.34,0.25,0.09,0.179,0.0775,0.033,0.055,6
I,0.235,0.13,0.075,0.1585,0.0685,0.037,0.0465,5
I,0.35,0.28,0.075,0.196,0.082,0.04,0.064,8
M,0.495,0.395,0.12,0.553,0.224,0.1375,0.167,8
I,0.365,0.27,0.09,0.2155,0.1005,0.049,0.0655,6
M,0.645,0.51,0.165,1.403,0.5755,0.2515,0.4545,11
I,0.235,0.13,0.075,0.1585,0.0685,0.037,0.0465,5
I,0.25,0.18,0.065,0.0685,0.0245,0.0155,0.0225,5
F,0.46,0.355,0.13,0.458,0.192,0.1055,0.13,13
M,0.65,0.52,0.175,1.2655,0.615,0.2775,0.336,9
M,0.57,0.46,0.14,0.9535,0.4465,0.2065,0.245,12
M,0.555,0.43,0.165,0.7575,0.2735,0.1635,0.275,13
I,0.5,0.36,0.12,0.439,0.1875,0.1055,0.1305,8
F,0.46,0.35,0.115,0.46,0.2025,0.1115,0.1165,6
F,0.66,0.515,0.17,1.337,0.615,0.3125,0.3575,10
F,0.58,0.45,0.17,0.9705,0.4615,0.232,0.248,9
F,0.605,0.485,0.16,1.201,0.417,0.2875,0.38,9
M,0.62,0.5,0.18,1.3915,0.726,0.2795,0.332,11
I,0.42,0.32,0.115,0.409,0.2055,0.0935,0.105,8
I,0.46,0.355,0.14,0.4935,0.216,0.133,0.115,13
M,0.505,0.365,0.115,0.521,0.25,0.096,0.15,8
F,0.275,0.195,0.07,0.08,0.031,0.0215,0.025,5
I,0.475,0.355,0.105,0.468,0.201,0.1115,0.12,8
F,0.505,0.38,0.145,0.651,0.2935,0.19,0.17,12
M,0.64,0.53,0.165,1.1895,0.4765,0.3,0.35,11
M,0.605,0.475,0.19,1.1255,0.59,0.247,0.26,10
F,0.625,0.49,0.155,1.2085,0.465,0.162,0.411,11
M,0.64,0.52,0.2,1.407,0.566,0.304,0.455,17
I,0.405,0.3,0.09,0.269,0.103,0.067,0.11,6
M,0.48,0.355,0.16,0.464,0.221,0.106,0.239,8
I,0.37,0.27,0.095,0.2175,0.097,0.046,0.065,6
M,0.585,0.45,0.175,1.1275,0.4925,0.262,0.335,11
I,0.45,0.36,0.125,0.45,0.191,0.0865,0.145,12
I,0.4,0.3,0.11,0.315,0.109,0.067,0.12,9
F,0.58,0.44,0.175,1.073,0.4005,0.2345,0.335,19
F,0.53,0.395,0.145,0.775,0.308,0.169,0.255,7
F,0.63,0.495,0.145,1.147,0.5455,0.266,0.2885,9
M,0.62,0.49,0.16,1.035,0.44,0.2525,0.285,11
M,0.64,0.585,0.195,1.647,0.7225,0.331,0.471,12
I,0.555,0.43,0.125,0.7005,0.3395,0.1355,0.2095,8
I,0.4,0.315,0.085,0.2675,0.116,0.0585,0.0765,6
I,0.515,0.42,0.135,0.711,0.337,0.144,0.205,13
I,0.595,0.475,0.155,0.984,0.4865,0.184,0.2755,10
F,0.555,0.435,0.165,0.97,0.336,0.2315,0.295,17
F,0.54,0.44,0.16,1.0905,0.391,0.2295,0.355,15
I,0.435,0.33,0.11,0.38,0.1515,0.0945,0.11,7
M,0.545,0.45,0.15,0.978,0.3365,0.1905,0.3,11
F,0.595,0.5,0.18,1.053,0.4405,0.192,0.39,13
F,0.655,0.455,0.17,1.2895,0.587,0.3165,0.3415,11
F,0.62,0.47,0.225,1.115,0.378,0.2145,0.36,15
M,0.295,0.225,0.09,0.1385,0.048,0.046,0.05,9
M,0.28,0.205,0.1,0.1165,0.0545,0.0285,0.03,5
I,0.51,0.385,0.15,0.625,0.3095,0.119,0.1725,8
I,0.33,0.26,0.08,0.19,0.0765,0.0385,0.065,7
F,0.535,0.4,0.135,0.8215,0.3935,0.196,0.205,8
M,0.695,0.53,0.19,1.726,0.7625,0.436,0.455,11
I,0.625,0.43,0.175,1.411,0.572,0.297,0.395,12
I,0.36,0.27,0.085,0.196,0.0905,0.034,0.053,7
F,0.55,0.425,0.145,0.797,0.297,0.15,0.265,9
M,0.61,0.475,0.175,1.024,0.409,0.261,0.322,9
I,0.47,0.355,0.125,0.499,0.21,0.0985,0.155,8
M,0.505,0.4,0.135,0.723,0.377,0.149,0.178,7
M,0.485,0.39,0.085,0.6435,0.2945,0.103,0.198,8
I,0.46,0.34,0.09,0.384,0.1795,0.068,0.11,8
I,0.54,0.415,0.11,0.619,0.2755,0.15,0.1765,10
F,0.415,0.325,0.115,0.3455,0.1405,0.0765,0.11,9
M,0.615,0.495,0.2,1.304,0.5795,0.3115,0.371,14
M,0.59,0.475,0.165,1.077,0.4545,0.244,0.3095,9
I,0.37,0.275,0.1,0.2815,0.1505,0.0505,0.068,5
M,0.62,0.485,0.205,1.219,0.3875,0.2505,0.385,14
F,0.64,0.505,0.19,1.2355,0.4435,0.3105,0.365,14
I,0.4,0.3,0.09,0.2815,0.1185,0.061,0.08,7
M,0.61,0.48,0.165,1.244,0.6345,0.257,0.305,12
M,0.66,0.52,0.19,1.558,0.755,0.298,0.4,10
M,0.645,0.5,0.175,1.3385,0.633,0.299,0.349,11
I,0.42,0.325,0.11,0.325,0.1245,0.0755,0.1025,7
F,0.585,0.47,0.17,1.099,0.3975,0.2325,0.358,20
F,0.525,0.43,0.135,0.8435,0.4325,0.18,0.1815,9
F,0.61,0.49,0.17,1.137,0.4605,0.2825,0.344,12
F,0.665,0.54,0.195,1.764,0.8505,0.3615,0.47,11
M,0.525,0.4,0.13,0.622,0.2655,0.147,0.184,9
F,0.385,0.3,0.1,0.2725,0.1115,0.057,0.08,6
M,0.535,0.42,0.165,0.9195,0.3355,0.1985,0.26,16
M,0.65,0.5,0.14,1.238,0.6165,0.2355,0.32,8
M,0.66,0.515,0.195,1.5655,0.7345,0.353,0.386,9
F,0.68,0.51,0.2,1.6075,0.714,0.339,0.4705,11
M,0.595,0.47,0.145,0.991,0.4035,0.1505,0.34,16
I,0.45,0.35,0.135,0.494,0.2205,0.0945,0.1405,7
M,0.65,0.51,0.175,1.3165,0.6345,0.2605,0.364,12
M,0.685,0.51,0.18,1.4545,0.6315,0.3105,0.3725,9
F,0.44,0.345,0.17,0.4085,0.15,0.0825,0.1515,12
I,0.37,0.29,0.08,0.2545,0.108,0.0565,0.07,6
M,0.455,0.34,0.135,0.462,0.1675,0.158,0.12,9
I,0.47,0.345,0.12,0.3685,0.1525,0.0615,0.125,8
F,0.61,0.485,0.18,1.2795,0.5735,0.2855,0.355,7
I,0.255,0.19,0.05,0.083,0.0295,0.0215,0.027,6
I,0.315,0.235,0.07,0.149,0.058,0.0325,0.047,7
I,0.335,0.26,0.085,0.192,0.097,0.03,0.054,6
I,0.43,0.315,0.115,0.384,0.1885,0.0715,0.11,8
F,0.615,0.5,0.165,1.1765,0.488,0.244,0.345,17
F,0.75,0.57,0.21,2.236,1.109,0.5195,0.545,11
M,0.62,0.51,0.175,1.2815,0.5715,0.2385,0.39,10
I,0.62,0.47,0.14,0.8565,0.3595,0.16,0.295,9
M,0.36,0.295,0.105,0.241,0.0865,0.053,0.095,8
M,0.505,0.385,0.115,0.4825,0.21,0.1035,0.1535,10
M,0.415,0.345,0.135,0.3865,0.128,0.07,0.148,13
F,0.65,0.515,0.215,1.498,0.564,0.323,0.425,16
F,0.485,0.365,0.12,0.5885,0.27,0.131,0.175,9
M,0.745,0.575,0.2,1.884,0.954,0.336,0.495,12
M,0.485,0.37,0.14,0.5725,0.204,0.1415,0.175,10
F,0.505,0.39,0.13,0.674,0.3165,0.141,0.1785,9
M,0.645,0.52,0.175,1.561,0.709,0.3555,0.4,8
F,0.62,0.51,0.15,1.456,0.581,0.2875,0.32,13
M,0.545,0.41,0.14,0.625,0.223,0.16,0.235,13
M,0.6,0.47,0.16,1.194,0.5625,0.3045,0.2635,10
I,0.66,0.525,0.18,1.6935,0.6025,0.4005,0.42,15
M,0.61,0.48,0.17,1.137,0.4565,0.29,0.347,10
F,0.57,0.425,0.13,0.782,0.3695,0.1745,0.1965,8
F,0.67,0.54,0.195,1.619,0.74,0.3305,0.465,11
M,0.48,0.355,0.16,0.464,0.221,0.106,0.239,8
F,0.45,0.36,0.11,0.447,0.203,0.082,0.13,12
I,0.565,0.435,0.155,0.782,0.2715,0.168,0.285,14
F,0.545,0.41,0.115,0.6765,0.29,0.158,0.22,9
F,0.545,0.415,0.15,0.7335,0.2795,0.163,0.2185,11
M,0.63,0.49,0.16,1.09,0.407,0.224,0.354,12
I,0.38,0.28,0.085,0.2735,0.115,0.061,0.085,6
M,0.72,0.585,0.22,1.914,0.9155,0.448,0.479,11
M,0.65,0.495,0.16,1.2075,0.55,0.2695,0.32,10
I,0.55,0.465,0.15,0.936,0.481,0.174,0.2435,9
M,0.635,0.525,0.185,1.4065,0.684,0.3,0.3745,10
I,0.635,0.5,0.165,1.489,0.715,0.3445,0.3615,13
M,0.355,0.28,0.095,0.2455,0.0955,0.062,0.075,11
F,0.55,0.47,0.15,0.897,0.377,0.184,0.29,9
M,0.575,0.465,0.12,1.0535,0.516,0.2185,0.235,9
M,0.585,0.47,0.165,1.409,0.8,0.229,0.295,10
I,0.33,0.255,0.085,0.1655,0.063,0.039,0.06,8
M,0.72,0.575,0.23,2.2695,0.8835,0.3985,0.665,16
M,0.455,0.355,0.13,0.515,0.2,0.1275,0.175,11
M,0.735,0.59,0.205,2.087,0.909,0.474,0.625,12
F,0.58,0.43,0.17,1.48,0.6535,0.324,0.4155,10
F,0.6,0.475,0.17,1.088,0.4905,0.2475,0.31,10
I,0.31,0.23,0.07,0.1245,0.0505,0.0265,0.038,6
M,0.45,0.345,0.105,0.4115,0.18,0.1125,0.135,7
F,0.645,0.5,0.15,1.159,0.4675,0.3355,0.31,9
M,0.52,0.39,0.12,0.6435,0.2885,0.157,0.161,7
M,0.575,0.47,0.185,0.985,0.3745,0.2175,0.355,10
M,0.58,0.455,0.17,0.93,0.408,0.259,0.22,9
M,0.365,0.285,0.085,0.2205,0.0855,0.0515,0.07,9
M,0.59,0.475,0.155,0.857,0.356,0.174,0.28,13
M,0.495,0.4,0.155,0.8085,0.2345,0.1155,0.35,6
I,0.275,0.2,0.075,0.086,0.0305,0.019,0.03,7
F,0.62,0.48,0.17,1.1045,0.535,0.25,0.287,10
F,0.38,0.32,0.115,0.6475,0.323,0.1325,0.164,7
F,0.73,0.555,0.18,1.6895,0.6555,0.1965,0.4935,10
I,0.32,0.235,0.09,0.183,0.098,0.0335,0.042,7
F,0.61,0.48,0.16,1.234,0.598,0.238,0.315,12
M,0.445,0.345,0.09,0.3795,0.143,0.074,0.125,10
I,0.5,0.395,0.14,0.6215,0.2925,0.1205,0.195,9
F,0.615,0.455,0.135,1.059,0.4735,0.263,0.274,9
M,0.67,0.525,0.17,1.4005,0.715,0.3025,0.387,9
M,0.38,0.27,0.095,0.219,0.0835,0.0515,0.07,6
I,0.325,0.24,0.07,0.152,0.0565,0.0305,0.054,8
F,0.48,0.38,0.12,0.608,0.2705,0.1405,0.185,8
I,0.485,0.355,0.13,0.581,0.245,0.132,0.168,12
I,0.555,0.425,0.18,0.875,0.3695,0.2005,0.255,11
F,0.5,0.4,0.14,0.6615,0.2565,0.1755,0.22,8
M,0.685,0.55,0.2,1.7725,0.813,0.387,0.49,11
I,0.53,0.405,0.13,0.6615,0.2945,0.1395,0.19,9
F,0.615,0.455,0.145,1.1155,0.5045,0.238,0.315,10
I,0.35,0.26,0.09,0.1765,0.072,0.0355,0.0575,7
I,0.375,0.275,0.085,0.22,0.109,0.05,0.0605,7
M,0.53,0.405,0.15,0.8315,0.352,0.187,0.2525,10
M,0.55,0.425,0.16,0.97,0.2885,0.139,0.48,20
M,0.695,0.525,0.175,1.742,0.696,0.389,0.505,12
F,0.55,0.415,0.135,0.775,0.302,0.179,0.26,23
F,0.625,0.515,0.15,1.2415,0.5235,0.3065,0.36,15
M,0.49,0.395,0.135,0.5545,0.213,0.0925,0.215,14
M,0.6,0.47,0.155,1.036,0.4375,0.196,0.325,20
F,0.615,0.475,0.155,1.027,0.447,0.25,0.285,9
I,0.385,0.28,0.095,0.257,0.119,0.059,0.07,7
M,0.665,0.525,0.18,1.429,0.6715,0.29,0.4,12
M,0.615,0.475,0.17,1.1825,0.474,0.2895,0.24,11
F,0.75,0.61,0.235,2.5085,1.232,0.519,0.612,14
M,0.6,0.48,0.175,1.229,0.4125,0.2735,0.415,13
I,0.34,0.26,0.09,0.179,0.076,0.0525,0.055,6
M,0.7,0.545,0.185,1.6135,0.75,0.4035,0.3685,11
I,0.575,0.475,0.17,0.967,0.3775,0.284,0.275,13
M,0.49,0.385,0.125,0.609,0.3065,0.096,0.1775,8
M,0.31,0.225,0.08,0.1345,0.054,0.024,0.05,7
F,0.565,0.46,0.15,0.8765,0.3455,0.1925,0.275,10
I,0.375,0.27,0.085,0.218,0.0945,0.039,0.07,7
F,0.55,0.43,0.155,0.785,0.289,0.227,0.233,11
F,0.63,0.485,0.19,1.2435,0.4635,0.3055,0.39,21
F,0.615,0.525,0.155,1.0385,0.427,0.2315,0.345,11
F,0.635,0.5,0.15,1.376,0.6495,0.361,0.31,10
M,0.515,0.405,0.145,0.695,0.215,0.1635,0.234,15
I,0.45,0.35,0.125,0.4775,0.2235,0.089,0.118,6
I,0.41,0.325,0.1,0.394,0.208,0.0655,0.106,6
F,0.66,0.535,0.175,1.5175,0.711,0.3125,0.415,12
M,0.57,0.48,0.18,0.9395,0.399,0.2,0.295,14
M,0.6,0.41,0.145,0.939,0.4475,0.196,0.268,8
M,0.555,0.45,0.175,0.874,0.3275,0.202,0.305,10
I,0.33,0.245,0.065,0.1445,0.058,0.032,0.0505,6
F,0.575,0.46,0.165,1.124,0.2985,0.1785,0.44,13
I,0.405,0.285,0.09,0.2645,0.1265,0.0505,0.075,6
I,0.485,0.375,0.13,0.5535,0.266,0.112,0.157,8
F,0.535,0.405,0.145,0.6845,0.2725,0.171,0.205,10
I,0.495,0.38,0.13,0.5125,0.2185,0.116,0.16,7
I,0.475,0.375,0.115,0.5205,0.233,0.119,0.1455,7
F,0.505,0.39,0.13,0.674,0.3165,0.141,0.1785,9
F,0.525,0.415,0.15,0.7055,0.329,0.147,0.199,10
I,0.47,0.375,0.12,0.487,0.196,0.099,0.135,8
I,0.45,0.335,0.105,0.362,0.1575,0.0795,0.1095,7
I,0.37,0.285,0.095,0.226,0.1135,0.0515,0.0675,8
F,0.72,0.575,0.18,1.6705,0.732,0.3605,0.501,12
M,0.45,0.35,0.13,0.46,0.174,0.111,0.135,8
I,0.48,0.37,0.12,0.514,0.2075,0.131,0.155,13
M,0.72,0.565,0.2,2.1055,1.017,0.363,0.494,12
F,0.625,0.49,0.155,1.2085,0.465,0.162,0.411,11
M,0.65,0.52,0.155,1.368,0.6185,0.288,0.365,9
M,0.575,0.45,0.165,0.9655,0.498,0.19,0.23,8
M,0.66,0.515,0.195,1.5655,0.7345,0.353,0.386,9
M,0.65,0.515,0.175,1.4805,0.5295,0.272,0.525,20
I,0.475,0.35,0.12,0.4905,0.2035,0.13,0.135,7
M,0.685,0.55,0.2,1.7725,0.813,0.387,0.49,11
I,0.42,0.32,0.11,0.309,0.115,0.0645,0.0945,6
I,0.37,0.28,0.09,0.2565,0.1255,0.0645,0.0645,6
F,0.7,0.525,0.19,1.6015,0.707,0.365,0.43,10
I,0.575,0.455,0.18,0.8525,0.3015,0.1825,0.3,13
F,0.5,0.405,0.15,0.5965,0.253,0.126,0.185,12
M,0.535,0.405,0.185,0.8345,0.3175,0.1725,0.29,16
F,0.575,0.46,0.165,0.9575,0.4815,0.1945,0.236,10
F,0.405,0.325,0.11,0.3575,0.145,0.0725,0.11,12
I,0.49,0.375,0.115,0.4615,0.204,0.0945,0.143,8
I,0.32,0.255,0.085,0.1745,0.072,0.033,0.057,8
M,0.565,0.44,0.115,0.9185,0.404,0.1785,0.29,11
M,0.465,0.36,0.105,0.431,0.172,0.107,0.175,9
M,0.48,0.355,0.16,0.464,0.221,0.106,0.239,8
M,0.605,0.47,0.18,1.1405,0.3755,0.2805,0.385,15
F,0.625,0.515,0.15,1.2415,0.5235,0.3065,0.36,15
M,0.245,0.18,0.065,0.0635,0.0245,0.0135,0.02,4
F,0.525,0.43,0.135,0.8435,0.4325,0.18,0.1815,9
F,0.655,0.51,0.16,1.092,0.396,0.2825,0.37,14
F,0.575,0.46,0.165,0.9575,0.4815,0.1945,0.236,10
M,0.595,0.465,0.175,1.115,0.4015,0.254,0.39,13
M,0.725,0.575,0.24,2.21,1.351,0.413,0.5015,13
I,0.425,0.325,0.11,0.3335,0.173,0.045,0.1,7
F,0.595,0.44,0.135,0.964,0.5005,0.1715,0.2575,10
M,0.56,0.45,0.155,0.9125,0.3595,0.271,0.35,10
I,0.52,0.395,0.145,0.77,0.424,0.142,0.1895,7
I,0.27,0.19,0.06,0.099,0.0445,0.017,0.03,5
F,0.625,0.49,0.175,1.233,0.5565,0.247,0.365,11
M,0.71,0.56,0.22,2.015,0.9215,0.454,0.566,11
I,0.435,0.32,0.08,0.3325,0.1485,0.0635,0.105,9
I,0.53,0.395,0.125,0.6235,0.2975,0.108,0.195,11
M,0.695,0.53,0.19,1.726,0.7625,0.436,0.455,11
I,0.43,0.33,0.1,0.449,0.254,0.0825,0.097,6
F,0.57,0.445,0.15,0.995,0.504,0.185,0.2505,9
I,0.3,0.215,0.05,0.1185,0.048,0.0225,0.042,4
I,0.27,0.19,0.06,0.099,0.0445,0.017,0.03,5
I,0.55,0.43,0.145,0.7895,0.3745,0.171,0.223,11
I,0.64,0.49,0.135,1.1,0.488,0.2505,0.2925,10
F,0.555,0.435,0.165,0.97,0.336,0.2315,0.295,17
I,0.435,0.335,0.1,0.3245,0.135,0.0785,0.098,7
I,0.35,0.25,0.07,0.18,0.0655,0.048,0.054,6
F,0.625,0.485,0.15,1.0945,0.531,0.261,0.296,10
M,0.485,0.385,0.105,0.556,0.296,0.104,0.133,7
F,0.54,0.42,0.14,0.8035,0.38,0.1805,0.21,9
F,0.5,0.385,0.115,0.6785,0.2945,0.138,0.195,12
F,0.55,0.43,0.155,0.785,0.289,0.227,0.233,11
I,0.38,0.29,0.1,0.237,0.108,0.0395,0.082,6
F,0.53,0.425,0.13,0.717,0.2115,0.166,0.255,13
I,0.32,0.255,0.085,0.1745,0.072,0.033,0.057,8
F,0.465,0.36,0.12,0.4765,0.192,0.1125,0.16,10
F,0.62,0.5,0.175,1.146,0.477,0.23,0.39,13
M,0.18,0.125,0.05,0.023,0.0085,0.0055,0.01,3
I,0.52,0.425,0.17,0.6805,0.28,0.174,0.195,10
M,0.49,0.395,0.135,0.5545,0.213,0.0925,0.215,14
F,0.745,0.585,0.19,1.966,0.8435,0.437,0.5855,18
M,0.555,0.44,0.14,0.8705,0.407,0.156,0.255,9
F,0.565,0.455,0.175,1.013,0.342,0.207,0.35,19
M,0.5,0.385,0.135,0.551,0.2245,0.0715,0.206,11
I,0.28,0.205,0.07,0.1015,0.041,0.03,0.03,6
I,0.575,0.45,0.135,0.8245,0.3375,0.2115,0.239,11
I,0.44,0.33,0.11,0.3705,0.1545,0.084,0.12,7
F,0.515,0.415,0.13,0.764,0.276,0.196,0.25,13
M,0.595,0.48,0.185,1.1785,0.526,0.2975,0.314,10
F,0.455,0.355,0.12,0.4495,0.177,0.104,0.15,9
F,0.39,0.29,0.125,0.3055,0.121,0.082,0.09,7
M,0.655,0.515,0.16,1.31,0.553,0.369,0.345,11
F,0.57,0.45,0.17,1.098,0.414,0.187,0.405,20
I,0.425,0.3,0.095,0.3515,0.141,0.0775,0.12,8
M,0.27,0.195,0.07,0.106,0.0465,0.018,0.036,7
F,0.53,0.44,0.135,0.7835,0.313,0.1715,0.2185,9
M,0.275,0.2,0.08,0.099,0.037,0.024,0.03,5
F,0.67,0.55,0.155,1.566,0.858,0.339,0.354,10
F,0.66,0.5,0.165,1.1905,0.4585,0.298,0.37,12
M,0.355,0.265,0.085,0.201,0.069,0.053,0.0695,8
I,0.48,0.37,0.125,0.5435,0.244,0.101,0.165,9
I,0.445,0.345,0.105,0.409,0.1675,0.1015,0.117,7
M,0.625,0.48,0.175,1.065,0.4865,0.259,0.285,10
I,0.265,0.205,0.07,0.1055,0.039,0.041,0.035,5
M,0.63,0.47,0.155,1.1325,0.589,0.211,0.287,8
F,0.655,0.455,0.17,1.2895,0.587,0.3165,0.3415,11
M,0.66,0.53,0.175,1.583,0.7395,0.3505,0.405,10
F,0.64,0.505,0.19,1.2355,0.4435,0.3105,0.365,14
F,0.665,0.51,0.175,1.3805,0.675,0.2985,0.325,10
F,0.45,0.355,0.105,0.5225,0.237,0.1165,0.145,8
M,0.61,0.45,0.19,1.0805,0.517,0.2495,0.2935,10
F,0.385,0.315,0.11,0.286,0.1225,0.0635,0.0835,10
M,0.455,0.34,0.135,0.462,0.1675,0.158,0.12,9
M,0.6,0.47,0.16,1.194,0.5625,0.3045,0.2635,10
I,0.425,0.315,0.1,0.377,0.1645,0.072,0.105,6
M,0.445,0.35,0.115,0.3615,0.1565,0.0695,0.117,8
F,0.62,0.48,0.165,1.0125,0.5325,0.4365,0.324,10
F,0.6,0.48,0.15,1.029,0.4085,0.2705,0.295,16
I,0.195,0.15,0.045,0.0375,0.018,0.006,0.011,3
F,0.555,0.44,0.145,0.8815,0.43,0.1975,0.2155,8
I,0.47,0.345,0.115,0.4885,0.2005,0.108,0.166,11
F,0.655,0.505,0.165,1.367,0.5835,0.3515,0.396,10
I,0.55,0.415,0.15,0.7915,0.3535,0.176,0.236,10
F,0.695,0.55,0.16,1.6365,0.694,0.3005,0.44,13
M,0.55,0.435,0.145,0.843,0.328,0.1915,0.255,15
I,0.61,0.46,0.17,1.278,0.41,0.257,0.37,17
F,0.305,0.23,0.08,0.156,0.0675,0.0345,0.048,7
F,0.58,0.48,0.18,1.2495,0.4945,0.27,0.371,8
I,0.64,0.49,0.135,1.1,0.488,0.2505,0.2925,10
M,0.575,0.475,0.16,1.114,0.4955,0.2745,0.29,9
I,0.47,0.35,0.13,0.466,0.1845,0.099,0.145,11
M,0.52,0.38,0.135,0.5825,0.2505,0.1565,0.175,8
M,0.625,0.5,0.14,1.096,0.5445,0.2165,0.295,10
F,0.49,0.385,0.125,0.5395,0.2175,0.128,0.165,11
M,0.295,0.225,0.09,0.1385,0.048,0.046,0.05,9
I,0.39,0.31,0.105,0.2665,0.1185,0.0525,0.081,8
M,0.35,0.26,0.09,0.198,0.0725,0.056,0.06,10
M,0.68,0.535,0.185,1.607,0.7245,0.3215,0.498,12
F,0.53,0.42,0.135,0.677,0.2565,0.1415,0.21,9
F,0.62,0.5,0.175,1.146,0.477,0.23,0.39,13
I,0.56,0.445,0.15,0.8225,0.3685,0.187,0.236,10
M,0.65,0.505,0.18,1.469,0.7115,0.3335,0.38,9
F,0.5,0.4,0.145,0.63,0.234,0.1465,0.23,12
M,0.425,0.305,0.11,0.359,0.173,0.0875,0.0975,9
M,0.725,0.57,0.19,2.3305,1.253,0.541,0.52,9
I,0.52,0.41,0.14,0.699,0.3395,0.129,0.1945,10
I,0.32,0.245,0.08,0.1585,0.0635,0.0325,0.05,13
M,0.6,0.46,0.18,1.14,0.423,0.2575,0.365,10
I,0.435,0.335,0.11,0.334,0.1355,0.0775,0.0965,7
F,0.6,0.475,0.155,1.21,0.653,0.1695,0.3205,10
F,0.65,0.515,0.195,1.4005,0.5195,0.36,0.44,13
F,0.61,0.49,0.17,1.137,0.4605,0.2825,0.344,12
M,0.62,0.485,0.145,1.003,0.4655,0.2195,0.28,11
I,0.53,0.395,0.125,0.6235,0.2975,0.108,0.195,11
F,0.66,0.53,0.17,1.326,0.519,0.2625,0.44,13
M,0.575,0.45,0.135,0.9215,0.354,0.209,0.2365,9
I,0.475,0.36,0.11,0.452,0.191,0.099,0.13,8
F,0.63,0.515,0.16,1.336,0.553,0.3205,0.35,11
M,0.4,0.315,0.105,0.287,0.1135,0.037,0.113,10
F,0.385,0.3,0.1,0.2725,0.1115,0.057,0.08,6
I,0.535,0.415,0.15,0.5765,0.3595,0.135,0.225,8
I,0.215,0.155,0.06,0.0525,0.021,0.0165,0.015,5
F,0.585,0.46,0.17,0.9325,0.365,0.271,0.29,9
M,0.625,0.505,0.215,1.4455,0.496,0.287,0.435,22
M,0.72,0.565,0.145,1.187,0.691,0.1945,0.2685,8
I,0.31,0.23,0.07,0.1245,0.0505,0.0265,0.038,6
F,0.545,0.4,0.14,0.778,0.368,0.215,0.18,9
F,0.405,0.325,0.11,0.3575,0.145,0.0725,0.11,12
I,0.525,0.385,0.13,0.607,0.2355,0.125,0.195,8
M,0.635,0.51,0.185,1.308,0.544,0.318,0.377,8
M,0.59,0.485,0.155,1.0785,0.4535,0.2435,0.31,9
F,0.71,0.57,0.195,1.9805,0.9925,0.4925,0.48,12
I,0.47,0.345,0.115,0.4885,0.2005,0.108,0.166,11
F,0.6,0.5,0.17,1.13,0.4405,0.267,0.335,11
I,0.54,0.4,0.145,0.757,0.315,0.181,0.215,11
M,0.48,0.365,0.13,0.5305,0.2405,0.127,0.139,8
M,0.515,0.405,0.145,0.695,0.215,0.1635,0.234,15
I,0.39,0.3,0.1,0.3085,0.1385,0.0735,0.085,6
M,0.62,0.49,0.15,1.195,0.4605,0.302,0.355,9
I,0.51,0.39,0.125,0.597,0.293,0.1265,0.1555,8
I,0.435,0.33,0.095,0.393,0.219,0.075,0.0885,6
F,0.6,0.47,0.135,0.97,0.4655,0.1955,0.264,11
F,0.51,0.4,0.13,0.5735,0.219,0.1365,0.195,13
I,0.56,0.445,0.165,0.832,0.3455,0.179,0.279,9
I,0.55,0.435,0.165,0.804,0.34,0.194,0.244,8
M,0.515,0.4,0.125,0.955,0.341,0.2535,0.26,13
F,0.585,0.46,0.15,1.0035,0.503,0.2105,0.2515,11
F,0.525,0.415,0.14,0.724,0.3475,0.173,0.175,8
F,0.66,0.535,0.175,1.5175,0.711,0.3125,0.415,12
M,0.45,0.35,0.1,0.3675,0.1465,0.1015,0.12,10
F,0.48,0.38,0.145,0.59,0.232,0.141,0.23,12
M,0.72,0.565,0.2,2.1055,1.017,0.363,0.494,12
I,0.35,0.235,0.08,0.17,0.0725,0.0465,0.0495,7
I,0.445,0.36,0.11,0.4235,0.182,0.0765,0.14,9
I,0.52,0.395,0.125,0.663,0.3005,0.131,0.1905,9
I,0.44,0.33,0.135,0.522,0.17,0.0905,0.195,16
I,0.195,0.15,0.045,0.0375,0.018,0.006,0.011,3
I,0.52,0.39,0.14,0.7325,0.2415,0.144,0.26,19
M,0.31,0.225,0.075,0.1295,0.0455,0.0335,0.044,9
M,0.64,0.505,0.155,1.4025,0.705,0.2655,0.335,10
F,0.57,0.45,0.17,1.098,0.414,0.187,0.405,20
F,0.62,0.49,0.16,1.056,0.493,0.244,0.2725,9
M,0.525,0.405,0.13,0.7185,0.3265,0.1975,0.175,8
F,0.645,0.52,0.175,1.3345,0.667,0.2665,0.355,10
F,0.345,0.26,0.09,0.207,0.0775,0.0435,0.0765,10
M,0.645,0.5,0.175,1.3375,0.554,0.308,0.415,10
I,0.555,0.425,0.145,0.7905,0.3485,0.1765,0.225,9
F,0.47,0.35,0.145,0.5175,0.187,0.1235,0.18,11
M,0.62,0.465,0.19,1.3415,0.5705,0.3175,0.355,11
I,0.335,0.255,0.085,0.1785,0.071,0.0405,0.055,9
M,0.47,0.375,0.12,0.5805,0.266,0.0935,0.169,8
M,0.61,0.485,0.17,1.281,0.597,0.3035,0.33,9
M,0.615,0.455,0.15,0.9335,0.382,0.247,0.2615,10
F,0.62,0.485,0.175,1.2155,0.545,0.253,0.345,10
F,0.46,0.375,0.12,0.4605,0.1775,0.11,0.15,7
F,0.465,0.36,0.12,0.4765,0.192,0.1125,0.16,10
I,0.42,0.305,0.1,0.3415,0.1645,0.0775,0.086,7
M,0.45,0.35,0.1,0.3675,0.1465,0.1015,0.12,10
F,0.615,0.455,0.145,1.1155,0.5045,0.238,0.315,10
M,0.58,0.49,0.13,1.1335,0.586,0.2565,0.237,9
M,0.57,0.435,0.13,0.7535,0.349,0.1755,0.194,10
M,0.44,0.335,0.11,0.394,0.157,0.096,0.122,9
M,0.68,0.53,0.18,1.529,0.7635,0.3115,0.4025,11
M,0.625,0.48,0.17,1.3555,0.671,0.268,0.3385,10
F,0.585,0.455,0.17,0.9945,0.4255,0.263,0.2845,11
F,0.625,0.52,0.18,1.354,0.4845,0.351,0.375,11
F,0.485,0.365,0.15,0.9145,0.4145,0.199,0.273,7
F,0.635,0.505,0.17,1.2635,0.512,0.322,0.355,9
F,0.485,0.365,0.12,0.5885,0.27,0.131,0.175,9
M,0.58,0.45,0.145,1.0025,0.547,0.1975,0.2295,8
I,0.395,0.305,0.105,0.284,0.1135,0.0595,0.0945,8
I,0.475,0.36,0.135,0.4355,0.196,0.0925,0.125,8
M,0.7,0.535,0.16,1.7255,0.63,0.2635,0.54,19
M,0.37,0.285,0.1,0.228,0.0675,0.0675,0.081,10
F,0.55,0.43,0.14,0.8105,0.368,0.161,0.275,9
M,0.62,0.48,0.15,1.266,0.6285,0.2575,0.309,12
I,0.315,0.24,0.07,0.137,0.0545,0.0315,0.04,8
I,0.36,0.275,0.075,0.2205,0.0985,0.044,0.066,7
I,0.35,0.25,0.075,0.1695,0.0835,0.0355,0.041,6
M,0.65,0.545,0.16,1.2425,0.487,0.296,0.48,15
M,0.605,0.49,0.145,1.3,0.517,0.3285,0.31,14
F,0.43,0.335,0.12,0.444,0.155,0.1145,0.14,13
F,0.51,0.34,0.18,0.7005,0.312,0.165,0.2,11
M,0.6,0.475,0.15,1.089,0.5195,0.223,0.292,11
F,0.55,0.45,0.145,0.741,0.295,0.1435,0.2665,10
I,0.41,0.305,0.09,0.3535,0.157,0.0745,0.1,7
M,0.595,0.465,0.125,0.799,0.3245,0.2,0.23,10
I,0.545,0.375,0.12,0.543,0.2375,0.1155,0.1725,8
F,0.68,0.55,0.21,1.7445,0.5975,0.305,0.625,17
F,0.545,0.4,0.14,0.778,0.368,0.215,0.18,9
F,0.455,0.365,0.11,0.385,0.166,0.046,0.1345,13
M,0.325,0.24,0.085,0.173,0.0795,0.038,0.05,7
M,0.565,0.45,0.115,0.9085,0.398,0.197,0.29,17
M,0.35,0.265,0.09,0.1775,0.0575,0.042,0.068,12
M,0.6,0.475,0.17,1.1315,0.508,0.272,0.309,10
F,0.66,0.525,0.205,1.3665,0.5005,0.291,0.41,18
I,0.445,0.355,0.095,0.3615,0.1415,0.0785,0.12,8
F,0.585,0.435,0.175,0.982,0.4055,0.2495,0.27,10
F,0.47,0.35,0.115,0.487,0.1955,0.127,0.155,8
F,0.73,0.555,0.18,1.6895,0.6555,0.1965,0.4935,10
I,0.53,0.405,0.12,0.632,0.2715,0.148,0.1875,9
M,0.655,0.485,0.195,1.62,0.6275,0.358,0.485,17
F,0.565,0.45,0.135,0.9885,0.387,0.1495,0.31,12
I,0.49,0.365,0.125,0.5585,0.252,0.126,0.1615,10
F,0.66,0.53,0.185,1.346,0.546,0.2705,0.476,11
F,0.49,0.38,0.13,0.539,0.229,0.1355,0.165,12
I,0.13,0.1,0.03,0.013,0.0045,0.003,0.004,3
I,0.45,0.33,0.105,0.448,0.208,0.089,0.12,9
I,0.375,0.275,0.1,0.2325,0.1165,0.042,0.065,6
M,0.72,0.565,0.2,1.787,0.718,0.385,0.529,11
F,0.585,0.435,0.175,0.982,0.4055,0.2495,0.27,10
M,0.7,0.545,0.185,1.6135,0.75,0.4035,0.3685,11
M,0.6,0.475,0.23,1.157,0.522,0.2235,0.36,11
I,0.53,0.43,0.16,0.7245,0.321,0.1275,0.24,9
I,0.335,0.26,0.09,0.1965,0.0875,0.041,0.056,7
F,0.58,0.425,0.155,0.873,0.3615,0.249,0.239,10
I,0.49,0.39,0.12,0.511,0.2205,0.103,0.1745,9
M,0.7,0.575,0.19,2.273,1.095,0.418,0.638,12
M,0.45,0.34,0.13,0.3715,0.1605,0.0795,0.105,9
M,0.615,0.525,0.155,1.1375,0.367,0.236,0.37,20
I,0.375,0.275,0.085,0.22,0.109,0.05,0.0605,7
F,0.58,0.445,0.145,0.888,0.41,0.1815,0.2425,8
M,0.695,0.57,0.2,2.033,0.751,0.4255,0.685,15
I,0.605,0.485,0.15,1.238,0.6315,0.226,0.33,11
I,0.325,0.24,0.075,0.1525,0.072,0.0645,0.043,6
F,0.655,0.455,0.17,1.2895,0.587,0.3165,0.3415,11
I,0.375,0.28,0.1,0.2565,0.1165,0.0585,0.0725,12
I,0.475,0.335,0.1,0.4425,0.1895,0.086,0.135,9
F,0.435,0.32,0.12,0.3785,0.152,0.0915,0.125,11
I,0.385,0.29,0.085,0.2505,0.112,0.061,0.08,8
I,0.48,0.355,0.115,0.5785,0.25,0.106,0.184,8
I,0.295,0.22,0.065,0.1295,0.052,0.028,0.035,6
F,0.575,0.435,0.15,1.0305,0.4605,0.218,0.36,8
M,0.37,0.28,0.1,0.252,0.1065,0.0595,0.074,8
I,0.435,0.325,0.11,0.367,0.1595,0.08,0.105,6
I,0.45,0.36,0.13,0.478,0.191,0.127,0.137,7
F,0.57,0.465,0.155,0.872,0.3245,0.239,0.285,14
M,0.385,0.255,0.1,0.3175,0.137,0.068,0.092,8
I,0.245,0.205,0.06,0.0765,0.034,0.014,0.0215,4
I,0.45,0.355,0.12,0.412,0.1145,0.0665,0.16,19
I,0.44,0.335,0.115,0.4215,0.173,0.0765,0.113,7
F,0.585,0.415,0.155,0.6985,0.3,0.146,0.195,12
I,0.53,0.43,0.14,0.677,0.298,0.0965,0.23,8
M,0.35,0.255,0.065,0.179,0.0705,0.0385,0.06,10
F,0.62,0.51,0.18,1.3315,0.594,0.276,0.388,11
F,0.72,0.575,0.195,2.1505,1.0745,0.382,0.585,10
M,0.37,0.28,0.105,0.224,0.0815,0.0575,0.075,8
M,0.5,0.385,0.135,0.6425,0.3195,0.129,0.1535,7
F,0.635,0.485,0.19,1.3765,0.634,0.2885,0.406,11
I,0.385,0.3,0.09,0.247,0.1225,0.044,0.0675,5
M,0.68,0.52,0.165,1.4775,0.724,0.279,0.406,11
M,0.62,0.47,0.145,1.0865,0.511,0.2715,0.2565,10
I,0.315,0.23,0.09,0.1285,0.043,0.04,0.04,7
M,0.49,0.38,0.14,0.7605,0.245,0.167,0.185,10
F,0.61,0.49,0.17,1.3475,0.7045,0.25,0.3045,11
M,0.645,0.52,0.175,1.561,0.709,0.3555,0.4,8
I,0.18,0.135,0.08,0.033,0.0145,0.007,0.01,5
F,0.55,0.38,0.165,1.205,0.543,0.294,0.3345,10
M,0.345,0.27,0.095,0.197,0.0665,0.05,0.07,9
M,0.69,0.54,0.185,1.6195,0.533,0.353,0.555,24
F,0.505,0.4,0.165,0.729,0.2675,0.155,0.25,9
F,0.535,0.42,0.15,0.7365,0.2785,0.186,0.215,14
F,0.505,0.39,0.115,0.66,0.3045,0.1555,0.175,8
F,0.69,0.54,0.195,1.2525,0.73,0.3975,0.462,12
M,0.54,0.405,0.125,0.891,0.4815,0.1915,0.202,9
M,0.455,0.375,0.125,0.484,0.2155,0.102,0.165,7
I,0.345,0.275,0.095,0.1995,0.0755,0.0535,0.07,6
F,0.485,0.365,0.15,0.9145,0.4145,0.199,0.273,7
M,0.465,0.36,0.08,0.488,0.191,0.125,0.155,11
M,0.66,0.51,0.175,1.218,0.5055,0.303,0.37,11
M,0.505,0.395,0.125,0.635,0.29,0.1555,0.175,9
F,0.68,0.55,0.2,1.596,0.525,0.4075,0.585,21
M,0.575,0.44,0.16,0.9615,0.483,0.166,0.275,13
I,0.39,0.31,0.1,0.302,0.116,0.064,0.115,11
F,0.42,0.33,0.125,0.463,0.186,0.11,0.145,10
I,0.3,0.235,0.08,0.131,0.05,0.0265,0.043,4
M,0.425,0.325,0.12,0.3755,0.142,0.1065,0.105,9
F,0.49,0.39,0.135,0.5785,0.2465,0.123,0.2,13
M,0.58,0.45,0.14,0.824,0.3465,0.1765,0.263,10
M,0.6,0.51,0.185,1.285,0.6095,0.2745,0.315,9
I,0.55,0.425,0.15,0.806,0.376,0.171,0.245,14
M,0.595,0.465,0.15,0.919,0.4335,0.1765,0.262,9
M,0.67,0.525,0.17,1.4005,0.715,0.3025,0.387,9
I,0.525,0.385,0.13,0.607,0.2355,0.125,0.195,8
I,0.565,0.435,0.155,0.782,0.2715,0.168,0.285,14
F,0.515,0.39,0.13,0.5755,0.1975,0.13,0.1845,9
I,0.555,0.43,0.14,0.7665,0.341,0.165,0.23,9
I,0.35,0.265,0.08,0.2,0.09,0.042,0.06,7
F,0.595,0.44,0.135,0.964,0.5005,0.1715,0.2575,10
I,0.36,0.285,0.105,0.2415,0.0915,0.057,0.075,7
F,0.43,0.34,0.11,0.382,0.154,0.0955,0.109,8
M,0.625,0.495,0.175,1.254,0.5815,0.286,0.3185,9
F,0.595,0.5,0.18,1.053,0.4405,0.192,0.39,13
F,0.565,0.44,0.135,0.83,0.393,0.1735,0.238,9
F,0.61,0.47,0.16,1.0745,0.4925,0.236,0.29,8
F,0.59,0.465,0.15,1.151,0.613,0.239,0.2515,9
F,0.62,0.48,0.16,1.1125,0.5635,0.2445,0.281,8
F,0.47,0.36,0.12,0.4775,0.2105,0.1055,0.15,10
F,0.625,0.485,0.16,1.254,0.591,0.259,0.3485,9
F,0.53,0.455,0.165,0.9805,0.3155,0.2815,0.2965,11
I,0.53,0.405,0.12,0.632,0.2715,0.148,0.1875,9
M,0.58,0.49,0.13,1.1335,0.586,0.2565,0.237,9
F,0.605,0.495,0.19,1.437,0.469,0.2655,0.41,15
M,0.64,0.53,0.165,1.1895,0.4765,0.3,0.35,11
F,0.61,0.495,0.165,1.0835,0.4525,0.273,0.317,9
F,0.475,0.36,0.125,0.447,0.1695,0.081,0.14,9
F,0.675,0.53,0.175,1.4465,0.6775,0.33,0.389,10
I,0.51,0.385,0.145,0.7665,0.3985,0.14,0.1805,8
F,0.47,0.35,0.115,0.487,0.1955,0.127,0.155,8
I,0.32,0.25,0.08,0.1565,0.057,0.034,0.06,9
I,0.215,0.15,0.055,0.041,0.015,0.009,0.0125,3
M,0.455,0.355,0.13,0.515,0.2,0.1275,0.175,11
M,0.63,0.5,0.185,1.362,0.5785,0.3125,0.384,10
I,0.37,0.29,0.095,0.249,0.1045,0.058,0.067,6
M,0.485,0.41,0.15,0.696,0.2405,0.1625,0.265,13
F,0.405,0.325,0.11,0.3555,0.151,0.063,0.117,9
I,0.46,0.37,0.12,0.5335,0.2645,0.108,0.1345,6
I,0.375,0.29,0.1,0.219,0.0925,0.038,0.075,6
M,0.635,0.52,0.175,1.292,0.6,0.269,0.367,11
F,0.5,0.37,0.135,0.45,0.1715,0.1055,0.155,9
I,0.46,0.35,0.105,0.3705,0.1575,0.077,0.114,9
I,0.5,0.39,0.13,0.5075,0.2115,0.104,0.1755,9
F,0.53,0.41,0.165,0.8115,0.24,0.169,0.24,19
I,0.6,0.475,0.15,1.12,0.565,0.2465,0.27,10
F,0.44,0.34,0.13,0.4195,0.153,0.1155,0.13,10
M,0.735,0.555,0.22,2.333,1.2395,0.3645,0.6195,12
I,0.375,0.28,0.085,0.3155,0.187,0.046,0.067,7
M,0.685,0.545,0.205,1.7925,0.8145,0.416,0.461,9
F,0.6,0.48,0.17,1.056,0.4575,0.2435,0.3135,10
I,0.445,0.33,0.12,0.347,0.12,0.084,0.105,11
I,0.51,0.38,0.115,0.5155,0.215,0.1135,0.166,8
M,0.66,0.485,0.155,1.2275,0.61,0.274,0.3,8
I,0.31,0.225,0.075,0.155,0.065,0.037,0.0365,6
M,0.61,0.49,0.16,1.146,0.597,0.246,0.265,8
I,0.45,0.35,0.13,0.547,0.245,0.1405,0.1405,8
F,0.64,0.505,0.19,1.2355,0.4435,0.3105,0.365,14
I,0.54,0.425,0.13,0.8155,0.3675,0.1365,0.246,11
F,0.57,0.44,0.125,0.865,0.3675,0.1725,0.27,12
F,0.635,0.495,0.18,1.596,0.617,0.317,0.37,11
F,0.69,0.545,0.205,1.933,0.7855,0.429,0.498,13
F,0.4,0.325,0.12,0.3185,0.134,0.0565,0.095,8
F,0.625,0.515,0.18,1.3485,0.5255,0.252,0.3925,14
F,0.66,0.535,0.205,1.4415,0.5925,0.2775,0.49,10
F,0.39,0.29,0.125,0.3055,0.121,0.082,0.09,7
M,0.465,0.36,0.105,0.431,0.172,0.107,0.175,9
F,0.62,0.475,0.16,1.1295,0.463,0.2685,0.33,10
M,0.32,0.24,0.085,0.17,0.0655,0.047,0.049,7
F,0.52,0.405,0.12,0.627,0.2645,0.1415,0.181,11
I,0.545,0.435,0.135,0.7715,0.372,0.148,0.227,8
I,0.515,0.38,0.12,0.625,0.3265,0.1295,0.16,7
F,0.515,0.42,0.135,0.6295,0.2815,0.127,0.215,9
F,0.525,0.39,0.135,0.6005,0.2265,0.131,0.21,16
I,0.375,0.245,0.1,0.394,0.166,0.091,0.1125,6
F,0.545,0.445,0.15,0.8,0.3535,0.163,0.207,9
F,0.66,0.535,0.205,1.4415,0.5925,0.2775,0.49,10
I,0.605,0.47,0.14,0.939,0.3385,0.201,0.32,13
I,0.44,0.34,0.12,0.4995,0.2965,0.0945,0.1185,6
F,0.575,0.45,0.16,0.9775,0.3135,0.231,0.33,12
F,0.455,0.35,0.14,0.5725,0.1965,0.1325,0.175,10
I,0.275,0.2,0.065,0.092,0.0385,0.0235,0.027,5
F,0.46,0.365,0.125,0.4785,0.206,0.1045,0.141,8
M,0.63,0.49,0.155,1.2525,0.63,0.246,0.289,9
F,0.73,0.57,0.165,2.0165,1.0685,0.418,0.435,10
I,0.3,0.235,0.08,0.131,0.05,0.0265,0.043,4
M,0.565,0.39,0.125,0.744,0.352,0.13,0.1685,11
I,0.27,0.195,0.065,0.1065,0.0475,0.0225,0.0285,5
I,0.385,0.265,0.08,0.251,0.124,0.037,0.07,6
M,0.6,0.45,0.16,1.142,0.539,0.225,0.307,10
I,0.435,0.335,0.11,0.334,0.1355,0.0775,0.0965,7
I,0.385,0.28,0.09,0.228,0.1025,0.042,0.0655,5
M,0.64,0.5,0.185,1.3035,0.4445,0.2635,0.465,16
M,0.46,0.35,0.125,0.5165,0.1885,0.1145,0.185,9
F,0.455,0.36,0.11,0.4385,0.206,0.098,0.125,10
F,0.59,0.455,0.155,1.066,0.382,0.2275,0.415,20
I,0.37,0.28,0.09,0.218,0.0995,0.0545,0.0615,7
I,0.27,0.205,0.075,0.118,0.059,0.031,0.0305,4
I,0.285,0.21,0.07,0.109,0.044,0.0265,0.033,5
M,0.515,0.4,0.16,0.8175,0.2515,0.156,0.3,23
M,0.44,0.35,0.14,0.451,0.171,0.0705,0.184,16
F,0.635,0.5,0.15,1.376,0.6495,0.361,0.31,10
F,0.645,0.535,0.19,1.2395,0.468,0.2385,0.424,10
F,0.57,0.465,0.155,0.872,0.3245,0.239,0.285,14
M,0.605,0.49,0.14,0.9755,0.419,0.206,0.315,10
I,0.36,0.265,0.09,0.2055,0.096,0.037,0.0585,7
M,0.645,0.485,0.15,1.2215,0.5695,0.2735,0.33,9
F,0.505,0.39,0.16,0.644,0.2475,0.2025,0.1635,9
M,0.6,0.495,0.195,1.0575,0.384,0.19,0.375,26
I,0.425,0.315,0.095,0.3675,0.1865,0.0675,0.0985,7
M,0.345,0.265,0.09,0.163,0.0615,0.037,0.0485,10
M,0.585,0.46,0.185,0.922,0.3635,0.213,0.285,10
I,0.515,0.42,0.135,0.711,0.337,0.144,0.205,13
I,0.385,0.28,0.085,0.2175,0.097,0.038,0.067,8
M,0.615,0.475,0.17,1.129,0.4795,0.302,0.3,10
M,0.55,0.43,0.13,0.8395,0.3155,0.1955,0.2405,10
M,0.49,0.395,0.12,0.674,0.3325,0.1235,0.185,9
M,0.5,0.4,0.165,0.825,0.254,0.205,0.285,13
I,0.575,0.45,0.135,0.8715,0.45,0.162,0.225,10
M,0.515,0.4,0.14,0.7365,0.2955,0.184,0.185,16
I,0.305,0.23,0.075,0.1455,0.0595,0.0305,0.05,6
I,0.405,0.25,0.09,0.2875,0.128,0.063,0.0805,7
I,0.415,0.32,0.115,0.3045,0.1215,0.0735,0.094,7
M,0.585,0.45,0.15,1.047,0.4315,0.276,0.315,14
M,0.55,0.435,0.16,0.906,0.342,0.219,0.295,13
I,0.29,0.225,0.07,0.101,0.036,0.0235,0.035,8
I,0.44,0.365,0.11,0.4465,0.213,0.089,0.1135,9
I,0.545,0.405,0.135,0.5945,0.27,0.1185,0.185,8
I,0.38,0.285,0.095,0.243,0.0895,0.0665,0.075,7
F,0.515,0.435,0.17,0.631,0.2765,0.111,0.216,12
I,0.385,0.29,0.09,0.2365,0.1,0.0505,0.076,8
F,0.6,0.475,0.16,1.0265,0.485,0.2495,0.2565,9
I,0.18,0.13,0.045,0.0275,0.0125,0.01,0.009,3
I,0.61,0.465,0.125,0.9225,0.436,0.19,0.26,9
M,0.555,0.42,0.145,0.8695,0.3075,0.2575,0.25,14
F,0.465,0.39,0.11,0.6355,0.1815,0.157,0.225,13
F,0.635,0.49,0.155,1.145,0.4775,0.3035,0.3155,9
M,0.235,0.17,0.055,0.0515,0.018,0.0105,0.0195,7
F,0.635,0.535,0.19,1.242,0.576,0.2475,0.39,14
M,0.645,0.5,0.18,1.461,0.5985,0.2425,0.439,11
I,0.575,0.45,0.135,0.807,0.3615,0.176,0.254,10
M,0.45,0.35,0.13,0.46,0.174,0.111,0.135,8
F,0.635,0.505,0.185,1.3035,0.501,0.295,0.41,17
I,0.27,0.19,0.06,0.099,0.0445,0.017,0.03,5
I,0.44,0.32,0.105,0.3875,0.1755,0.074,0.12,9
M,0.56,0.455,0.155,0.797,0.34,0.19,0.2425,11
M,0.445,0.345,0.09,0.3795,0.143,0.074,0.125,10
M,0.505,0.39,0.12,0.653,0.3315,0.1385,0.167,9
F,0.58,0.435,0.15,0.834,0.428,0.1515,0.23,8
I,0.585,0.46,0.145,0.8465,0.339,0.167,0.295,10
M,0.4,0.3,0.125,0.417,0.191,0.09,0.1175,9
I,0.405,0.305,0.1,0.268,0.1145,0.053,0.085,7
M,0.51,0.39,0.135,0.769,0.3935,0.1455,0.19,8
I,0.435,0.345,0.115,0.418,0.222,0.0735,0.106,7
F,0.49,0.37,0.115,0.541,0.171,0.1175,0.185,11
I,0.19,0.13,0.03,0.0295,0.0155,0.015,0.01,6
F,0.57,0.44,0.125,0.865,0.3675,0.1725,0.27,12
I,0.4,0.295,0.095,0.252,0.1105,0.0575,0.066,6
M,0.45,0.355,0.115,0.479,0.2125,0.1045,0.15,8
F,0.58,0.46,0.18,1.0515,0.4095,0.2595,0.276,8
M,0.67,0.525,0.195,1.4405,0.6595,0.2675,0.425,9
M,0.625,0.48,0.175,1.065,0.4865,0.259,0.285,10
I,0.415,0.325,0.1,0.3215,0.1535,0.0595,0.105,10
F,0.695,0.56,0.22,1.834,0.8455,0.422,0.455,11
M,0.615,0.48,0.175,1.118,0.446,0.3195,0.3,9
F,0.57,0.495,0.16,1.0915,0.452,0.275,0.315,14
M,0.635,0.51,0.21,1.598,0.6535,0.2835,0.58,15
F,0.575,0.46,0.165,1.065,0.4985,0.2145,0.2815,8
I,0.375,0.285,0.1,0.239,0.105,0.0555,0.07,8
I,0.385,0.3,0.095,0.302,0.152,0.0615,0.0735,7
I,0.47,0.35,0.135,0.567,0.2315,0.1465,0.1525,11
M,0.585,0.47,0.145,0.9565,0.4025,0.2365,0.265,9
M,0.465,0.36,0.105,0.488,0.188,0.0845,0.19,10
F,0.625,0.52,0.18,1.354,0.4845,0.351,0.375,11
M,0.555,0.455,0.135,0.837,0.382,0.171,0.235,9
M,0.63,0.505,0.225,1.525,0.56,0.3335,0.45,15
M,0.625,0.49,0.175,1.3325,0.5705,0.271,0.405,10
F,0.66,0.475,0.18,1.3695,0.641,0.294,0.335,6
M,0.53,0.425,0.155,0.7905,0.307,0.171,0.2595,9
I,0.495,0.38,0.135,0.5095,0.2065,0.1165,0.165,8
F,0.59,0.465,0.17,1.0425,0.4635,0.24,0.27,10
M,0.63,0.505,0.15,1.3165,0.6325,0.2465,0.37,11
M,0.53,0.425,0.13,0.702,0.2975,0.1395,0.22,9
M,0.605,0.455,0.16,1.1215,0.533,0.273,0.271,10
M,0.49,0.38,0.11,0.554,0.2935,0.1005,0.15,8
I,0.465,0.38,0.13,0.454,0.1895,0.08,0.155,11
F,0.64,0.54,0.175,1.221,0.51,0.259,0.39,15
M,0.605,0.475,0.14,1.1175,0.555,0.257,0.274,9
I,0.345,0.285,0.1,0.2225,0.0865,0.058,0.075,8
I,0.5,0.375,0.125,0.5695,0.259,0.124,0.157,7
M,0.45,0.335,0.14,0.4625,0.164,0.076,0.15,14
M,0.565,0.435,0.15,0.99,0.5795,0.1825,0.206,8
I,0.49,0.375,0.115,0.557,0.2275,0.1335,0.1765,8
I,0.545,0.375,0.12,0.543,0.2375,0.1155,0.1725,8
F,0.655,0.505,0.195,1.4405,0.688,0.3805,0.363,11
F,0.665,0.555,0.195,1.4385,0.581,0.354,0.36,17
F,0.385,0.3,0.1,0.2725,0.1115,0.057,0.08,6
M,0.66,0.51,0.175,1.218,0.5055,0.303,0.37,11
I,0.41,0.3,0.09,0.304,0.129,0.071,0.0955,8
I,0.25,0.19,0.06,0.0765,0.036,0.0115,0.0245,6
M,0.51,0.405,0.15,0.7035,0.347,0.134,0.1885,8
F,0.44,0.345,0.17,0.4085,0.15,0.0825,0.1515,12
F,0.38,0.305,0.105,0.281,0.1045,0.0615,0.09,12
F,0.65,0.51,0.185,1.375,0.531,0.384,0.3985,10
I,0.465,0.38,0.13,0.454,0.1895,0.08,0.155,11
M,0.595,0.455,0.155,1.041,0.416,0.2105,0.365,14
F,0.53,0.41,0.13,0.6965,0.302,0.1935,0.2,10
I,0.14,0.105,0.035,0.0145,0.005,0.0035,0.005,4
M,0.67,0.525,0.195,1.4405,0.6595,0.2675,0.425,9
I,0.54,0.4,0.145,0.757,0.315,0.181,0.215,11
M,0.55,0.44,0.155,0.9155,0.3645,0.195,0.25,8
F,0.58,0.425,0.155,0.873,0.3615,0.249,0.239,10
I,0.59,0.45,0.16,0.893,0.2745,0.2185,0.345,14
M,0.755,0.58,0.205,2.0065,0.8295,0.4015,0.595,10
I,0.45,0.335,0.11,0.4195,0.181,0.085,0.1345,7
F,0.55,0.44,0.15,0.8945,0.3145,0.151,0.32,19
M,0.44,0.365,0.125,0.516,0.2155,0.114,0.155,10
F,0.715,0.565,0.24,2.1995,0.7245,0.465,0.885,17
I,0.59,0.46,0.125,0.755,0.334,0.15,0.238,9
M,0.565,0.465,0.175,0.995,0.3895,0.183,0.37,15
F,0.38,0.305,0.105,0.281,0.1045,0.0615,0.09,12
I,0.44,0.33,0.135,0.522,0.17,0.0905,0.195,16
M,0.51,0.395,0.145,0.6185,0.216,0.1385,0.24,12
M,0.54,0.425,0.12,0.817,0.2945,0.153,0.195,10
I,0.425,0.34,0.1,0.382,0.164,0.096,0.1,6
F,0.61,0.43,0.14,0.909,0.438,0.2,0.22,8
F,0.64,0.51,0.2,1.3905,0.61,0.3315,0.41,12
F,0.55,0.465,0.18,1.2125,0.3245,0.205,0.525,27
M,0.625,0.49,0.12,0.8765,0.456,0.18,0.233,10
I,0.55,0.425,0.13,0.664,0.2695,0.163,0.21,8
M,0.6,0.45,0.195,1.34,0.617,0.3255,0.3605,10
M,0.625,0.49,0.12,0.8765,0.456,0.18,0.233,10
I,0.445,0.31,0.09,0.336,0.1555,0.09,0.0855,7
M,0.67,0.515,0.165,1.1735,0.526,0.285,0.316,11
M,0.69,0.55,0.2,1.8465,0.732,0.472,0.57,19
I,0.435,0.325,0.12,0.3995,0.1815,0.061,0.1125,8
F,0.525,0.415,0.17,0.8325,0.2755,0.1685,0.31,13
I,0.485,0.375,0.13,0.5535,0.266,0.112,0.157,8
F,0.565,0.445,0.125,0.8305,0.3135,0.1785,0.23,11
M,0.56,0.45,0.175,1.011,0.3835,0.2065,0.37,15
M,0.6,0.41,0.145,0.939,0.4475,0.196,0.268,8
F,0.58,0.455,0.16,0.9215,0.312,0.196,0.3,17
I,0.31,0.24,0.09,0.1455,0.0605,0.0315,0.045,7
M,0.45,0.335,0.14,0.4625,0.164,0.076,0.15,14
M,0.36,0.27,0.1,0.217,0.0885,0.0495,0.0715,6
I,0.37,0.275,0.1,0.2815,0.1505,0.0505,0.068,5
M,0.155,0.115,0.025,0.024,0.009,0.005,0.0075,5
F,0.55,0.435,0.17,0.884,0.2875,0.1645,0.28,14
M,0.61,0.49,0.16,1.112,0.465,0.228,0.341,10
F,0.59,0.46,0.145,0.9905,0.453,0.2205,0.275,8
M,0.38,0.3,0.1,0.2505,0.106,0.0535,0.0775,8
M,0.605,0.475,0.155,1.161,0.572,0.2455,0.275,9
I,0.415,0.31,0.09,0.2815,0.1245,0.0615,0.085,6
I,0.58,0.435,0.15,0.8915,0.363,0.1925,0.2515,6
M,0.27,0.2,0.08,0.1205,0.0465,0.028,0.04,6
M,0.49,0.465,0.125,0.5225,0.235,0.13,0.141,7
I,0.36,0.3,0.085,0.27,0.1185,0.064,0.0745,7
F,0.625,0.475,0.13,0.8595,0.3195,0.1775,0.24,13
F,0.65,0.545,0.23,1.752,0.5605,0.2895,0.815,16
M,0.545,0.43,0.155,0.8035,0.409,0.144,0.228,7
M,0.505,0.385,0.115,0.4825,0.21,0.1035,0.1535,10
I,0.48,0.37,0.125,0.5435,0.244,0.101,0.165,9
I,0.55,0.425,0.15,0.806,0.376,0.171,0.245,14
F,0.615,0.455,0.145,1.1155,0.5045,0.238,0.315,10
F,0.465,0.375,0.135,0.6,0.2225,0.129,0.23,16
M,0.565,0.455,0.185,0.9265,0.354,0.1575,0.375,16
F,0.665,0.515,0.18,1.389,0.5945,0.324,0.395,10
M,0.695,0.57,0.2,2.033,0.751,0.4255,0.685,15
F,0.585,0.42,0.155,0.9845,0.442,0.2155,0.2875,13
F,0.4,0.325,0.12,0.3185,0.134,0.0565,0.095,8
M,0.56,0.425,0.135,0.849,0.3265,0.221,0.2645,10
F,0.45,0.365,0.115,0.5885,0.318,0.121,0.1325,8
M,0.415,0.315,0.115,0.3895,0.2015,0.065,0.103,9
I,0.61,0.425,0.155,1.0485,0.507,0.1955,0.274,11
F,0.54,0.44,0.135,0.959,0.2385,0.221,0.3,17
F,0.6,0.475,0.155,1.059,0.441,0.19,0.39,11
M,0.5,0.42,0.135,0.6765,0.302,0.1415,0.2065,9
M,0.535,0.42,0.125,0.764,0.312,0.1505,0.265,11
F,0.595,0.465,0.145,0.7955,0.3425,0.1795,0.2425,10
M,0.74,0.595,0.19,2.3235,1.1495,0.5115,0.505,11
M,0.5,0.39,0.125,0.5215,0.2485,0.117,0.131,6
M,0.5,0.365,0.13,0.5945,0.309,0.1085,0.1535,9
M,0.57,0.45,0.14,0.795,0.3385,0.148,0.245,9
I,0.55,0.425,0.15,0.806,0.376,0.171,0.245,14
F,0.51,0.4,0.13,0.5735,0.219,0.1365,0.195,13
M,0.665,0.515,0.19,1.6385,0.831,0.3575,0.371,11
F,0.55,0.44,0.15,0.8945,0.3145,0.151,0.32,19
M,0.585,0.455,0.15,0.906,0.4095,0.23,0.2335,8
F,0.545,0.415,0.2,1.358,0.567,0.318,0.403,10
I,0.445,0.33,0.1,0.437,0.163,0.0755,0.17,13
I,0.54,0.435,0.145,0.97,0.4285,0.22,0.264,17
M,0.645,0.48,0.15,1.192,0.6055,0.2595,0.285,9
F,0.47,0.365,0.12,0.582,0.29,0.092,0.146,8
I,0.475,0.38,0.12,0.441,0.1785,0.0885,0.1505,8
I,0.385,0.265,0.08,0.251,0.124,0.037,0.07,6
M,0.585,0.455,0.125,1.027,0.391,0.212,0.25,17
F,0.61,0.49,0.17,1.137,0.4605,0.2825,0.344,12
F,0.565,0.45,0.175,1.0095,0.447,0.2375,0.2645,9
M,0.515,0.405,0.145,0.695,0.215,0.1635,0.234,15
M,0.595,0.48,0.14,0.9125,0.4095,0.1825,0.289,9
F,0.61,0.495,0.16,1.089,0.469,0.198,0.384,11
I,0.44,0.31,0.115,0.3625,0.134,0.082,0.12,11
M,0.545,0.42,0.145,0.778,0.3745,0.1545,0.205,7
M,0.735,0.57,0.21,2.2355,1.1705,0.463,0.5315,10
M,0.385,0.285,0.105,0.2905,0.1215,0.0685,0.0875,12
F,0.45,0.345,0.12,0.4165,0.1655,0.095,0.135,9
M,0.48,0.365,0.13,0.5305,0.2405,0.127,0.139,8
I,0.165,0.115,0.015,0.0145,0.0055,0.003,0.005,4
M,0.61,0.47,0.16,1.022,0.449,0.2345,0.2945,9
M,0.595,0.485,0.15,1.0835,0.5305,0.231,0.276,8
I,0.525,0.38,0.135,0.615,0.261,0.159,0.175,8
F,0.575,0.46,0.165,1.065,0.4985,0.2145,0.2815,8
F,0.705,0.55,0.2,1.7095,0.633,0.4115,0.49,13
M,0.68,0.52,0.165,1.4775,0.724,0.279,0.406,11
F,0.61,0.485,0.21,1.3445,0.535,0.2205,0.515,20
M,0.57,0.445,0.16,1.0145,0.516,0.164,0.3,10
F,0.58,0.48,0.18,1.2495,0.4945,0.27,0.371,8
F,0.445,0.33,0.105,0.4525,0.18,0.103,0.123,9
M,0.64,0.525,0.2,1.3765,0.44,0.3075,0.47,16
M,0.69,0.55,0.2,1.8465,0.732,0.472,0.57,19
I,0.53,0.42,0.12,0.5965,0.2555,0.141,0.177,7
I,0.38,0.28,0.085,0.2735,0.115,0.061,0.085,6
M,0.57,0.44,0.155,1.116,0.4775,0.2315,0.27,13
F,0.565,0.45,0.175,1.0095,0.447,0.2375,0.2645,9
I,0.61,0.46,0.17,1.278,0.41,0.257,0.37,17
I,0.58,0.435,0.15,0.8915,0.363,0.1925,0.2515,6
M,0.635,0.48,0.19,1.467,0.5825,0.303,0.42,15
I,0.495,0.355,0.12,0.4965,0.214,0.1045,0.1495,8
I,0.55,0.415,0.15,0.7915,0.3535,0.176,0.236,10
I,0.41,0.3,0.09,0.28,0.141,0.0575,0.075,8
I,0.605,0.49,0.165,1.071,0.482,0.1935,0.352,10
M,0.7,0.565,0.18,1.751,0.895,0.3355,0.446,9
M,0.535,0.42,0.13,0.8055,0.301,0.181,0.28,14
M,0.67,0.525,0.18,1.6615,0.8005,0.3645,0.43,10
I,0.605,0.47,0.14,0.939,0.3385,0.201,0.32,13
I,0.485,0.37,0.14,0.5065,0.2425,0.088,0.1465,8
M,0.695,0.56,0.19,1.494,0.588,0.3425,0.485,15
M,0.62,0.48,0.165,1.0725,0.4815,0.235,0.312,9
F,0.67,0.515,0.17,1.4265,0.6605,0.3395,0.37,11
M,0.425,0.33,0.08,0.361,0.134,0.0825,0.125,7
M,0.595,0.475,0.16,1.3175,0.408,0.234,0.58,21
F,0.655,0.51,0.16,1.092,0.396,0.2825,0.37,14
I,0.485,0.385,0.13,0.568,0.2505,0.178,0.154,7
F,0.685,0.53,0.17,1.5105,0.7385,0.3525,0.3725,10
I,0.475,0.36,0.11,0.452,0.191,0.099,0.13,8
F,0.7,0.55,0.17,1.684,0.7535,0.3265,0.32,11
I,0.4,0.3,0.115,0.318,0.1335,0.0725,0.0935,6
I,0.445,0.335,0.1,0.4895,0.2745,0.086,0.1105,7
I,0.42,0.325,0.1,0.368,0.1675,0.0625,0.1135,11
I,0.465,0.37,0.115,0.4075,0.1515,0.0935,0.1455,9
M,0.56,0.44,0.16,0.8645,0.3305,0.2075,0.26,10
I,0.45,0.35,0.13,0.547,0.245,0.1405,0.1405,8
M,0.65,0.525,0.185,1.622,0.6645,0.3225,0.477,10
F,0.645,0.52,0.18,1.285,0.5775,0.352,0.317,9
M,0.545,0.415,0.14,0.82,0.4615,0.127,0.218,9
F,0.615,0.475,0.175,1.194,0.559,0.259,0.3165,11
I,0.335,0.26,0.09,0.1965,0.0875,0.041,0.056,7
M,0.415,0.315,0.125,0.388,0.068,0.09,0.125,12
M,0.635,0.51,0.185,1.308,0.544,0.318,0.377,8
F,0.61,0.485,0.17,1.1005,0.5125,0.229,0.305,11
M,0.63,0.495,0.16,1.093,0.497,0.221,0.315,12
I,0.36,0.25,0.115,0.465,0.21,0.1055,0.128,7
I,0.305,0.22,0.07,0.141,0.062,0.031,0.037,5
M,0.475,0.355,0.12,0.48,0.234,0.1015,0.135,8
M,0.5,0.39,0.135,0.6595,0.3145,0.1535,0.1565,6
M,0.62,0.46,0.16,0.9505,0.4915,0.2,0.228,9
F,0.605,0.5,0.185,1.1185,0.469,0.2585,0.335,9
M,0.42,0.345,0.105,0.43,0.175,0.096,0.13,7
I,0.335,0.255,0.085,0.1785,0.071,0.0405,0.055,9
I,0.29,0.205,0.07,0.0975,0.036,0.019,0.035,8
F,0.635,0.505,0.165,1.251,0.577,0.227,0.3825,11
I,0.46,0.355,0.11,0.4255,0.2015,0.081,0.13,7
M,0.51,0.4,0.14,0.6515,0.2455,0.1665,0.185,10
M,0.345,0.255,0.09,0.2005,0.094,0.0295,0.063,9
F,0.45,0.325,0.135,0.438,0.1805,0.1165,0.11,9
I,0.35,0.25,0.075,0.1695,0.0835,0.0355,0.041,6
I,0.45,0.345,0.11,0.47,0.2355,0.0855,0.1135,7
I,0.54,0.42,0.14,0.7265,0.3205,0.1445,0.229,9
M,0.44,0.355,0.125,0.4775,0.132,0.0815,0.19,9
F,0.585,0.46,0.17,0.9325,0.365,0.271,0.29,9
M,0.41,0.31,0.125,0.3595,0.1415,0.0885,0.115,11
I,0.36,0.265,0.085,0.1895,0.0725,0.0515,0.055,6
F,0.56,0.43,0.145,0.898,0.3895,0.2325,0.245,9
M,0.505,0.405,0.11,0.625,0.305,0.16,0.175,9
M,0.575,0.47,0.14,0.8375,0.3485,0.1735,0.24,11
I,0.585,0.475,0.16,1.0505,0.48,0.234,0.285,10
F,0.575,0.46,0.165,1.124,0.2985,0.1785,0.44,13
F,0.65,0.545,0.165,1.566,0.6645,0.3455,0.415,16
I,0.42,0.325,0.1,0.368,0.1675,0.0625,0.1135,11
I,0.235,0.17,0.065,0.0625,0.023,0.014,0.022,6
M,0.645,0.5,0.19,1.229,0.524,0.278,0.395,17
I,0.485,0.37,0.115,0.457,0.1885,0.0965,0.15,9
F,0.41,0.32,0.115,0.387,0.165,0.1005,0.0985,11
F,0.635,0.49,0.155,1.145,0.4775,0.3035,0.3155,9
F,0.505,0.39,0.175,0.692,0.267,0.15,0.215,12
M,0.555,0.405,0.19,1.406,0.6115,0.342,0.389,10
M,0.705,0.56,0.165,1.675,0.797,0.4095,0.388,10
M,0.575,0.455,0.155,1.013,0.4685,0.2085,0.295,11
F,0.39,0.29,0.125,0.3055,0.121,0.082,0.09,7
M,0.575,0.48,0.15,0.9465,0.4355,0.2605,0.2505,9
F,0.565,0.44,0.155,0.9395,0.4275,0.214,0.27,12
M,0.575,0.45,0.16,0.955,0.44,0.1685,0.27,16
F,0.625,0.47,0.145,0.984,0.475,0.2,0.265,11
I,0.505,0.385,0.125,0.596,0.245,0.097,0.21,9
M,0.515,0.38,0.175,0.9565,0.325,0.158,0.31,14
F,0.645,0.52,0.18,1.285,0.5775,0.352,0.317,9
F,0.48,0.37,0.13,0.5885,0.2475,0.1505,0.1595,15
M,0.5,0.385,0.135,0.551,0.2245,0.0715,0.206,11
I,0.53,0.41,0.15,0.612,0.2435,0.1525,0.1895,11
I,0.33,0.26,0.08,0.19,0.0765,0.0385,0.065,7
M,0.42,0.34,0.115,0.4215,0.175,0.093,0.135,8
I,0.365,0.27,0.085,0.1875,0.081,0.042,0.058,6
I,0.51,0.4,0.125,0.5935,0.239,0.13,0.204,8
F,0.575,0.465,0.14,0.958,0.442,0.1815,0.2705,9
F,0.585,0.47,0.17,1.099,0.3975,0.2325,0.358,20
I,0.31,0.24,0.105,0.2885,0.118,0.065,0.083,6
F,0.51,0.4,0.13,0.5735,0.219,0.1365,0.195,13
M,0.605,0.475,0.175,1.201,0.5395,0.275,0.309,10
M,0.665,0.525,0.155,1.3575,0.5325,0.3045,0.4485,10
M,0.555,0.44,0.15,0.755,0.307,0.1525,0.26,12
I,0.3,0.215,0.05,0.1185,0.048,0.0225,0.042,4
I,0.555,0.395,0.13,0.5585,0.222,0.1245,0.17,9
F,0.47,0.375,0.125,0.5615,0.252,0.137,0.18,10
I,0.155,0.105,0.05,0.0175,0.005,0.0035,0.005,4
F,0.435,0.35,0.125,0.459,0.197,0.1145,0.145,9
M,0.62,0.485,0.165,1.1325,0.5235,0.2505,0.2825,9
F,0.57,0.43,0.16,0.811,0.3875,0.159,0.2285,9
F,0.585,0.455,0.13,0.8755,0.411,0.2065,0.225,8
M,0.67,0.52,0.19,1.6385,0.8115,0.369,0.391,9
F,0.375,0.27,0.135,0.597,0.272,0.131,0.1675,7
M,0.385,0.3,0.115,0.3435,0.1645,0.085,0.1025,6
F,0.57,0.435,0.15,0.8295,0.3875,0.156,0.245,10
M,0.495,0.39,0.15,0.853,0.3285,0.189,0.27,14
I,0.475,0.355,0.1,0.5035,0.2535,0.091,0.14,8
M,0.59,0.47,0.135,1.1685,0.539,0.279,0.28,8
M,0.695,0.53,0.21,1.51,0.664,0.4095,0.385,10
M,0.355,0.28,0.095,0.2455,0.0955,0.062,0.075,11
I,0.24,0.185,0.07,0.0715,0.026,0.018,0.025,6
M,0.605,0.49,0.145,1.3,0.517,0.3285,0.31,14
M,0.46,0.35,0.125,0.5165,0.1885,0.1145,0.185,9
M,0.57,0.475,0.195,1.0295,0.4635,0.1905,0.305,18
F,0.57,0.495,0.16,1.0915,0.452,0.275,0.315,14
I,0.36,0.28,0.09,0.2255,0.0885,0.04,0.09,8
M,0.65,0.52,0.19,1.3445,0.519,0.306,0.4465,16
F,0.6,0.46,0.15,1.235,0.6025,0.274,0.29,8
M,0.465,0.36,0.08,0.488,0.191,0.125,0.155,11
F,0.6,0.45,0.15,0.9625,0.4375,0.2225,0.2775,9
F,0.645,0.49,0.16,1.1665,0.4935,0.3155,0.299,9
F,0.44,0.345,0.17,0.4085,0.15,0.0825,0.1515,12
M,0.48,0.375,0.12,0.5895,0.2535,0.128,0.172,11
F,0.55,0.425,0.135,0.8515,0.362,0.196,0.27,14
F,0.535,0.41,0.13,0.7145,0.335,0.144,0.2075,9
M,0.345,0.27,0.09,0.195,0.078,0.0455,0.059,9
M,0.59,0.475,0.16,0.9455,0.3815,0.184,0.27,19
F,0.485,0.39,0.1,0.5565,0.2215,0.1155,0.185,9
I,0.405,0.31,0.095,0.3425,0.1785,0.064,0.0855,8
M,0.515,0.38,0.175,0.9565,0.325,0.158,0.31,14
F,0.625,0.49,0.165,1.127,0.477,0.2365,0.3185,9
M,0.495,0.38,0.12,0.474,0.197,0.1065,0.1545,10
F,0.515,0.39,0.13,0.5755,0.1975,0.13,0.1845,9
M,0.64,0.51,0.175,1.368,0.515,0.266,0.57,21
M,0.46,0.375,0.14,0.5105,0.192,0.1045,0.205,9
F,0.68,0.57,0.205,1.842,0.625,0.408,0.65,20
M,0.65,0.545,0.16,1.2425,0.487,0.296,0.48,15
F,0.565,0.46,0.15,0.8765,0.3455,0.1925,0.275,10
M,0.51,0.39,0.125,0.6565,0.262,0.1835,0.175,10
I,0.32,0.215,0.095,0.305,0.14,0.067,0.0885,6
M,0.665,0.5,0.175,1.2975,0.6075,0.314,0.315,9
F,0.465,0.375,0.135,0.6,0.2225,0.129,0.23,16
F,0.465,0.35,0.11,0.4085,0.165,0.102,0.131,8
M,0.37,0.265,0.075,0.214,0.09,0.051,0.07,6
M,0.6,0.47,0.16,1.194,0.5625,0.3045,0.2635,10
F,0.4,0.335,0.115,0.4335,0.2105,0.1205,0.12,10
M,0.56,0.45,0.175,1.011,0.3835,0.2065,0.37,15
F,0.615,0.495,0.16,1.255,0.5815,0.3195,0.3225,12
F,0.645,0.525,0.19,1.8085,0.7035,0.3885,0.395,18
I,0.5,0.385,0.11,0.596,0.3015,0.104,0.151,8
M,0.525,0.4,0.13,0.8295,0.2405,0.1825,0.275,11
F,0.6,0.46,0.145,0.9325,0.3985,0.2245,0.248,8
M,0.525,0.4,0.155,0.707,0.282,0.1605,0.225,9
M,0.62,0.47,0.15,1.309,0.587,0.4405,0.325,9
I,0.355,0.275,0.085,0.22,0.092,0.06,0.15,8
M,0.695,0.53,0.21,1.51,0.664,0.4095,0.385,10
M,0.77,0.6,0.215,2.1945,1.0515,0.482,0.584,10
M,0.55,0.42,0.145,0.7385,0.321,0.1485,0.252,11
M,0.645,0.52,0.175,1.561,0.709,0.3555,0.4,8
M,0.645,0.48,0.15,1.192,0.6055,0.2595,0.285,9
M,0.4,0.31,0.11,0.314,0.138,0.057,0.1,11
I,0.48,0.365,0.1,0.461,0.2205,0.0835,0.135,8
M,0.555,0.425,0.15,0.873,0.4625,0.1845,0.1965,9
M,0.655,0.54,0.215,1.844,0.7425,0.327,0.585,22
I,0.53,0.42,0.185,0.752,0.299,0.156,0.205,20
M,0.595,0.47,0.155,1.2015,0.492,0.3865,0.265,10
I,0.39,0.295,0.1,0.279,0.1155,0.059,0.08,7
I,0.32,0.24,0.075,0.1735,0.076,0.0355,0.05,7
I,0.53,0.405,0.13,0.6615,0.2945,0.1395,0.19,9
F,0.615,0.48,0.165,1.1615,0.513,0.301,0.305,10
M,0.66,0.525,0.2,1.489,0.6065,0.3795,0.421,10
F,0.485,0.39,0.1,0.5565,0.2215,0.1155,0.185,9
I,0.46,0.35,0.12,0.4885,0.193,0.105,0.155,11
I,0.495,0.39,0.125,0.6655,0.284,0.162,0.2,11
M,0.575,0.445,0.14,0.737,0.325,0.1405,0.237,10
M,0.62,0.49,0.155,1.1,0.505,0.2475,0.31,9
M,0.525,0.41,0.13,0.99,0.3865,0.243,0.295,15
M,0.63,0.495,0.16,1.093,0.497,0.221,0.315,12
M,0.55,0.45,0.155,0.7895,0.343,0.159,0.25,12
I,0.42,0.3,0.105,0.316,0.1255,0.07,0.1035,7
I,0.135,0.13,0.04,0.029,0.0125,0.0065,0.008,4
M,0.575,0.445,0.145,0.876,0.3795,0.1615,0.27,10
M,0.64,0.505,0.165,1.4435,0.6145,0.3035,0.39,18
M,0.455,0.345,0.15,0.5795,0.1685,0.125,0.215,13
I,0.415,0.31,0.09,0.2815,0.1245,0.0615,0.085,6
M,0.735,0.555,0.22,2.333,1.2395,0.3645,0.6195,12
I,0.33,0.26,0.08,0.19,0.0765,0.0385,0.065,7
I,0.485,0.39,0.125,0.591,0.287,0.141,0.12,9
I,0.49,0.375,0.125,0.5445,0.279,0.115,0.13,8
F,0.44,0.345,0.17,0.4085,0.15,0.0825,0.1515,12
M,0.49,0.395,0.135,0.5545,0.213,0.0925,0.215,14
F,0.655,0.5,0.18,1.4155,0.508,0.314,0.445,18
I,0.54,0.425,0.13,0.7205,0.2955,0.169,0.225,10
M,0.515,0.425,0.145,0.9365,0.497,0.181,0.2185,8
M,0.49,0.385,0.125,0.609,0.3065,0.096,0.1775,8
I,0.26,0.2,0.07,0.092,0.037,0.02,0.03,6
I,0.415,0.315,0.105,0.33,0.1405,0.0705,0.095,6
I,0.295,0.22,0.085,0.1285,0.0585,0.027,0.0365,5
I,0.365,0.26,0.115,0.218,0.0935,0.0445,0.07,9
I,0.445,0.32,0.12,0.378,0.152,0.0825,0.12,8
I,0.455,0.365,0.135,0.441,0.1515,0.1165,0.145,9
M,0.615,0.525,0.155,1.1375,0.367,0.236,0.37,20
F,0.655,0.5,0.22,1.359,0.642,0.3255,0.405,13
F,0.565,0.445,0.125,0.8305,0.3135,0.1785,0.23,11
F,0.705,0.53,0.17,1.564,0.612,0.394,0.44,10
M,0.63,0.51,0.23,1.539,0.5635,0.2815,0.57,17
F,0.57,0.445,0.145,0.8775,0.412,0.217,0.22,8
M,0.585,0.51,0.16,1.218,0.639,0.241,0.3,11
M,0.585,0.465,0.16,0.9555,0.4595,0.236,0.265,7
I,0.56,0.44,0.17,0.9445,0.3545,0.2175,0.3,12
F,0.51,0.4,0.12,0.7005,0.347,0.1105,0.195,10
F,0.605,0.455,0.145,0.9775,0.468,0.1775,0.275,9
M,0.71,0.575,0.215,2.009,0.9895,0.4475,0.502,11
M,0.5,0.385,0.135,0.6425,0.3195,0.129,0.1535,7
M,0.55,0.41,0.15,0.785,0.282,0.186,0.275,12
I,0.535,0.4,0.135,0.6025,0.2895,0.121,0.154,9
I,0.355,0.26,0.09,0.1925,0.077,0.038,0.065,8
M,0.58,0.43,0.125,0.9115,0.446,0.2075,0.121,10
M,0.515,0.455,0.135,0.7225,0.295,0.1625,0.235,9
M,0.77,0.6,0.215,2.1945,1.0515,0.482,0.584,10
M,0.595,0.46,0.155,1.03,0.4275,0.207,0.3305,10
F,0.615,0.495,0.155,1.0805,0.52,0.19,0.32,9
M,0.155,0.11,0.04,0.0155,0.0065,0.003,0.005,3
F,0.625,0.49,0.175,1.233,0.5565,0.247,0.365,11
M,0.495,0.38,0.135,0.6295,0.263,0.1425,0.215,12
M,0.51,0.395,0.145,0.6185,0.216,0.1385,0.24,12
I,0.465,0.345,0.11,0.393,0.1825,0.0735,0.12,8
F,0.62,0.49,0.16,1.056,0.493,0.244,0.2725,9
I,0.625,0.47,0.155,1.1955,0.643,0.2055,0.3145,12
I,0.33,0.255,0.08,0.205,0.0895,0.0395,0.055,7
I,0.26,0.2,0.07,0.092,0.037,0.02,0.03,6
M,0.45,0.33,0.105,0.4955,0.2575,0.082,0.129,8
F,0.56,0.435,0.15,0.8715,0.4755,0.1835,0.1835,9
F,0.665,0.515,0.18,1.389,0.5945,0.324,0.395,10
I,0.385,0.29,0.08,0.2485,0.122,0.0495,0.065,7
M,0.65,0.51,0.19,1.542,0.7155,0.3735,0.375,9
M,0.56,0.41,0.165,0.93,0.3505,0.237,0.3,13
M,0.625,0.455,0.17,1.082,0.4955,0.2345,0.315,9
M,0.58,0.45,0.14,1.013,0.38,0.216,0.36,14
F,0.655,0.455,0.17,1.275,0.583,0.303,0.333,8
M,0.51,0.395,0.125,0.5805,0.244,0.1335,0.188,11
M,0.63,0.51,0.19,1.4985,0.4125,0.3075,0.545,16
I,0.29,0.225,0.07,0.101,0.036,0.0235,0.035,8
I,0.275,0.205,0.08,0.096,0.036,0.0185,0.03,6
M,0.6,0.465,0.165,1.038,0.4975,0.2205,0.251,9
F,0.64,0.49,0.18,1.36,0.653,0.347,0.305,9
M,0.615,0.47,0.16,1.0175,0.473,0.2395,0.28,10
I,0.635,0.48,0.2,1.3655,0.6255,0.2595,0.425,16
F,0.55,0.435,0.14,0.745,0.347,0.174,0.2265,9
F,0.535,0.425,0.155,0.7765,0.302,0.1565,0.25,16
M,0.5,0.405,0.14,0.6155,0.241,0.1355,0.205,9
M,0.385,0.3,0.095,0.24,0.0885,0.059,0.085,9
F,0.705,0.535,0.22,1.866,0.929,0.3835,0.4395,10
F,0.345,0.25,0.09,0.203,0.078,0.059,0.055,6
I,0.57,0.43,0.145,0.833,0.354,0.144,0.2815,10
M,0.72,0.58,0.19,2.0885,0.9955,0.478,0.5305,13
F,0.64,0.515,0.165,1.3115,0.4945,0.2555,0.41,10
F,0.62,0.515,0.155,1.3255,0.6685,0.2605,0.335,12
M,0.31,0.225,0.075,0.1295,0.0455,0.0335,0.044,9
I,0.41,0.315,0.095,0.2805,0.114,0.0345,0.11,7
F,0.64,0.5,0.17,1.12,0.4955,0.2645,0.32,12
F,0.74,0.565,0.205,2.119,0.9655,0.5185,0.482,12
M,0.575,0.4,0.155,0.9325,0.3605,0.2445,0.3,17
M,0.2,0.14,0.055,0.035,0.0145,0.008,0.01,5
M,0.625,0.48,0.17,1.3555,0.671,0.268,0.3385,10
I,0.315,0.23,0.07,0.144,0.053,0.0305,0.04,8
M,0.71,0.56,0.175,1.724,0.566,0.4575,0.4625,13
F,0.585,0.455,0.165,0.998,0.345,0.2495,0.315,12
M,0.645,0.51,0.195,1.226,0.5885,0.2215,0.3745,10
I,0.215,0.17,0.055,0.0605,0.0205,0.014,0.02,6
M,0.73,0.595,0.23,2.8255,1.1465,0.419,0.897,17
F,0.69,0.53,0.17,1.5535,0.7945,0.3485,0.3695,9
I,0.36,0.265,0.095,0.2315,0.105,0.046,0.075,7
I,0.39,0.285,0.1,0.281,0.1275,0.062,0.077,7
M,0.485,0.365,0.155,1.029,0.4235,0.2285,0.313,8
M,0.63,0.47,0.15,1.1355,0.539,0.2325,0.3115,12
F,0.575,0.46,0.165,0.9575,0.4815,0.1945,0.236,10
M,0.21,0.15,0.05,0.0385,0.0155,0.0085,0.01,3
I,0.475,0.35,0.125,0.4225,0.1905,0.079,0.1355,9
F,0.5,0.39,0.13,0.6355,0.2505,0.1635,0.195,15
I,0.49,0.375,0.125,0.5445,0.279,0.115,0.13,8
I,0.475,0.42,0.16,0.7095,0.35,0.1505,0.1845,8
I,0.265,0.205,0.07,0.1055,0.039,0.041,0.035,5
M,0.605,0.49,0.165,1.1245,0.492,0.222,0.3555,11
I,0.62,0.47,0.14,0.8565,0.3595,0.16,0.295,9
I,0.365,0.27,0.085,0.196,0.0825,0.0375,0.06,7
F,0.59,0.465,0.17,1.0425,0.4635,0.24,0.27,10
M,0.375,0.28,0.095,0.2225,0.0875,0.043,0.08,10
M,0.515,0.38,0.175,0.9565,0.325,0.158,0.31,14
M,0.495,0.375,0.115,0.6245,0.282,0.143,0.155,6
M,0.635,0.51,0.185,1.308,0.544,0.318,0.377,8
M,0.475,0.37,0.11,0.4895,0.2185,0.107,0.146,8
F,0.6,0.47,0.17,1.0805,0.4995,0.2245,0.3205,9
I,0.44,0.34,0.105,0.369,0.164,0.08,0.1015,5
I,0.455,0.375,0.12,0.497,0.2355,0.1055,0.1295,6
I,0.575,0.435,0.13,0.805,0.3155,0.2155,0.245,10
F,0.59,0.47,0.17,0.9,0.355,0.1905,0.25,11
I,0.335,0.255,0.085,0.1785,0.071,0.0405,0.055,9
I,0.375,0.275,0.09,0.238,0.1075,0.0545,0.07,6
F,0.59,0.455,0.145,1.063,0.5155,0.2445,0.25,8
I,0.47,0.4,0.16,0.51,0.1615,0.073,0.198,14
I,0.46,0.345,0.11,0.3755,0.1525,0.058,0.125,7
I,0.37,0.285,0.095,0.226,0.1135,0.0515,0.0675,8
M,0.645,0.49,0.175,1.32,0.6525,0.2375,0.3385,11
M,0.64,0.515,0.08,1.042,0.515,0.1755,0.175,10
I,0.46,0.365,0.11,0.4495,0.1755,0.102,0.15,8
I,0.3,0.235,0.08,0.131,0.05,0.0265,0.043,4
I,0.34,0.25,0.075,0.1765,0.0785,0.0405,0.05,7
I,0.52,0.415,0.14,0.6385,0.2945,0.1405,0.171,8
I,0.47,0.35,0.125,0.4315,0.19,0.1165,0.1175,6
I,0.24,0.185,0.06,0.0655,0.0295,0.0005,0.02,4
F,0.625,0.515,0.15,1.2415,0.5235,0.3065,0.36,15
M,0.66,0.5,0.165,1.3195,0.667,0.269,0.341,9
I,0.495,0.38,0.145,0.5,0.205,0.148,0.1505,8
I,0.31,0.225,0.05,0.1445,0.0675,0.0385,0.045,6
F,0.525,0.4,0.13,0.6995,0.3115,0.131,0.223,9
F,0.43,0.335,0.12,0.444,0.155,0.1145,0.14,13
F,0.455,0.36,0.11,0.4385,0.206,0.098,0.125,10
I,0.355,0.265,0.085,0.2435,0.122,0.0525,0.06,6
I,0.26,0.205,0.07,0.097,0.0415,0.019,0.0305,4
M,0.735,0.59,0.205,2.087,0.909,0.474,0.625,12
M,0.37,0.29,0.09,0.241,0.11,0.045,0.069,10
F,0.595,0.475,0.17,1.247,0.48,0.225,0.425,20
F,0.59,0.46,0.145,0.9905,0.453,0.2205,0.275,8
M,0.65,0.515,0.185,1.3745,0.75,0.1805,0.369,12
I,0.48,0.38,0.125,0.523,0.2105,0.1045,0.175,15
I,0.455,0.345,0.105,0.4005,0.164,0.0755,0.126,8
F,0.525,0.425,0.16,0.8355,0.3545,0.2135,0.245,9
F,0.58,0.455,0.17,0.9075,0.374,0.2135,0.285,13
M,0.545,0.43,0.155,0.8035,0.409,0.144,0.228,7
M,0.72,0.575,0.23,2.2695,0.8835,0.3985,0.665,16
I,0.515,0.4,0.12,0.659,0.2705,0.179,0.17,13
F,0.45,0.35,0.135,0.56,0.231,0.137,0.145,13
I,0.52,0.38,0.13,0.5345,0.2375,0.122,0.1535,8
I,0.545,0.42,0.165,0.8935,0.4235,0.2195,0.228,8
F,0.68,0.55,0.2,1.596,0.525,0.4075,0.585,21
M,0.675,0.52,0.145,1.3645,0.557,0.3405,0.385,11
F,0.685,0.53,0.17,1.5105,0.7385,0.3525,0.3725,10
M,0.44,0.335,0.11,0.394,0.157,0.096,0.122,9
F,0.55,0.465,0.18,1.2125,0.3245,0.205,0.525,27
M,0.57,0.45,0.155,0.91,0.326,0.1895,0.355,14
F,0.53,0.395,0.145,0.775,0.308,0.169,0.255,7
I,0.41,0.3,0.09,0.28,0.141,0.0575,0.075,8
M,0.555,0.44,0.15,1.092,0.416,0.212,0.4405,15
I,0.325,0.24,0.075,0.152,0.065,0.0305,0.045,6
M,0.535,0.405,0.185,0.8345,0.3175,0.1725,0.29,16
M,0.615,0.48,0.18,1.1595,0.4845,0.2165,0.325,13
M,0.32,0.245,0.075,0.1555,0.0585,0.038,0.049,11
I,0.21,0.15,0.045,0.04,0.0135,0.008,0.0105,4
I,0.435,0.335,0.11,0.411,0.2025,0.0945,0.1,7
I,0.31,0.24,0.105,0.2885,0.118,0.065,0.083,6
F,0.645,0.5,0.17,1.1845,0.4805,0.274,0.355,13
I,0.345,0.27,0.11,0.2135,0.082,0.0545,0.07,7
F,0.545,0.415,0.15,0.7335,0.2795,0.163,0.2185,11
F,0.52,0.425,0.15,0.813,0.385,0.2015,0.23,10
M,0.605,0.445,0.14,0.982,0.4295,0.2085,0.295,12
F,0.585,0.46,0.17,1.0835,0.3745,0.326,0.325,14
F,0.565,0.455,0.13,1.058,0.439,0.2645,0.3,10
M,0.63,0.485,0.145,1.062,0.5065,0.1785,0.3365,12
F,0.585,0.455,0.165,0.998,0.345,0.2495,0.315,12
I,0.485,0.375,0.11,0.464,0.2015,0.09,0.149,8
I,0.465,0.355,0.11,0.474,0.23,0.1005,0.12,7
M,0.62,0.485,0.155,1.049,0.462,0.231,0.25,10
I,0.68,0.53,0.185,1.1095,0.439,0.245,0.34,10
M,0.46,0.375,0.14,0.5105,0.192,0.1045,0.205,9
M,0.645,0.5,0.19,1.5595,0.741,0.3715,0.3845,14
I,0.44,0.345,0.12,0.487,0.1965,0.108,0.16,14
F,0.555,0.42,0.14,0.868,0.33,0.243,0.21,13
M,0.465,0.35,0.14,0.5755,0.2015,0.1505,0.19,15
M,0.62,0.48,0.155,1.2555,0.527,0.374,0.3175,11
M,0.615,0.525,0.155,1.1375,0.367,0.236,0.37,20
M,0.58,0.45,0.145,1.0025,0.547,0.1975,0.2295,8
I,0.395,0.295,0.095,0.2725,0.115,0.0625,0.085,8
F,0.62,0.485,0.165,1.166,0.483,0.238,0.355,13
M,0.58,0.455,0.17,0.93,0.408,0.259,0.22,9
F,0.55,0.38,0.165,1.205,0.543,0.294,0.3345,10
I,0.485,0.39,0.125,0.591,0.287,0.141,0.12,9
I,0.28,0.21,0.055,0.106,0.0415,0.0265,0.031,5
I,0.44,0.35,0.135,0.435,0.1815,0.083,0.125,12
M,0.675,0.525,0.185,1.587,0.6935,0.336,0.395,13
F,0.65,0.495,0.175,1.227,0.528,0.258,0.37,11
M,0.665,0.54,0.175,1.347,0.4955,0.254,0.415,17
F,0.6,0.47,0.17,1.0805,0.4995,0.2245,0.3205,9
I,0.42,0.305,0.09,0.328,0.168,0.0615,0.082,6
F,0.605,0.48,0.15,1.079,0.4505,0.2835,0.293,10
I,0.465,0.36,0.105,0.452,0.22,0.159,0.1035,9
M,0.645,0.505,0.15,1.1605,0.519,0.2615,0.335,10
I,0.41,0.305,0.1,0.2645,0.1,0.0655,0.085,7
F,0.7,0.575,0.205,1.773,0.605,0.447,0.538,13
F,0.575,0.46,0.165,0.9575,0.4815,0.1945,0.236,10
I,0.54,0.425,0.14,0.742,0.32,0.1395,0.25,9
M,0.6,0.49,0.21,1.9875,1.005,0.419,0.491,10
M,0.64,0.495,0.17,1.139,0.5395,0.282,0.285,10
I,0.515,0.39,0.12,0.565,0.235,0.135,0.179,9
I,0.635,0.48,0.2,1.3655,0.6255,0.2595,0.425,16
F,0.55,0.465,0.18,1.2125,0.3245,0.205,0.525,27
F,0.29,0.21,0.075,0.275,0.113,0.0675,0.035,6
F,0.6,0.47,0.19,1.1345,0.492,0.2595,0.3375,10
M,0.525,0.4,0.13,0.8295,0.2405,0.1825,0.275,11
M,0.615,0.48,0.19,1.36,0.5305,0.2375,0.47,18
I,0.4,0.3,0.115,0.318,0.1335,0.0725,0.0935,6
M,0.645,0.49,0.16,1.251,0.5355,0.3345,0.3165,9
M,0.27,0.2,0.08,0.1205,0.0465,0.028,0.04,6
I,0.64,0.49,0.135,1.1,0.488,0.2505,0.2925,10
M,0.625,0.495,0.155,1.0485,0.487,0.212,0.3215,11
M,0.65,0.515,0.185,1.3745,0.75,0.1805,0.369,12
I,0.355,0.265,0.085,0.2435,0.122,0.0525,0.06,6
F,0.7,0.56,0.175,1.6605,0.8605,0.3275,0.398,11
M,0.345,0.255,0.09,0.2005,0.094,0.0295,0.063,9
I,0.38,0.275,0.11,0.256,0.11,0.0535,0.0755,6
M,0.26,0.2,0.065,0.096,0.044,0.027,0.03,6
M,0.61,0.47,0.175,1.214,0.5315,0.2835,0.325,10
M,0.62,0.51,0.175,1.615,0.5105,0.192,0.675,12
I,0.465,0.38,0.13,0.454,0.1895,0.08,0.155,11
F,0.675,0.555,0.205,1.925,0.713,0.358,0.4535,13
I,0.465,0.345,0.105,0.4015,0.242,0.0345,0.109,6
I,0.375,0.28,0.1,0.2565,0.1165,0.0585,0.0725,12
M,0.52,0.385,0.14,0.6595,0.2485,0.2035,0.16,9
M,0.615,0.485,0.215,0.9615,0.422,0.176,0.29,11
M,0.58,0.45,0.155,0.8275,0.321,0.1975,0.2445,8
I,0.585,0.45,0.135,0.855,0.3795,0.187,0.26,9
M,0.57,0.45,0.145,0.95,0.4005,0.2235,0.2845,10
I,0.455,0.375,0.125,0.533,0.233,0.106,0.185,8
M,0.35,0.26,0.09,0.198,0.0725,0.056,0.06,10
F,0.61,0.48,0.175,1.0675,0.391,0.216,0.42,15
M,0.565,0.445,0.15,0.796,0.3635,0.184,0.219,8
M,0.56,0.445,0.16,0.8965,0.42,0.2175,0.2215,8
I,0.23,0.18,0.05,0.064,0.0215,0.0135,0.02,5
I,0.515,0.405,0.13,0.573,0.213,0.134,0.195,9
I,0.59,0.465,0.195,1.0885,0.3685,0.187,0.375,17
M,0.62,0.49,0.15,1.195,0.4605,0.302,0.355,9
F,0.56,0.455,0.16,0.967,0.4525,0.207,0.274,9
M,0.61,0.475,0.15,1.142,0.62,0.237,0.245,9
F,0.625,0.49,0.2,1.3825,0.5895,0.285,0.381,11
I,0.48,0.36,0.125,0.542,0.2795,0.1025,0.147,7
M,0.595,0.47,0.165,1.108,0.4915,0.2325,0.3345,9
I,0.445,0.345,0.105,0.409,0.1675,0.1015,0.117,7
M,0.61,0.485,0.175,1.2445,0.544,0.297,0.345,12
I,0.28,0.205,0.07,0.1015,0.041,0.03,0.03,6
I,0.43,0.325,0.09,0.425,0.217,0.087,0.095,7
M,0.535,0.415,0.135,0.78,0.3165,0.169,0.2365,8
I,0.355,0.28,0.085,0.2905,0.095,0.0395,0.115,7
I,0.205,0.155,0.045,0.0495,0.0235,0.011,0.014,3
M,0.65,0.525,0.19,1.4995,0.6265,0.4005,0.395,14
M,0.665,0.535,0.195,1.606,0.5755,0.388,0.48,14
M,0.405,0.305,0.085,0.2605,0.1145,0.0595,0.085,8
M,0.41,0.31,0.125,0.3595,0.1415,0.0885,0.115,11
F,0.595,0.455,0.14,0.914,0.3895,0.2225,0.271,9
I,0.365,0.27,0.085,0.1875,0.081,0.042,0.058,6
F,0.485,0.38,0.15,0.605,0.2155,0.14,0.18,15
I,0.275,0.2,0.065,0.1035,0.0475,0.0205,0.03,7
I,0.32,0.255,0.085,0.1745,0.072,0.033,0.057,8
I,0.345,0.255,0.095,0.1945,0.0925,0.037,0.055,6
M,0.585,0.465,0.16,0.9555,0.4595,0.236,0.265,7
M,0.565,0.445,0.15,0.796,0.3635,0.184,0.219,8
I,0.515,0.38,0.12,0.625,0.3265,0.1295,0.16,7
M,0.385,0.275,0.115,0.2685,0.0975,0.0825,0.085,8
I,0.54,0.425,0.14,0.742,0.32,0.1395,0.25,9
M,0.45,0.335,0.125,0.349,0.119,0.1055,0.115,10
I,0.495,0.39,0.125,0.6655,0.284,0.162,0.2,11
I,0.45,0.35,0.135,0.494,0.2205,0.0945,0.1405,7
F,0.36,0.265,0.09,0.2165,0.096,0.037,0.0735,10
M,0.465,0.35,0.14,0.5755,0.2015,0.1505,0.19,15
I,0.485,0.415,0.14,0.5705,0.25,0.134,0.185,8
I,0.415,0.31,0.09,0.2815,0.1245,0.0615,0.085,6
I,0.13,0.1,0.03,0.013,0.0045,0.003,0.004,3
M,0.37,0.29,0.09,0.241,0.11,0.045,0.069,10
I,0.585,0.42,0.145,0.6735,0.2895,0.1345,0.22,9
I,0.53,0.42,0.12,0.5965,0.2555,0.141,0.177,7
F,0.62,0.51,0.205,1.3475,0.4775,0.2565,0.48,14
M,0.51,0.39,0.125,0.6565,0.262,0.1835,0.175,10
I,0.275,0.195,0.09,0.1125,0.0545,0.0295,0.0355,6
F,0.66,0.525,0.16,1.277,0.4975,0.319,0.394,13
F,0.505,0.405,0.18,0.606,0.239,0.1235,0.18,11
I,0.35,0.25,0.07,0.1605,0.0715,0.0335,0.046,6
I,0.68,0.53,0.185,1.1095,0.439,0.245,0.34,10
I,0.41,0.3,0.09,0.28,0.141,0.0575,0.075,8
F,0.585,0.46,0.17,0.9325,0.365,0.271,0.29,9
I,0.55,0.465,0.15,0.936,0.481,0.174,0.2435,9
F,0.525,0.415,0.15,0.7155,0.2355,0.171,0.27,13
F,0.585,0.42,0.155,1.034,0.437,0.2225,0.32,11
M,0.415,0.32,0.1,0.3005,0.1215,0.0575,0.104,11
F,0.51,0.4,0.125,0.545,0.261,0.115,0.1385,6
M,0.36,0.27,0.09,0.2225,0.083,0.053,0.075,6
M,0.625,0.48,0.175,1.065,0.4865,0.259,0.285,10
F,0.63,0.5,0.18,1.1965,0.514,0.2325,0.3995,8
F,0.62,0.51,0.175,1.1255,0.4985,0.227,0.315,14
M,0.73,0.585,0.225,2.2305,1.2395,0.422,0.563,14
M,0.565,0.415,0.125,0.667,0.302,0.1545,0.185,7
F,0.505,0.375,0.18,0.568,0.2325,0.1495,0.17,12
F,0.58,0.425,0.15,0.844,0.3645,0.185,0.2705,9
I,0.425,0.31,0.095,0.3505,0.1645,0.071,0.1,8
I,0.345,0.255,0.085,0.2005,0.105,0.037,0.05,5
M,0.555,0.435,0.145,0.9205,0.404,0.2275,0.255,8
M,0.69,0.505,0.2,1.872,0.893,0.4015,0.48,10
M,0.615,0.47,0.155,1.2,0.5085,0.32,0.292,8
M,0.37,0.29,0.09,0.241,0.11,0.045,0.069,10
F,0.72,0.545,0.185,1.7185,0.7925,0.401,0.468,11
M,0.565,0.435,0.185,0.9815,0.329,0.136,0.39,13
M,0.61,0.45,0.15,0.871,0.407,0.1835,0.25,10
M,0.535,0.42,0.125,0.764,0.312,0.1505,0.265,11
I,0.16,0.12,0.02,0.018,0.0075,0.0045,0.005,4
M,0.525,0.4,0.14,0.7325,0.334,0.1575,0.17,11
F,0.45,0.355,0.105,0.5225,0.237,0.1165,0.145,8
I,0.435,0.325,0.12,0.3995,0.1815,0.061,0.1125,8
M,0.505,0.4,0.135,0.723,0.377,0.149,0.178,7
I,0.3,0.22,0.065,0.1235,0.059,0.026,0.0315,5
M,0.68,0.52,0.175,1.543,0.7525,0.351,0.374,11
F,0.59,0.445,0.13,1.1325,0.3825,0.234,0.32,13
I,0.5,0.38,0.125,0.519,0.2485,0.1135,0.134,8
M,0.64,0.5,0.185,1.3035,0.4445,0.2635,0.465,16
F,0.665,0.57,0.185,1.522,0.6965,0.3025,0.405,13
I,0.295,0.22,0.085,0.1285,0.0585,0.027,0.0365,5
I,0.475,0.35,0.11,0.4565,0.206,0.099,0.13,6
M,0.49,0.39,0.14,0.707,0.2795,0.2185,0.18,13
I,0.305,0.215,0.065,0.1075,0.044,0.0205,0.038,5
M,0.67,0.52,0.19,1.6385,0.8115,0.369,0.391,9
M,0.61,0.48,0.15,1.2,0.56,0.2455,0.28,14
M,0.49,0.385,0.125,0.609,0.3065,0.096,0.1775,8
F,0.505,0.39,0.13,0.674,0.3165,0.141,0.1785,9
I,0.625,0.43,0.175,1.411,0.572,0.297,0.395,12
I,0.44,0.31,0.115,0.3625,0.134,0.082,0.12,11
I,0.555,0.435,0.14,0.765,0.3945,0.15,0.206,8
M,0.425,0.34,0.12,0.388,0.149,0.087,0.125,10
I,0.34,0.255,0.075,0.18,0.0745,0.04,0.0525,6
F,0.5,0.385,0.115,0.6785,0.2945,0.138,0.195,12
I,0.585,0.45,0.15,0.8915,0.3975,0.2035,0.253,8
M,0.6,0.475,0.175,1.11,0.5105,0.256,0.285,9
M,0.6,0.495,0.195,1.0575,0.384,0.19,0.375,26
I,0.37,0.29,0.1,0.25,0.1025,0.0505,0.085,10
F,0.625,0.515,0.16,1.264,0.5715,0.326,0.321,9
I,0.45,0.34,0.105,0.4385,0.21,0.0925,0.12,8
F,0.545,0.415,0.2,1.358,0.567,0.318,0.403,10
M,0.385,0.275,0.115,0.2685,0.0975,0.0825,0.085,8
F,0.475,0.38,0.14,0.689,0.3165,0.1315,0.1955,7
I,0.475,0.42,0.16,0.7095,0.35,0.1505,0.1845,8
M,0.62,0.515,0.175,1.221,0.535,0.241,0.395,13
I,0.36,0.27,0.09,0.232,0.12,0.0435,0.056,8
I,0.495,0.375,0.14,0.494,0.181,0.0975,0.191,8
F,0.685,0.525,0.175,1.71,0.5415,0.309,0.58,16
F,0.505,0.405,0.18,0.606,0.239,0.1235,0.18,11
F,0.62,0.48,0.18,1.2215,0.582,0.2695,0.313,12
M,0.59,0.465,0.135,0.9895,0.4235,0.199,0.28,8
F,0.625,0.49,0.11,1.136,0.5265,0.1915,0.2925,9
I,0.63,0.49,0.17,1.217,0.5515,0.212,0.31,11
F,0.545,0.41,0.125,0.654,0.2945,0.1315,0.205,10
I,0.34,0.255,0.075,0.18,0.0745,0.04,0.0525,6
M,0.675,0.525,0.16,1.2835,0.572,0.2755,0.3545,13
I,0.475,0.385,0.11,0.5735,0.311,0.1025,0.136,7
M,0.535,0.405,0.14,0.818,0.402,0.1715,0.189,7
I,0.435,0.32,0.08,0.3325,0.1485,0.0635,0.105,9
I,0.385,0.3,0.09,0.247,0.1225,0.044,0.0675,5
M,0.605,0.475,0.14,1.1175,0.555,0.257,0.274,9
F,0.54,0.435,0.175,0.892,0.322,0.174,0.335,13
F,0.52,0.4,0.12,0.6515,0.261,0.2015,0.165,15
M,0.48,0.385,0.145,0.64,0.2925,0.1405,0.1575,6
F,0.44,0.345,0.17,0.4085,0.15,0.0825,0.1515,12
I,0.44,0.32,0.105,0.3875,0.1755,0.074,0.12,9
F,0.55,0.415,0.18,1.1655,0.502,0.301,0.311,9
F,0.67,0.525,0.195,1.37,0.6065,0.2955,0.407,12
M,0.525,0.425,0.19,0.872,0.4625,0.1725,0.199,9
M,0.66,0.545,0.185,1.32,0.5305,0.2635,0.455,16
I,0.33,0.23,0.085,0.1695,0.079,0.026,0.0505,6
I,0.42,0.32,0.1,0.34,0.1745,0.05,0.0945,8
I,0.25,0.175,0.06,0.0635,0.0275,0.008,0.02,4
I,0.625,0.46,0.16,1.2395,0.55,0.273,0.38,14
F,0.59,0.465,0.17,1.0425,0.4635,0.24,0.27,10
I,0.55,0.445,0.11,0.7935,0.378,0.142,0.26,10
I,0.355,0.26,0.09,0.1925,0.077,0.038,0.065,8
I,0.435,0.33,0.11,0.38,0.1515,0.0945,0.11,7
M,0.58,0.45,0.12,0.8685,0.418,0.1475,0.2605,8
M,0.455,0.34,0.135,0.462,0.1675,0.158,0.12,9
M,0.7,0.565,0.18,1.751,0.895,0.3355,0.446,9
M,0.575,0.455,0.145,1.165,0.581,0.2275,0.3,14
I,0.475,0.355,0.1,0.5035,0.2535,0.091,0.14,8
I,0.485,0.355,0.12,0.5085,0.21,0.122,0.135,9
M,0.76,0.575,0.19,1.829,0.7035,0.386,0.56,14
I,0.33,0.24,0.075,0.163,0.0745,0.033,0.048,6
M,0.46,0.375,0.135,0.4935,0.186,0.0845,0.17,12
M,0.59,0.475,0.165,1.077,0.4545,0.244,0.3095,9
M,0.67,0.525,0.18,1.4915,0.728,0.343,0.381,9
M,0.5,0.39,0.125,0.5215,0.2485,0.117,0.131,6
F,0.6,0.465,0.16,1.133,0.466,0.2885,0.298,11
F,0.57,0.465,0.155,0.872,0.3245,0.239,0.285,14
F,0.675,0.51,0.15,1.1965,0.475,0.304,0.386,11
I,0.505,0.385,0.125,0.596,0.245,0.097,0.21,9
F,0.505,0.38,0.135,0.6855,0.361,0.1565,0.161,9
M,0.515,0.385,0.13,0.623,0.2855,0.1285,0.175,10
F,0.52,0.46,0.15,1.019,0.523,0.1985,0.254,7
M,0.45,0.335,0.14,0.4625,0.164,0.076,0.15,14
F,0.605,0.485,0.165,1.0735,0.437,0.205,0.33,14
F,0.64,0.505,0.175,1.3185,0.6185,0.302,0.3315,9
M,0.68,0.54,0.195,1.7825,0.5565,0.3235,0.4285,11
M,0.515,0.38,0.135,0.6615,0.2875,0.2095,0.155,10
F,0.56,0.43,0.145,0.898,0.3895,0.2325,0.245,9
M,0.575,0.435,0.14,0.8455,0.401,0.191,0.222,9
I,0.46,0.34,0.1,0.386,0.1805,0.0875,0.0965,8
M,0.525,0.4,0.13,0.622,0.2655,0.147,0.184,9
F,0.485,0.365,0.14,0.6195,0.2595,0.1445,0.177,14
F,0.62,0.47,0.2,1.2255,0.381,0.27,0.435,23
F,0.645,0.52,0.21,1.5535,0.616,0.3655,0.474,16
M,0.37,0.265,0.075,0.214,0.09,0.051,0.07,6
F,0.635,0.505,0.145,1.1345,0.505,0.2655,0.315,10
M,0.525,0.415,0.16,0.6445,0.26,0.1575,0.22,12
M,0.605,0.475,0.175,1.201,0.5395,0.275,0.309,10
F,0.565,0.44,0.15,0.983,0.4475,0.2355,0.2485,9
F,0.6,0.475,0.15,1.13,0.575,0.196,0.305,9
I,0.46,0.36,0.14,0.447,0.161,0.087,0.16,9
M,0.535,0.42,0.125,0.738,0.355,0.1895,0.1795,8
M,0.465,0.36,0.105,0.488,0.188,0.0845,0.19,10
M,0.485,0.385,0.125,0.4775,0.2,0.0785,0.17,12
M,0.46,0.365,0.125,0.467,0.1895,0.0945,0.158,10
M,0.585,0.45,0.15,0.997,0.4055,0.283,0.251,11
M,0.55,0.435,0.16,0.906,0.342,0.219,0.295,13
I,0.42,0.325,0.1,0.368,0.1675,0.0625,0.1135,11
M,0.57,0.42,0.155,1.008,0.377,0.193,0.34,13
M,0.645,0.51,0.16,1.33,0.6665,0.309,0.317,9
M,0.575,0.455,0.145,1.165,0.581,0.2275,0.3,14
I,0.58,0.49,0.195,1.3165,0.5305,0.254,0.41,18
F,0.58,0.465,0.165,1.1015,0.404,0.2095,0.35,11
F,0.62,0.49,0.16,1.056,0.493,0.244,0.2725,9
M,0.61,0.49,0.16,1.146,0.597,0.246,0.265,8
I,0.455,0.35,0.135,0.5365,0.2855,0.0855,0.1325,7
M,0.645,0.51,0.165,1.403,0.5755,0.2515,0.4545,11
M,0.43,0.345,0.115,0.3045,0.0925,0.055,0.12,11
I,0.425,0.325,0.105,0.3975,0.1815,0.081,0.1175,7
F,0.645,0.525,0.17,1.37,0.6135,0.283,0.34,10
M,0.74,0.605,0.2,2.4925,1.1455,0.575,0.5235,13
M,0.655,0.545,0.19,1.4245,0.6325,0.333,0.378,10
F,0.44,0.345,0.17,0.4085,0.15,0.0825,0.1515,12
F,0.52,0.41,0.17,0.8705,0.3735,0.219,0.25,14
F,0.55,0.44,0.15,0.8945,0.3145,0.151,0.32,19
I,0.495,0.375,0.115,0.5755,0.31,0.1145,0.1395,8
F,0.415,0.305,0.13,0.32,0.1305,0.0755,0.105,8
I,0.49,0.37,0.11,0.538,0.271,0.1035,0.139,8
I,0.4,0.32,0.095,0.348,0.194,0.053,0.087,6
I,0.35,0.25,0.07,0.1605,0.0715,0.0335,0.046,6
I,0.42,0.305,0.1,0.3415,0.1645,0.0775,0.086,7
I,0.475,0.35,0.12,0.4905,0.2035,0.13,0.135,7
M,0.5,0.405,0.155,0.772,0.346,0.1535,0.245,12
F,0.585,0.46,0.17,1.0835,0.3745,0.326,0.325,14
F,0.555,0.435,0.165,0.97,0.336,0.2315,0.295,17
I,0.435,0.315,0.11,0.3685,0.1615,0.0715,0.12,7
F,0.495,0.41,0.125,0.7555,0.3355,0.129,0.214,9
I,0.255,0.19,0.06,0.086,0.04,0.0185,0.025,5
F,0.505,0.39,0.16,0.644,0.2475,0.2025,0.1635,9
I,0.52,0.39,0.14,0.7325,0.2415,0.144,0.26,19
M,0.335,0.255,0.075,0.1635,0.0615,0.0345,0.057,8
I,0.365,0.27,0.085,0.196,0.0825,0.0375,0.06,7
M,0.45,0.335,0.14,0.478,0.1865,0.115,0.16,11
M,0.35,0.255,0.08,0.1915,0.08,0.0385,0.063,9
F,0.475,0.375,0.15,0.559,0.1955,0.1215,0.1945,12
I,0.435,0.325,0.12,0.3995,0.1815,0.061,0.1125,8
I,0.465,0.345,0.11,0.4415,0.1755,0.0905,0.12,7
M,0.57,0.45,0.145,0.95,0.4005,0.2235,0.2845,10
I,0.405,0.315,0.105,0.347,0.1605,0.0785,0.1,9
M,0.49,0.355,0.155,0.981,0.465,0.2015,0.2505,8
F,0.645,0.515,0.15,1.212,0.515,0.2055,0.385,10
I,0.42,0.32,0.115,0.376,0.169,0.092,0.1,5
I,0.515,0.4,0.125,0.5925,0.265,0.1175,0.168,9
I,0.53,0.415,0.11,0.5745,0.2525,0.1235,0.189,9
M,0.57,0.45,0.145,0.95,0.4005,0.2235,0.2845,10
F,0.72,0.575,0.195,2.1505,1.0745,0.382,0.585,10
M,0.725,0.505,0.185,1.978,1.026,0.4255,0.4505,12
F,0.465,0.355,0.115,0.4705,0.1955,0.118,0.126,7
I,0.35,0.265,0.08,0.2,0.09,0.042,0.06,7
M,0.515,0.385,0.13,0.623,0.2855,0.1285,0.175,10
F,0.46,0.375,0.12,0.4915,0.2205,0.088,0.17,7
F,0.58,0.46,0.12,0.9935,0.4625,0.2385,0.28,11
F,0.655,0.53,0.19,1.428,0.493,0.318,0.565,18
F,0.52,0.46,0.15,1.019,0.523,0.1985,0.254,7
M,0.495,0.395,0.135,0.6335,0.3035,0.1295,0.1495,8
F,0.58,0.455,0.17,0.9075,0.374,0.2135,0.285,13
F,0.66,0.515,0.18,1.523,0.54,0.3365,0.555,16
I,0.55,0.425,0.13,0.664,0.2695,0.163,0.21,8
I,0.44,0.325,0.1,0.4165,0.185,0.0865,0.11,6
M,0.55,0.425,0.15,0.8315,0.411,0.1765,0.2165,10
F,0.54,0.475,0.155,0.928,0.394,0.194,0.26,11
M,0.425,0.325,0.12,0.3755,0.142,0.1065,0.105,9
F,0.725,0.56,0.185,1.792,0.873,0.367,0.435,11
M,0.58,0.45,0.16,0.8675,0.3935,0.221,0.215,9
F,0.635,0.485,0.165,1.2945,0.668,0.2605,0.2715,9
I,0.46,0.37,0.11,0.3965,0.1485,0.0855,0.1455,8
M,0.525,0.425,0.12,0.702,0.3335,0.1465,0.22,12
M,0.5,0.4,0.13,0.6645,0.258,0.133,0.24,12
I,0.43,0.32,0.1,0.3465,0.1635,0.08,0.09,7
F,0.515,0.435,0.17,0.631,0.2765,0.111,0.216,12
I,0.39,0.315,0.09,0.3095,0.147,0.05,0.09,7
I,0.46,0.35,0.115,0.4155,0.18,0.098,0.1175,7
F,0.625,0.475,0.16,1.3335,0.605,0.2875,0.319,10
M,0.69,0.525,0.2,1.7825,0.9165,0.3325,0.461,12
I,0.415,0.325,0.1,0.385,0.167,0.08,0.125,7
F,0.63,0.495,0.2,1.4255,0.659,0.336,0.38,11
I,0.345,0.275,0.095,0.1995,0.0755,0.0535,0.07,6
M,0.56,0.465,0.145,0.8875,0.3345,0.22,0.2695,9
M,0.575,0.46,0.155,0.892,0.4415,0.176,0.22,10
I,0.55,0.435,0.125,0.741,0.348,0.1585,0.206,9
M,0.495,0.4,0.12,0.6605,0.2605,0.161,0.19,15
M,0.535,0.405,0.14,0.818,0.402,0.1715,0.189,7
F,0.55,0.44,0.125,0.765,0.33,0.2125,0.245,9
M,0.565,0.445,0.145,0.9255,0.4345,0.212,0.2475,9
F,0.49,0.365,0.145,0.6345,0.1995,0.1625,0.22,10
F,0.43,0.34,0.12,0.391,0.1555,0.095,0.1405,7
F,0.61,0.485,0.15,1.2405,0.6025,0.2915,0.3085,12
F,0.64,0.51,0.2,1.3905,0.61,0.3315,0.41,12
I,0.23,0.18,0.05,0.064,0.0215,0.0135,0.02,5
I,0.54,0.425,0.13,0.8155,0.3675,0.1365,0.246,11
M,0.52,0.39,0.12,0.6435,0.2885,0.157,0.161,7
F,0.495,0.4,0.155,0.6445,0.242,0.1325,0.205,17
M,0.54,0.435,0.18,0.996,0.3835,0.226,0.325,17
F,0.66,0.535,0.175,1.5175,0.711,0.3125,0.415,12
F,0.575,0.45,0.16,1.068,0.556,0.214,0.2575,10
F,0.61,0.5,0.18,1.438,0.5185,0.3735,0.3345,9
F,0.62,0.5,0.175,1.107,0.4895,0.24,0.343,11
I,0.385,0.295,0.085,0.2535,0.103,0.0575,0.085,7
M,0.575,0.45,0.155,0.9765,0.495,0.2145,0.235,9
F,0.575,0.45,0.135,0.8285,0.362,0.1655,0.236,10
I,0.565,0.42,0.155,0.743,0.31,0.186,0.231,9
I,0.395,0.3,0.09,0.279,0.134,0.049,0.075,8
I,0.45,0.33,0.11,0.3685,0.16,0.0885,0.102,6
F,0.625,0.485,0.19,1.1745,0.4385,0.2305,0.42,17
I,0.635,0.505,0.19,1.3315,0.5805,0.252,0.435,17
F,0.51,0.4,0.12,0.7005,0.347,0.1105,0.195,10
F,0.675,0.55,0.19,1.551,0.7105,0.3685,0.412,13
F,0.505,0.39,0.13,0.674,0.3165,0.141,0.1785,9
M,0.525,0.415,0.145,0.845,0.3525,0.1635,0.2875,8
I,0.59,0.47,0.145,0.974,0.453,0.236,0.289,8
F,0.455,0.35,0.12,0.4555,0.1945,0.1045,0.1375,7
F,0.645,0.49,0.19,1.3065,0.479,0.3565,0.345,18
M,0.66,0.525,0.2,1.489,0.6065,0.3795,0.421,10
F,0.675,0.525,0.17,1.711,0.8365,0.352,0.475,9
I,0.48,0.35,0.105,0.635,0.352,0.127,0.135,6
F,0.47,0.35,0.115,0.487,0.1955,0.127,0.155,8
I,0.3,0.22,0.065,0.1235,0.059,0.026,0.0315,5
M,0.57,0.45,0.14,0.795,0.3385,0.148,0.245,9
M,0.68,0.545,0.185,1.672,0.7075,0.364,0.48,11
F,0.49,0.365,0.145,0.6345,0.1995,0.1625,0.22,10
M,0.66,0.505,0.2,1.6305,0.4865,0.297,0.61,18
F,0.61,0.48,0.16,1.234,0.598,0.238,0.315,12
M,0.565,0.455,0.155,0.9355,0.421,0.183,0.26,11
I,0.485,0.415,0.14,0.5705,0.25,0.134,0.185,8
M,0.36,0.295,0.1,0.2105,0.066,0.0525,0.075,9
M,0.57,0.45,0.155,1.195,0.5625,0.2565,0.295,10
M,0.605,0.475,0.145,0.884,0.3835,0.1905,0.27,8
F,0.71,0.5,0.15,1.3165,0.6835,0.2815,0.28,10
M,0.655,0.525,0.18,1.402,0.624,0.2935,0.365,13
M,0.635,0.515,0.16,1.2075,0.5385,0.282,0.345,11
F,0.655,0.455,0.17,1.2895,0.587,0.3165,0.3415,11
M,0.61,0.48,0.17,1.137,0.4565,0.29,0.347,10
M,0.395,0.305,0.105,0.282,0.0975,0.065,0.096,9
I,0.275,0.215,0.075,0.1155,0.0485,0.029,0.035,7
M,0.49,0.395,0.135,0.5545,0.213,0.0925,0.215,14
I,0.225,0.17,0.05,0.0515,0.019,0.012,0.017,4
F,0.53,0.41,0.145,0.8255,0.375,0.204,0.245,9
M,0.625,0.49,0.175,1.3325,0.5705,0.271,0.405,10
F,0.57,0.46,0.17,1.1,0.4125,0.2205,0.38,14
M,0.575,0.45,0.155,0.886,0.3605,0.211,0.2575,9
I,0.28,0.205,0.07,0.1015,0.041,0.03,0.03,6
M,0.645,0.5,0.175,1.3385,0.633,0.299,0.349,11
M,0.615,0.505,0.165,1.34,0.5315,0.2815,0.41,12
I,0.415,0.33,0.09,0.3595,0.17,0.081,0.09,6
I,0.545,0.43,0.14,0.687,0.2615,0.1405,0.25,9
F,0.455,0.365,0.11,0.385,0.166,0.046,0.1345,13
I,0.165,0.12,0.03,0.0215,0.007,0.005,0.005,3
F,0.585,0.45,0.16,1.077,0.4995,0.2875,0.25,10
M,0.675,0.52,0.145,1.3645,0.557,0.3405,0.385,11
I,0.555,0.395,0.13,0.5585,0.222,0.1245,0.17,9
M,0.645,0.505,0.185,1.463,0.592,0.3905,0.416,10
M,0.685,0.52,0.15,1.343,0.4635,0.292,0.4,13
M,0.6,0.465,0.165,1.0475,0.465,0.2345,0.315,11
M,0.455,0.345,0.125,0.44,0.169,0.1065,0.135,12
F,0.65,0.545,0.165,1.566,0.6645,0.3455,0.415,16
M,0.52,0.4,0.145,0.7765,0.3525,0.1845,0.185,9
F,0.635,0.5,0.18,1.2565,0.539,0.292,0.35,10
M,0.67,0.525,0.18,1.6615,0.8005,0.3645,0.43,10
M,0.65,0.505,0.17,1.5595,0.695,0.3515,0.395,11
F,0.565,0.46,0.15,0.8765,0.3455,0.1925,0.275,10
F,0.48,0.38,0.135,0.507,0.1915,0.1365,0.155,12
F,0.565,0.45,0.185,0.9285,0.302,0.1805,0.265,12
F,0.57,0.45,0.165,0.903,0.3305,0.1845,0.295,14
I,0.35,0.26,0.09,0.1765,0.072,0.0355,0.0575,7
I,0.525,0.4,0.14,0.654,0.305,0.16,0.169,7
F,0.485,0.37,0.115,0.4785,0.1995,0.0955,0.129,7
M,0.58,0.46,0.155,1.0335,0.469,0.2225,0.295,10
F,0.47,0.36,0.12,0.4775,0.2105,0.1055,0.15,10
F,0.625,0.515,0.18,1.3485,0.5255,0.252,0.3925,14
M,0.62,0.47,0.15,1.309,0.587,0.4405,0.325,9
F,0.61,0.485,0.17,1.1005,0.5125,0.229,0.305,11
I,0.485,0.415,0.14,0.5705,0.25,0.134,0.185,8
I,0.61,0.49,0.16,1.1545,0.5865,0.2385,0.2915,11
F,0.45,0.36,0.11,0.447,0.203,0.082,0.13,12
I,0.5,0.385,0.12,0.516,0.197,0.1305,0.165,8
F,0.665,0.53,0.185,1.3955,0.456,0.3205,0.49,15
M,0.63,0.515,0.175,1.1955,0.492,0.247,0.37,11
F,0.6,0.47,0.135,0.97,0.4655,0.1955,0.264,11
I,0.495,0.4,0.145,0.578,0.2545,0.1305,0.1645,8
I,0.55,0.425,0.155,0.8725,0.412,0.187,0.2425,10
F,0.655,0.53,0.165,1.2835,0.583,0.1255,0.4,8
F,0.58,0.425,0.15,0.844,0.3645,0.185,0.2705,9
M,0.53,0.41,0.155,0.7155,0.2805,0.1685,0.214,11
I,0.36,0.285,0.105,0.2415,0.0915,0.057,0.075,7
M,0.525,0.365,0.17,0.9605,0.438,0.2225,0.276,10
F,0.64,0.5,0.17,1.12,0.4955,0.2645,0.32,12
I,0.535,0.41,0.13,0.6075,0.268,0.1225,0.1975,9
M,0.69,0.505,0.2,1.872,0.893,0.4015,0.48,10
I,0.445,0.32,0.12,0.378,0.152,0.0825,0.12,8
I,0.625,0.47,0.155,1.1955,0.643,0.2055,0.3145,12
M,0.5,0.38,0.135,0.5835,0.2295,0.1265,0.18,12
M,0.57,0.45,0.155,1.195,0.5625,0.2565,0.295,10
F,0.56,0.425,0.125,0.932,0.361,0.213,0.335,9
M,0.535,0.41,0.135,0.862,0.2855,0.1525,0.32,14
I,0.34,0.26,0.08,0.2,0.08,0.0555,0.055,6
M,0.53,0.405,0.15,0.8315,0.352,0.187,0.2525,10
I,0.385,0.28,0.095,0.257,0.119,0.059,0.07,7
I,0.495,0.37,0.125,0.4775,0.185,0.0705,0.169,18
I,0.43,0.325,0.1,0.3645,0.1575,0.0825,0.105,7
I,0.56,0.445,0.165,1.0285,0.4535,0.253,0.275,11
M,0.72,0.56,0.18,1.5865,0.691,0.375,0.4425,11
F,0.515,0.415,0.14,0.6935,0.3115,0.152,0.2,10
F,0.46,0.35,0.115,0.44,0.19,0.1025,0.13,8
M,0.63,0.48,0.165,1.286,0.604,0.271,0.35,8
M,0.49,0.385,0.125,0.609,0.3065,0.096,0.1775,8
M,0.45,0.32,0.1,0.381,0.1705,0.075,0.115,9
F,0.63,0.475,0.15,1.172,0.536,0.254,0.316,11
F,0.615,0.49,0.19,1.1345,0.4695,0.257,0.348,11
M,0.295,0.23,0.085,0.125,0.042,0.0285,0.043,8
