I,0.155,0.105,0.05,0.0175,0.005,0.0035,0.005,4
F,0.705,0.535,0.22,1.866,0.929,0.3835,0.4395,10
F,0.44,0.33,0.115,0.4005,0.143,0.113,0.12,8
I,0.265,0.21,0.06,0.0965,0.0425,0.022,0.03,5
I,0.45,0.345,0.11,0.47,0.2355,0.0855,0.1135,7
F,0.69,0.55,0.2,1.569,0.687,0.3675,0.46,12
I,0.455,0.345,0.11,0.434,0.207,0.0855,0.1215,8
I,0.33,0.23,0.085,0.1695,0.079,0.026,0.0505,6
M,0.62,0.485,0.145,1.003,0.4655,0.2195,0.28,11
F,0.635,0.5,0.175,1.477,0.684,0.3005,0.39,12
M,0.37,0.29,0.09,0.241,0.11,0.045,0.069,10
I,0.27,0.195,0.07,0.102,0.045,0.0135,0.034,8
I,0.405,0.31,0.065,0.3205,0.1575,0.066,0.088,6
F,0.65,0.505,0.165,1.357,0.5725,0.281,0.43,11
M,0.395,0.305,0.105,0.282,0.0975,0.065,0.096,9
M,0.565,0.44,0.175,1.122,0.393,0.2,0.375,20
I,0.52,0.425,0.17,0.6805,0.28,0.174,0.195,10
M,0.58,0.45,0.14,0.824,0.3465,0.1765,0.263,10
F,0.71,0.55,0.17,1.614,0.743,0.345,0.45,11
M,0.525,0.41,0.13,0.6875,0.3435,0.1495,0.1765,9
M,0.485,0.37,0.13,0.526,0.2485,0.105,0.1555,6
I,0.435,0.335,0.11,0.411,0.2025,0.0945,0.1,7
M,0.56,0.43,0.145,0.8995,0.464,0.1775,0.234,9
M,0.58,0.45,0.175,1.068,0.425,0.203,0.32,13
M,0.58,0.465,0.15,0.9065,0.371,0.1965,0.29,8
I,0.6,0.475,0.15,1.12,0.565,0.2465,0.27,10
I,0.42,0.315,0.11,0.4025,0.1855,0.083,0.1015,8
F,0.54,0.425,0.16,0.9455,0.3675,0.2005,0.295,9
I,0.48,0.37,0.12,0.514,0.2075,0.131,0.155,13
F,0.505,0.39,0.115,0.66,0.3045,0.1555,0.175,8
M,0.63,0.505,0.17,1.0915,0.4615,0.266,0.3,9
F,0.625,0.49,0.145,0.92,0.437,0.1735,0.28,10
F,0.57,0.45,0.175,0.9555,0.38,0.1665,0.295,18
F,0.29,0.225,0.075,0.14,0.0515,0.0235,0.04,5
M,0.605,0.475,0.145,0.884,0.3835,0.1905,0.27,8
I,0.3,0.22,0.065,0.1235,0.059,0.026,0.0315,5
F,0.665,0.57,0.185,1.522,0.6965,0.3025,0.405,13
M,0.465,0.36,0.13,0.5265,0.2105,0.1185,0.165,10
M,0.55,0.42,0.17,0.8465,0.336,0.2405,0.245,13
F,0.64,0.495,0.17,1.2265,0.49,0.377,0.2875,11
M,0.415,0.315,0.115,0.3895,0.2015,0.065,0.103,9
M,0.55,0.42,0.145,0.7385,0.321,0.1485,0.252,11
M,0.42,0.325,0.115,0.2885,0.1,0.057,0.1135,15
M,0.615,0.455,0.13,0.9685,0.49,0.182,0.2655,10
I,0.515,0.405,0.13,0.573,0.213,0.134,0.195,9
M,0.7,0.58,0.205,2.13,0.7415,0.49,0.58,20
F,0.63,0.48,0.175,1.3675,0.5015,0.3035,0.515,17
I,0.28,0.205,0.08,0.127,0.052,0.039,0.042,9
I,0.55,0.445,0.125,0.672,0.288,0.1365,0.21,11
M,0.6,0.49,0.21,1.9875,1.005,0.419,0.491,10
I,0.35,0.25,0.07,0.1605,0.0715,0.0335,0.046,6
I,0.375,0.285,0.1,0.239,0.105,0.0555,0.07,8
I,0.38,0.27,0.08,0.2105,0.0865,0.042,0.07,8
F,0.515,0.39,0.13,0.5755,0.1975,0.13,0.1845,9
I,0.525,0.4,0.14,0.6055,0.2605,0.108,0.21,9
F,0.57,0.45,0.165,0.903,0.3305,0.1845,0.295,14
F,0.66,0.5,0.155,1.3765,0.6485,0.288,0.335,12
M,0.735,0.59,0.205,2.087,0.909,0.474,0.625,12
I,0.57,0.43,0.145,0.833,0.354,0.144,0.2815,10
F,0.535,0.425,0.155,0.7765,0.302,0.1565,0.25,16
M,0.615,0.475,0.19,1.4335,0.7315,0.305,0.3285,9
I,0.4,0.29,0.1,0.258,0.104,0.059,0.0815,7
M,0.625,0.5,0.13,1.082,0.5785,0.2045,0.25,8
F,0.625,0.475,0.13,0.8595,0.3195,0.1775,0.24,13
M,0.63,0.515,0.17,1.385,0.6355,0.2955,0.38,11
M,0.555,0.445,0.135,0.836,0.336,0.1625,0.275,13
F,0.55,0.435,0.17,0.884,0.2875,0.1645,0.28,14
M,0.505,0.4,0.135,0.723,0.377,0.149,0.178,7
F,0.72,0.575,0.215,2.1,0.8565,0.4825,0.602,12
M,0.615,0.475,0.17,1.1825,0.474,0.2895,0.24,11
F,0.465,0.35,0.125,0.482,0.23,0.106,0.1095,6
I,0.375,0.275,0.09,0.238,0.1075,0.0545,0.07,6
F,0.52,0.41,0.155,0.727,0.291,0.1835,0.235,12
I,0.445,0.335,0.1,0.4895,0.2745,0.086,0.1105,7
F,0.61,0.485,0.165,1.087,0.4255,0.232,0.38,11
M,0.66,0.53,0.175,1.583,0.7395,0.3505,0.405,10
I,0.44,0.305,0.115,0.379,0.162,0.091,0.11,9
F,0.575,0.465,0.14,0.958,0.442,0.1815,0.2705,9
M,0.325,0.23,0.09,0.147,0.06,0.034,0.045,4
M,0.565,0.465,0.175,0.995,0.3895,0.183,0.37,15
M,0.195,0.145,0.05,0.032,0.01,0.008,0.012,4
I,0.515,0.4,0.12,0.659,0.2705,0.179,0.17,13
F,0.62,0.48,0.17,1.1045,0.535,0.25,0.287,10
M,0.605,0.475,0.15,1.15,0.575,0.232,0.297,10
M,0.47,0.39,0.15,0.6355,0.2185,0.0885,0.255,9
M,0.62,0.465,0.145,0.911,0.375,0.2145,0.278,10
I,0.275,0.195,0.09,0.1125,0.0545,0.0295,0.0355,6
I,0.37,0.28,0.095,0.2655,0.122,0.052,0.08,7
F,0.705,0.53,0.17,1.564,0.612,0.394,0.44,10
M,0.44,0.35,0.14,0.451,0.171,0.0705,0.184,16
I,0.4,0.315,0.09,0.33,0.151,0.068,0.08,6
M,0.63,0.515,0.155,1.259,0.4105,0.197,0.41,13
F,0.565,0.44,0.135,0.83,0.393,0.1735,0.238,9
I,0.405,0.31,0.095,0.3425,0.1785,0.064,0.0855,8
M,0.605,0.47,0.18,1.1405,0.3755,0.2805,0.385,15
F,0.65,0.5,0.185,1.4415,0.741,0.2955,0.341,9
I,0.555,0.455,0.17,0.8435,0.309,0.1905,0.3,15
I,0.45,0.35,0.14,0.474,0.21,0.109,0.1275,16
F,0.505,0.475,0.16,1.1155,0.509,0.239,0.3065,8
I,0.38,0.285,0.085,0.237,0.115,0.0405,0.07,6
M,0.58,0.44,0.175,1.2255,0.5405,0.2705,0.3265,10
M,0.62,0.51,0.175,1.615,0.5105,0.192,0.675,12
I,0.325,0.225,0.075,0.139,0.0565,0.032,0.09,6
I,0.58,0.42,0.16,0.728,0.2725,0.19,0.19,14
F,0.48,0.385,0.135,0.536,0.1895,0.142,0.173,14
I,0.41,0.315,0.1,0.3,0.124,0.0575,0.1,8
F,0.545,0.415,0.2,1.358,0.567,0.318,0.403,10
F,0.565,0.45,0.175,1.0095,0.447,0.2375,0.2645,9
F,0.475,0.36,0.125,0.447,0.1695,0.081,0.14,9
M,0.615,0.47,0.155,1.2,0.5085,0.32,0.292,8
I,0.445,0.335,0.1,0.4895,0.2745,0.086,0.1105,7
M,0.575,0.455,0.135,0.907,0.4245,0.197,0.26,9
M,0.645,0.495,0.15,1.2095,0.603,0.2225,0.339,9
M,0.585,0.45,0.15,1.047,0.4315,0.276,0.315,14
F,0.63,0.485,0.17,1.3205,0.5945,0.345,0.345,9
M,0.65,0.52,0.17,1.3655,0.6155,0.2885,0.36,11
F,0.615,0.475,0.175,1.194,0.559,0.259,0.3165,11
M,0.525,0.4,0.14,0.7205,0.3685,0.145,0.1735,8
M,0.6,0.485,0.175,1.2675,0.4995,0.2815,0.38,13
M,0.67,0.52,0.19,1.6385,0.8115,0.369,0.391,9
F,0.56,0.425,0.125,0.932,0.361,0.213,0.335,9
M,0.615,0.475,0.17,1.129,0.4795,0.302,0.3,10
M,0.62,0.49,0.17,1.2105,0.5185,0.2555,0.335,13
F,0.535,0.445,0.125,0.8725,0.417,0.199,0.24,8
M,0.545,0.435,0.165,0.9955,0.3245,0.2665,0.325,19
F,0.625,0.515,0.18,1.3485,0.5255,0.252,0.3925,14
F,0.71,0.54,0.205,1.5805,0.802,0.287,0.435,10
M,0.415,0.305,0.1,0.325,0.156,0.0505,0.091,6
I,0.295,0.22,0.07,0.126,0.0515,0.0275,0.035,6
M,0.335,0.255,0.075,0.1635,0.0615,0.0345,0.057,8
M,0.635,0.5,0.17,1.4345,0.611,0.309,0.418,12
I,0.5,0.375,0.12,0.529,0.2235,0.123,0.16,8
I,0.545,0.43,0.14,0.687,0.2615,0.1405,0.25,9
F,0.435,0.35,0.11,0.384,0.143,0.1005,0.125,13
F,0.62,0.475,0.15,0.9545,0.455,0.1865,0.277,9
M,0.515,0.41,0.14,0.7355,0.3065,0.137,0.2,7
M,0.47,0.375,0.12,0.5805,0.266,0.0935,0.169,8
F,0.6,0.475,0.15,1.13,0.575,0.196,0.305,9
I,0.665,0.5,0.17,1.2975,0.6035,0.291,0.3595,9
I,0.475,0.355,0.115,0.5195,0.279,0.088,0.1325,7
M,0.48,0.37,0.1,0.5135,0.243,0.1015,0.135,8
F,0.49,0.38,0.145,0.6725,0.249,0.181,0.21,10
I,0.625,0.465,0.155,0.972,0.404,0.1845,0.35,14
F,0.29,0.225,0.075,0.14,0.0515,0.0235,0.04,5
F,0.705,0.57,0.185,1.761,0.747,0.3725,0.488,10
I,0.56,0.44,0.17,0.9445,0.3545,0.2175,0.3,12
I,0.47,0.35,0.13,0.466,0.1845,0.099,0.145,11
M,0.525,0.415,0.16,0.6445,0.26,0.1575,0.22,12
M,0.605,0.49,0.18,1.227,0.48,0.287,0.35,18
M,0.605,0.475,0.14,1.1175,0.555,0.257,0.274,9
F,0.625,0.445,0.16,1.09,0.46,0.2965,0.304,11
I,0.53,0.43,0.135,0.6255,0.245,0.1455,0.2135,10
M,0.44,0.35,0.14,0.451,0.171,0.0705,0.184,16
F,0.645,0.505,0.165,1.4325,0.684,0.308,0.336,8
F,0.645,0.485,0.15,1.151,0.5935,0.2315,0.293,12
F,0.57,0.465,0.18,1.295,0.339,0.2225,0.44,12
M,0.685,0.55,0.2,1.7725,0.813,0.387,0.49,11
M,0.58,0.47,0.165,0.927,0.3215,0.1985,0.315,11
F,0.655,0.53,0.19,1.428,0.493,0.318,0.565,18
F,0.64,0.505,0.175,1.3185,0.6185,0.302,0.3315,9
F,0.45,0.36,0.11,0.447,0.203,0.082,0.13,12
I,0.535,0.45,0.17,0.781,0.3055,0.1555,0.295,11
I,0.555,0.43,0.14,0.7665,0.341,0.165,0.23,9
M,0.575,0.47,0.185,0.985,0.3745,0.2175,0.355,10
I,0.405,0.25,0.09,0.2875,0.128,0.063,0.0805,7
M,0.52,0.435,0.195,0.973,0.2985,0.2135,0.355,18
M,0.605,0.475,0.155,1.161,0.572,0.2455,0.275,9
M,0.72,0.565,0.19,2.081,1.0815,0.4305,0.503,11
F,0.675,0.525,0.17,1.8095,0.784,0.391,0.455,12
M,0.61,0.48,0.165,1.244,0.6345,0.257,0.305,12
M,0.525,0.41,0.13,0.6875,0.3435,0.1495,0.1765,9
F,0.595,0.465,0.145,1.107,0.402,0.2415,0.31,12
F,0.6,0.465,0.16,1.133,0.466,0.2885,0.298,11
M,0.565,0.445,0.145,0.9255,0.4345,0.212,0.2475,9
I,0.405,0.285,0.09,0.2645,0.1265,0.0505,0.075,6
F,0.63,0.48,0.15,1.0525,0.392,0.336,0.285,12
I,0.55,0.425,0.13,0.664,0.2695,0.163,0.21,8
M,0.54,0.405,0.155,0.9715,0.3225,0.194,0.29,19
I,0.37,0.27,0.095,0.232,0.1325,0.041,0.0615,6
F,0.455,0.375,0.125,0.458,0.1985,0.111,0.12,10
I,0.465,0.355,0.09,0.4325,0.2005,0.074,0.1275,9
I,0.425,0.325,0.11,0.405,0.1695,0.092,0.1065,8
F,0.565,0.45,0.175,1.0095,0.447,0.2375,0.2645,9
M,0.59,0.47,0.18,1.187,0.5985,0.227,0.31,9
I,0.37,0.29,0.08,0.2545,0.108,0.0565,0.07,6
M,0.585,0.465,0.16,0.9555,0.4595,0.236,0.265,7
F,0.75,0.615,0.205,2.2635,0.821,0.423,0.726,12
M,0.465,0.36,0.13,0.5265,0.2105,0.1185,0.165,10
M,0.62,0.495,0.175,1.806,0.643,0.3285,0.725,17
M,0.56,0.44,0.16,0.8645,0.3305,0.2075,0.26,10
I,0.57,0.42,0.13,0.7745,0.3535,0.1505,0.2365,9
I,0.55,0.44,0.165,0.8605,0.312,0.169,0.3,17
M,0.59,0.475,0.155,0.857,0.356,0.174,0.28,13
F,0.38,0.305,0.105,0.281,0.1045,0.0615,0.09,12
I,0.37,0.27,0.09,0.1855,0.07,0.0425,0.065,7
F,0.72,0.595,0.225,1.969,0.8045,0.423,0.66,16
I,0.555,0.43,0.15,0.783,0.345,0.1755,0.247,9
F,0.605,0.475,0.145,1.0185,0.4695,0.225,0.27,15
I,0.485,0.365,0.14,0.4475,0.1895,0.0925,0.2305,8
I,0.43,0.32,0.1,0.3855,0.192,0.0745,0.1,7
F,0.58,0.445,0.15,0.858,0.4,0.156,0.253,8
F,0.59,0.445,0.13,1.1325,0.3825,0.234,0.32,13
F,0.6,0.48,0.18,1.0645,0.4495,0.2455,0.325,10
I,0.31,0.24,0.105,0.2885,0.118,0.065,0.083,6
I,0.495,0.39,0.125,0.6655,0.284,0.162,0.2,11
F,0.655,0.51,0.175,1.415,0.5885,0.3725,0.364,10
I,0.46,0.365,0.115,0.511,0.2365,0.118,0.123,7
M,0.605,0.49,0.14,0.9755,0.419,0.206,0.315,10
I,0.36,0.265,0.075,0.1845,0.083,0.0365,0.055,7
M,0.565,0.44,0.115,0.9185,0.404,0.1785,0.29,11
F,0.52,0.405,0.125,0.6435,0.2415,0.1735,0.21,12
I,0.36,0.27,0.085,0.2185,0.1065,0.038,0.062,6
M,0.245,0.18,0.065,0.0635,0.0245,0.0135,0.02,4
I,0.365,0.27,0.085,0.196,0.0825,0.0375,0.06,7
F,0.65,0.525,0.175,1.4225,0.61,0.2995,0.445,20
I,0.465,0.345,0.11,0.393,0.1825,0.0735,0.12,8
M,0.61,0.45,0.19,1.0805,0.517,0.2495,0.2935,10
M,0.575,0.475,0.16,1.114,0.4955,0.2745,0.29,9
I,0.525,0.4,0.11,0.6275,0.3015,0.126,0.18,8
M,0.655,0.525,0.185,1.259,0.487,0.2215,0.445,20
M,0.515,0.405,0.13,0.722,0.32,0.131,0.21,10
M,0.625,0.495,0.155,1.025,0.46,0.1945,0.34,9
I,0.325,0.24,0.075,0.187,0.0825,0.0445,0.05,6
F,0.6,0.48,0.17,1.056,0.4575,0.2435,0.3135,10
F,0.57,0.465,0.155,0.9685,0.446,0.261,0.255,9
M,0.66,0.505,0.2,1.6305,0.4865,0.297,0.61,18
F,0.66,0.52,0.18,1.514,0.526,0.2975,0.42,19
M,0.49,0.38,0.14,0.7605,0.245,0.167,0.185,10
I,0.485,0.385,0.13,0.568,0.2505,0.178,0.154,7
I,0.315,0.23,0.07,0.1145,0.046,0.0235,0.0385,5
M,0.32,0.245,0.075,0.1555,0.0585,0.038,0.049,11
F,0.5,0.4,0.15,0.8085,0.273,0.112,0.295,13
M,0.63,0.48,0.145,1.0115,0.4235,0.237,0.305,12
F,0.535,0.445,0.125,0.8725,0.417,0.199,0.24,8
I,0.525,0.4,0.11,0.6275,0.3015,0.126,0.18,8
I,0.4,0.3,0.115,0.318,0.1335,0.0725,0.0935,6
I,0.495,0.375,0.12,0.589,0.3075,0.1215,0.1405,8
I,0.475,0.375,0.11,0.494,0.211,0.109,0.1545,8
M,0.53,0.425,0.13,0.702,0.2975,0.1395,0.22,9
M,0.665,0.52,0.175,1.3725,0.606,0.32,0.395,12
I,0.475,0.36,0.11,0.4555,0.177,0.0965,0.145,9
I,0.35,0.255,0.09,0.1785,0.0855,0.0305,0.0525,8
F,0.595,0.48,0.16,1.2095,0.5225,0.296,0.32,8
F,0.405,0.325,0.11,0.3555,0.151,0.063,0.117,9
M,0.605,0.465,0.165,1.056,0.4215,0.2475,0.34,13
F,0.55,0.47,0.15,0.897,0.377,0.184,0.29,9
M,0.59,0.485,0.12,0.911,0.39,0.182,0.29,16
M,0.51,0.415,0.145,0.751,0.3295,0.1835,0.203,8
I,0.395,0.27,0.1,0.2985,0.1445,0.061,0.082,5
I,0.535,0.45,0.17,0.781,0.3055,0.1555,0.295,11
I,0.59,0.46,0.125,0.755,0.334,0.15,0.238,9
F,0.615,0.475,0.145,0.9525,0.3915,0.195,0.32,9
F,0.55,0.41,0.145,0.8285,0.3095,0.1905,0.25,13
M,0.5,0.39,0.135,0.6595,0.3145,0.1535,0.1565,6
I,0.55,0.43,0.145,0.7895,0.3745,0.171,0.223,11
M,0.6,0.45,0.195,1.34,0.617,0.3255,0.3605,10
F,0.575,0.46,0.145,0.9945,0.466,0.229,0.265,7
M,0.645,0.515,0.16,1.1845,0.506,0.311,0.335,9
M,0.5,0.39,0.135,0.6595,0.3145,0.1535,0.1565,6
F,0.655,0.505,0.165,1.367,0.5835,0.3515,0.396,10
I,0.33,0.255,0.095,0.172,0.066,0.0255,0.06,6
M,0.505,0.385,0.11,0.655,0.3185,0.15,0.185,9
F,0.65,0.545,0.23,1.752,0.5605,0.2895,0.815,16
F,0.58,0.445,0.15,0.858,0.4,0.156,0.253,8
F,0.575,0.48,0.15,0.897,0.4235,0.1905,0.248,8
I,0.455,0.325,0.135,0.82,0.4005,0.1715,0.211,8
M,0.615,0.47,0.15,1.0875,0.4975,0.283,0.2685,9
F,0.475,0.375,0.15,0.559,0.1955,0.1215,0.1945,12
M,0.615,0.45,0.15,1.198,0.707,0.2095,0.2505,7
I,0.305,0.225,0.09,0.1465,0.063,0.034,0.0415,6
M,0.415,0.315,0.125,0.388,0.068,0.09,0.125,12
I,0.46,0.35,0.11,0.3945,0.1685,0.0865,0.125,9
I,0.345,0.255,0.085,0.2005,0.105,0.037,0.05,5
M,0.66,0.535,0.19,1.5905,0.6425,0.297,0.5175,9
I,0.54,0.415,0.135,0.709,0.3195,0.174,0.185,9
I,0.46,0.365,0.11,0.4495,0.1755,0.102,0.15,8
M,0.28,0.2,0.08,0.0915,0.033,0.0215,0.03,5
M,0.65,0.525,0.185,1.488,0.665,0.337,0.378,11
F,0.51,0.385,0.135,0.632,0.282,0.145,0.17,8
M,0.645,0.51,0.16,1.33,0.6665,0.309,0.317,9
M,0.56,0.42,0.195,0.8085,0.3025,0.1795,0.285,14
I,0.4,0.3,0.09,0.2815,0.1185,0.061,0.08,7
M,0.5,0.405,0.14,0.6155,0.241,0.1355,0.205,9
M,0.365,0.285,0.085,0.2205,0.0855,0.0515,0.07,9
I,0.29,0.225,0.075,0.152,0.071,0.059,0.045,9
M,0.565,0.43,0.13,0.784,0.3495,0.1885,0.213,9
M,0.55,0.425,0.155,0.9175,0.2775,0.243,0.335,13
M,0.575,0.445,0.145,0.876,0.3795,0.1615,0.27,10
F,0.58,0.465,0.165,1.1015,0.404,0.2095,0.35,11
M,0.75,0.555,0.215,2.201,1.0615,0.5235,0.5285,11
M,0.61,0.48,0.17,1.137,0.4565,0.29,0.347,10
F,0.6,0.475,0.17,1.088,0.4905,0.2475,0.31,10
F,0.71,0.57,0.195,1.9805,0.9925,0.4925,0.48,12
F,0.665,0.525,0.21,1.644,0.818,0.3395,0.4275,10
M,0.64,0.5,0.185,1.3035,0.4445,0.2635,0.465,16
M,0.54,0.425,0.12,0.817,0.2945,0.153,0.195,10
M,0.595,0.48,0.165,1.262,0.4835,0.283,0.41,17
I,0.255,0.19,0.06,0.086,0.04,0.0185,0.025,5
M,0.645,0.48,0.15,1.192,0.6055,0.2595,0.285,9
F,0.615,0.48,0.16,1.2525,0.585,0.2595,0.33,8
I,0.475,0.35,0.115,0.498,0.2375,0.099,0.14,7
M,0.655,0.53,0.175,1.2635,0.486,0.2635,0.415,15
F,0.62,0.48,0.16,1.1125,0.5635,0.2445,0.281,8
I,0.57,0.435,0.17,0.848,0.4,0.166,0.25,9
M,0.645,0.5,0.19,1.229,0.524,0.278,0.395,17
F,0.625,0.525,0.195,1.352,0.4505,0.2445,0.53,13
F,0.56,0.42,0.18,1.6645,0.7755,0.35,0.4525,9
M,0.605,0.47,0.16,1.1735,0.4975,0.2405,0.345,12
F,0.65,0.5,0.165,1.1445,0.485,0.218,0.365,12
M,0.605,0.49,0.14,0.9755,0.419,0.206,0.315,10
F,0.545,0.445,0.15,0.8,0.3535,0.163,0.207,9
M,0.67,0.52,0.175,1.4755,0.6275,0.379,0.374,10
M,0.615,0.485,0.215,0.9615,0.422,0.176,0.29,11
F,0.48,0.38,0.145,0.59,0.232,0.141,0.23,12
I,0.65,0.515,0.16,1.1625,0.495,0.203,0.33,17
I,0.555,0.395,0.13,0.5585,0.222,0.1245,0.17,9
F,0.345,0.26,0.09,0.207,0.0775,0.0435,0.0765,10
M,0.61,0.49,0.16,1.112,0.465,0.228,0.341,10
M,0.595,0.48,0.165,1.262,0.4835,0.283,0.41,17
I,0.425,0.32,0.085,0.262,0.1235,0.067,0.0725,8
M,0.475,0.36,0.1,0.4285,0.1965,0.099,0.112,7
I,0.585,0.42,0.145,0.6735,0.2895,0.1345,0.22,9
I,0.46,0.35,0.11,0.3945,0.1685,0.0865,0.125,9
I,0.26,0.2,0.07,0.092,0.037,0.02,0.03,6
M,0.31,0.225,0.075,0.1295,0.0455,0.0335,0.044,9
I,0.52,0.41,0.145,0.646,0.2965,0.1595,0.165,9
M,0.64,0.49,0.155,1.1285,0.477,0.269,0.34,9
I,0.5,0.375,0.125,0.5695,0.259,0.124,0.157,7
I,0.465,0.38,0.13,0.454,0.1895,0.08,0.155,11
M,0.65,0.51,0.175,1.3165,0.6345,0.2605,0.364,12
F,0.565,0.45,0.16,0.795,0.3605,0.1555,0.23,12
M,0.65,0.525,0.175,1.5365,0.6865,0.3585,0.405,11
I,0.635,0.48,0.2,1.3655,0.6255,0.2595,0.425,16
F,0.465,0.35,0.115,0.421,0.1565,0.091,0.1345,9
I,0.395,0.29,0.095,0.319,0.138,0.08,0.082,7
M,0.56,0.425,0.135,0.849,0.3265,0.221,0.2645,10
I,0.435,0.345,0.115,0.418,0.222,0.0735,0.106,7
M,0.56,0.445,0.16,0.8965,0.42,0.2175,0.2215,8
M,0.555,0.44,0.15,1.092,0.416,0.212,0.4405,15
F,0.525,0.4,0.13,0.6995,0.3115,0.131,0.223,9
M,0.62,0.465,0.185,1.274,0.579,0.3065,0.32,12
F,0.685,0.53,0.17,1.5105,0.7385,0.3525,0.3725,10
M,0.635,0.5,0.18,1.154,0.4405,0.2315,0.387,9
M,0.585,0.43,0.16,0.955,0.3625,0.176,0.27,11
F,0.585,0.45,0.145,0.9835,0.4845,0.242,0.22,9
F,0.52,0.395,0.18,0.64,0.158,0.11,0.245,22
M,0.57,0.455,0.15,0.96,0.387,0.2385,0.275,11
F,0.58,0.445,0.145,0.888,0.41,0.1815,0.2425,8
M,0.59,0.46,0.14,1.004,0.496,0.2165,0.26,9
F,0.5,0.38,0.14,0.6355,0.277,0.143,0.1785,8
M,0.165,0.125,0.04,0.0245,0.0095,0.0045,0.008,4
I,0.45,0.34,0.125,0.4045,0.171,0.07,0.1345,8
I,0.4,0.3,0.11,0.2985,0.1375,0.071,0.075,6
I,0.475,0.375,0.115,0.5205,0.233,0.119,0.1455,7
I,0.62,0.485,0.18,1.1785,0.4675,0.2655,0.39,13
I,0.305,0.22,0.07,0.141,0.062,0.031,0.037,5
I,0.515,0.4,0.135,0.636,0.3055,0.1215,0.1855,9
M,0.625,0.49,0.165,1.1835,0.517,0.2375,0.39,11
I,0.48,0.355,0.115,0.5785,0.25,0.106,0.184,8
M,0.675,0.515,0.145,1.265,0.6025,0.299,0.325,10
M,0.62,0.495,0.175,1.806,0.643,0.3285,0.725,17
I,0.525,0.405,0.145,0.6965,0.3045,0.1535,0.21,8
F,0.375,0.29,0.08,0.282,0.1405,0.0725,0.08,7
I,0.54,0.435,0.145,0.97,0.4285,0.22,0.264,17
I,0.48,0.37,0.12,0.536,0.251,0.114,0.15,8
F,0.605,0.475,0.175,1.076,0.463,0.2195,0.335,9
M,0.61,0.48,0.14,1.031,0.4375,0.2615,0.27,8
F,0.675,0.525,0.17,1.8095,0.784,0.391,0.455,12
M,0.66,0.53,0.175,1.583,0.7395,0.3505,0.405,10
F,0.62,0.49,0.16,1.056,0.493,0.244,0.2725,9
I,0.56,0.44,0.155,0.811,0.3685,0.178,0.235,11
F,0.69,0.55,0.2,1.569,0.687,0.3675,0.46,12
I,0.575,0.425,0.135,0.7965,0.364,0.196,0.239,10
F,0.62,0.48,0.165,1.0125,0.5325,0.4365,0.324,10
F,0.7,0.54,0.215,1.978,0.6675,0.3125,0.71,24
M,0.48,0.365,0.13,0.5305,0.2405,0.127,0.139,8
I,0.34,0.26,0.08,0.2,0.08,0.0555,0.055,6
F,0.625,0.475,0.13,0.8595,0.3195,0.1775,0.24,13
I,0.465,0.37,0.115,0.4075,0.1515,0.0935,0.1455,9
M,0.565,0.43,0.15,0.831,0.4245,0.1735,0.219,10
I,0.29,0.21,0.065,0.097,0.0375,0.022,0.03,6
I,0.445,0.36,0.11,0.4235,0.182,0.0765,0.14,9
M,0.61,0.45,0.15,0.871,0.407,0.1835,0.25,10
I,0.58,0.425,0.145,0.83,0.379,0.1605,0.2575,11
I,0.34,0.25,0.09,0.179,0.0775,0.033,0.055,6
M,0.61,0.48,0.15,1.2,0.56,0.2455,0.28,14
F,0.55,0.425,0.145,0.797,0.297,0.15,0.265,9
I,0.335,0.255,0.085,0.1785,0.071,0.0405,0.055,9
F,0.57,0.44,0.19,1.018,0.447,0.207,0.265,9
I,0.48,0.37,0.12,0.514,0.2075,0.131,0.155,13
M,0.425,0.315,0.125,0.3525,0.1135,0.0565,0.13,18
F,0.67,0.545,0.175,1.707,0.6995,0.387,0.575,13
M,0.565,0.455,0.15,0.9595,0.4565,0.2395,0.23,9
M,0.45,0.35,0.1,0.3675,0.1465,0.1015,0.12,10
I,0.475,0.375,0.115,0.5205,0.233,0.119,0.1455,7
M,0.495,0.385,0.135,0.709,0.211,0.1375,0.262,12
F,0.56,0.465,0.16,1.0315,0.432,0.2025,0.337,9
M,0.725,0.57,0.19,2.55,1.0705,0.483,0.725,14
I,0.53,0.42,0.13,0.8365,0.3745,0.167,0.249,11
I,0.65,0.52,0.15,1.238,0.5495,0.296,0.3305,10
F,0.515,0.415,0.13,0.764,0.276,0.196,0.25,13
F,0.705,0.56,0.205,2.381,0.9915,0.5005,0.624,10
M,0.43,0.335,0.12,0.397,0.1985,0.0865,0.1035,7
M,0.53,0.415,0.14,0.724,0.3105,0.1675,0.205,10
M,0.635,0.485,0.18,1.1795,0.4785,0.2775,0.355,10
I,0.415,0.325,0.1,0.3215,0.1535,0.0595,0.105,10
F,0.64,0.48,0.145,1.1145,0.508,0.24,0.34,10
M,0.56,0.455,0.155,0.797,0.34,0.19,0.2425,11
F,0.46,0.35,0.115,0.46,0.2025,0.1115,0.1165,6
F,0.615,0.48,0.16,1.2525,0.585,0.2595,0.33,8
I,0.255,0.19,0.06,0.086,0.04,0.0185,0.025,5
I,0.21,0.15,0.045,0.04,0.0135,0.008,0.0105,4
F,0.54,0.44,0.135,0.959,0.2385,0.221,0.3,17
F,0.575,0.45,0.135,0.8285,0.362,0.1655,0.236,10
F,0.605,0.485,0.16,1.201,0.417,0.2875,0.38,9
I,0.29,0.215,0.06,0.1115,0.053,0.0185,0.032,5
M,0.51,0.395,0.125,0.5805,0.244,0.1335,0.188,11
M,0.73,0.585,0.225,2.2305,1.2395,0.422,0.563,14
I,0.41,0.31,0.09,0.339,0.155,0.0695,0.09,7
I,0.52,0.415,0.16,0.595,0.2105,0.142,0.26,15
I,0.285,0.215,0.07,0.1075,0.051,0.0225,0.027,6
F,0.705,0.555,0.195,1.7525,0.7105,0.4215,0.516,12
I,0.42,0.32,0.11,0.3625,0.174,0.0635,0.105,7
M,0.565,0.44,0.125,0.802,0.3595,0.1825,0.215,9
M,0.4,0.31,0.11,0.314,0.138,0.057,0.1,11
I,0.165,0.115,0.015,0.0145,0.0055,0.003,0.005,4
M,0.66,0.535,0.19,1.5905,0.6425,0.297,0.5175,9
I,0.44,0.365,0.11,0.4465,0.213,0.089,0.1135,9
I,0.57,0.43,0.145,0.833,0.354,0.144,0.2815,10
F,0.6,0.48,0.17,1.056,0.4575,0.2435,0.3135,10
M,0.7,0.555,0.2,1.858,0.73,0.3665,0.595,11
F,0.655,0.505,0.195,1.4405,0.688,0.3805,0.363,11
M,0.55,0.425,0.155,0.9175,0.2775,0.243,0.335,13
F,0.675,0.53,0.195,1.4985,0.62,0.375,0.425,9
M,0.415,0.345,0.135,0.3865,0.128,0.07,0.148,13
F,0.55,0.415,0.135,0.775,0.302,0.179,0.26,23
I,0.32,0.24,0.09,0.1575,0.07,0.0265,0.0425,5
F,0.565,0.45,0.135,0.9885,0.387,0.1495,0.31,12
M,0.51,0.4,0.13,0.6435,0.27,0.1665,0.205,12
F,0.545,0.44,0.175,0.7745,0.2985,0.1875,0.265,11
F,0.635,0.505,0.17,1.415,0.605,0.297,0.365,15
I,0.415,0.325,0.1,0.3215,0.1535,0.0595,0.105,10
I,0.43,0.325,0.1,0.3645,0.1575,0.0825,0.105,7
M,0.595,0.48,0.14,0.9125,0.4095,0.1825,0.289,9
F,0.46,0.365,0.125,0.4785,0.206,0.1045,0.141,8
M,0.64,0.565,0.23,1.521,0.644,0.372,0.406,15
F,0.67,0.535,0.185,1.597,0.6275,0.35,0.47,21
M,0.415,0.315,0.12,0.4015,0.199,0.087,0.097,8
I,0.465,0.355,0.09,0.4325,0.2005,0.074,0.1275,9
I,0.6,0.445,0.135,0.9205,0.445,0.2035,0.253,9
F,0.64,0.48,0.145,1.1145,0.508,0.24,0.34,10
M,0.6,0.465,0.155,1.0165,0.512,0.2465,0.225,10
M,0.57,0.445,0.16,1.0145,0.516,0.164,0.3,10
M,0.57,0.45,0.135,1.02,0.546,0.204,0.25,9
I,0.255,0.19,0.07,0.0815,0.028,0.016,0.031,5
M,0.55,0.405,0.14,0.8025,0.244,0.1635,0.255,10
M,0.585,0.455,0.145,0.953,0.3945,0.2685,0.258,10
F,0.62,0.48,0.165,1.043,0.4835,0.221,0.31,10
I,0.455,0.345,0.105,0.4005,0.164,0.0755,0.126,8
F,0.525,0.405,0.115,0.72,0.3105,0.1915,0.2,14
I,0.58,0.47,0.15,0.907,0.444,0.1855,0.2445,11
F,0.66,0.53,0.185,1.346,0.546,0.2705,0.476,11
I,0.425,0.31,0.095,0.3505,0.1645,0.071,0.1,8
M,0.62,0.465,0.185,1.274,0.579,0.3065,0.32,12
M,0.67,0.54,0.175,1.482,0.739,0.2925,0.365,10
M,0.62,0.49,0.16,1.035,0.44,0.2525,0.285,11
F,0.45,0.335,0.105,0.425,0.1865,0.091,0.115,9
F,0.58,0.5,0.165,0.925,0.37,0.185,0.3005,10
I,0.375,0.285,0.08,0.226,0.0975,0.04,0.0725,7
M,0.625,0.505,0.215,1.4455,0.496,0.287,0.435,22
I,0.48,0.355,0.125,0.494,0.2385,0.0835,0.15,9
M,0.415,0.315,0.115,0.3895,0.2015,0.065,0.103,9
M,0.36,0.295,0.13,0.2765,0.0895,0.057,0.1005,10
M,0.62,0.485,0.165,1.1325,0.5235,0.2505,0.2825,9
F,0.45,0.35,0.125,0.4435,0.185,0.09,0.145,11
M,0.525,0.395,0.13,0.7635,0.3375,0.1425,0.225,8
F,0.73,0.555,0.18,1.6895,0.6555,0.1965,0.4935,10
I,0.56,0.435,0.13,0.777,0.354,0.173,0.222,9
I,0.55,0.435,0.165,0.804,0.34,0.194,0.244,8
F,0.6,0.47,0.135,0.97,0.4655,0.1955,0.264,11
M,0.55,0.44,0.16,0.985,0.4645,0.201,0.27,8
I,0.44,0.335,0.115,0.4215,0.173,0.0765,0.113,7
M,0.7,0.55,0.2,1.523,0.693,0.306,0.4405,13
I,0.53,0.41,0.15,0.612,0.2435,0.1525,0.1895,11
F,0.44,0.34,0.105,0.364,0.148,0.0805,0.1175,8
F,0.53,0.425,0.13,0.7585,0.325,0.197,0.205,8
M,0.545,0.42,0.145,0.778,0.3745,0.1545,0.205,7
I,0.43,0.32,0.11,0.3675,0.1675,0.102,0.105,8
M,0.72,0.57,0.2,1.8275,0.919,0.366,0.485,10
I,0.425,0.325,0.11,0.317,0.135,0.048,0.09,8
F,0.6,0.475,0.18,1.1805,0.4345,0.2475,0.425,19
M,0.34,0.265,0.085,0.1835,0.077,0.046,0.065,10
I,0.495,0.38,0.13,0.5125,0.2185,0.116,0.16,7
M,0.595,0.475,0.16,1.3175,0.408,0.234,0.58,21
I,0.315,0.23,0.07,0.1145,0.046,0.0235,0.0385,5
F,0.655,0.51,0.175,1.415,0.5885,0.3725,0.364,10
I,0.335,0.26,0.09,0.1835,0.078,0.024,0.065,11
I,0.415,0.31,0.095,0.311,0.1125,0.0625,0.115,8
M,0.51,0.39,0.125,0.6565,0.262,0.1835,0.175,10
I,0.29,0.225,0.07,0.101,0.036,0.0235,0.035,8
I,0.375,0.285,0.1,0.239,0.105,0.0555,0.07,8
F,0.7,0.54,0.215,1.978,0.6675,0.3125,0.71,24
F,0.485,0.375,0.135,0.556,0.1925,0.1315,0.1685,10
F,0.505,0.39,0.13,0.674,0.3165,0.141,0.1785,9
F,0.66,0.53,0.185,1.346,0.546,0.2705,0.476,11
M,0.675,0.555,0.2,1.4385,0.545,0.2665,0.465,21
M,0.475,0.375,0.125,0.593,0.277,0.115,0.18,10
F,0.45,0.36,0.125,0.4995,0.2035,0.1,0.17,13
I,0.435,0.335,0.11,0.334,0.1355,0.0775,0.0965,7
M,0.485,0.41,0.15,0.696,0.2405,0.1625,0.265,13
I,0.55,0.425,0.155,0.8725,0.412,0.187,0.2425,10
M,0.545,0.44,0.165,0.744,0.2875,0.204,0.25,15
M,0.545,0.44,0.12,0.8565,0.3475,0.1715,0.24,12
F,0.54,0.435,0.175,0.892,0.322,0.174,0.335,13
I,0.525,0.4,0.11,0.6275,0.3015,0.126,0.18,8
M,0.695,0.53,0.19,1.726,0.7625,0.436,0.455,11
F,0.6,0.5,0.17,1.13,0.4405,0.267,0.335,11
F,0.645,0.51,0.18,1.6195,0.7815,0.322,0.4675,12
F,0.44,0.35,0.125,0.4035,0.175,0.063,0.129,9
M,0.505,0.39,0.115,0.5585,0.2575,0.119,0.1535,8
I,0.485,0.355,0.105,0.498,0.2175,0.096,0.1525,9
F,0.545,0.425,0.125,0.768,0.294,0.1495,0.26,16
M,0.58,0.45,0.175,1.068,0.425,0.203,0.32,13
M,0.515,0.39,0.14,0.678,0.341,0.1325,0.119,8
I,0.5,0.37,0.12,0.5445,0.249,0.1065,0.152,8
M,0.685,0.55,0.19,1.885,0.89,0.41,0.4895,10
F,0.535,0.45,0.135,0.8075,0.322,0.181,0.25,13
I,0.375,0.29,0.1,0.219,0.0925,0.038,0.075,6
M,0.745,0.575,0.2,1.884,0.954,0.336,0.495,12
I,0.43,0.32,0.11,0.3675,0.1675,0.102,0.105,8
F,0.52,0.405,0.12,0.627,0.2645,0.1415,0.181,11
F,0.56,0.43,0.15,0.8745,0.453,0.161,0.22,8
F,0.615,0.475,0.155,1.004,0.4475,0.193,0.2895,10
I,0.515,0.4,0.135,0.636,0.3055,0.1215,0.1855,9
M,0.64,0.51,0.17,1.3715,0.567,0.307,0.409,10
M,0.655,0.52,0.17,1.1445,0.53,0.223,0.348,9
F,0.475,0.38,0.14,0.689,0.3165,0.1315,0.1955,7
F,0.63,0.5,0.185,1.383,0.54,0.3315,0.38,10
F,0.46,0.355,0.13,0.517,0.2205,0.114,0.165,9
M,0.645,0.515,0.175,1.6115,0.6745,0.384,0.385,14
M,0.55,0.41,0.13,0.8705,0.4455,0.2115,0.213,9
M,0.645,0.505,0.185,1.463,0.592,0.3905,0.416,10
F,0.44,0.33,0.115,0.4005,0.143,0.113,0.12,8
I,0.48,0.38,0.125,0.523,0.2105,0.1045,0.175,15
M,0.66,0.52,0.19,1.558,0.755,0.298,0.4,10
F,0.7,0.525,0.19,1.6015,0.707,0.365,0.43,10
F,0.69,0.54,0.185,1.5715,0.6935,0.318,0.47,15
I,0.295,0.225,0.09,0.1105,0.0405,0.0245,0.032,7
I,0.495,0.375,0.14,0.494,0.181,0.0975,0.191,8
M,0.625,0.47,0.17,1.1665,0.4605,0.2565,0.3945,11
M,0.45,0.335,0.125,0.4475,0.2165,0.126,0.11,6
F,0.605,0.485,0.165,0.9515,0.4535,0.193,0.2765,11
M,0.545,0.42,0.125,0.9745,0.353,0.174,0.305,13
I,0.4,0.29,0.1,0.258,0.104,0.059,0.0815,7
I,0.34,0.25,0.07,0.2225,0.104,0.0425,0.055,7
M,0.45,0.335,0.14,0.4625,0.164,0.076,0.15,14
I,0.45,0.335,0.105,0.362,0.1575,0.0795,0.1095,7
I,0.51,0.385,0.145,0.7665,0.3985,0.14,0.1805,8
I,0.585,0.47,0.17,0.985,0.3695,0.2395,0.315,10
I,0.215,0.17,0.055,0.0605,0.0205,0.014,0.02,6
F,0.52,0.405,0.14,0.8175,0.2795,0.183,0.26,17
F,0.595,0.45,0.15,1.114,0.5865,0.2205,0.25,11
M,0.645,0.495,0.15,1.2095,0.603,0.2225,0.339,9
F,0.56,0.43,0.125,0.8025,0.313,0.1715,0.263,13
I,0.24,0.18,0.055,0.0555,0.0235,0.013,0.018,4
F,0.44,0.34,0.105,0.364,0.148,0.0805,0.1175,8
M,0.46,0.375,0.14,0.5105,0.192,0.1045,0.205,9
F,0.64,0.485,0.145,1.1335,0.5525,0.2505,0.3015,11
I,0.53,0.41,0.15,0.612,0.2435,0.1525,0.1895,11
F,0.735,0.565,0.225,2.037,0.87,0.5145,0.5675,13
I,0.37,0.28,0.09,0.233,0.0905,0.0545,0.07,11
I,0.515,0.35,0.105,0.4745,0.213,0.123,0.1275,10
F,0.55,0.41,0.145,0.8285,0.3095,0.1905,0.25,13
M,0.53,0.415,0.175,0.7395,0.261,0.1395,0.2645,17
M,0.33,0.215,0.075,0.1145,0.045,0.0265,0.035,6
F,0.5,0.395,0.15,0.7145,0.3235,0.173,0.195,9
F,0.52,0.405,0.145,0.829,0.3535,0.1685,0.205,15
I,0.28,0.205,0.08,0.127,0.052,0.039,0.042,9
F,0.45,0.36,0.105,0.4715,0.2035,0.0935,0.149,9
I,0.335,0.26,0.1,0.192,0.0785,0.0585,0.07,8
I,0.305,0.225,0.09,0.1465,0.063,0.034,0.0415,6
F,0.645,0.49,0.215,1.406,0.4265,0.2285,0.51,25
I,0.375,0.29,0.14,0.3,0.14,0.0625,0.0825,8
F,0.575,0.47,0.155,1.116,0.509,0.238,0.34,10
F,0.655,0.515,0.2,1.494,0.7255,0.309,0.405,12
F,0.535,0.42,0.15,0.7365,0.2785,0.186,0.215,14
F,0.625,0.525,0.215,1.5765,0.5115,0.2595,0.665,16
F,0.695,0.53,0.2,2.0475,0.75,0.4195,0.6095,14
M,0.63,0.515,0.155,1.259,0.4105,0.197,0.41,13
F,0.44,0.345,0.17,0.4085,0.15,0.0825,0.1515,12
M,0.555,0.46,0.16,0.86,0.3345,0.1935,0.275,10
M,0.565,0.445,0.145,0.9255,0.4345,0.212,0.2475,9
F,0.49,0.39,0.135,0.5785,0.2465,0.123,0.2,13
M,0.485,0.365,0.155,1.029,0.4235,0.2285,0.313,8
M,0.71,0.55,0.2,1.9045,0.882,0.44,0.5,13
F,0.585,0.47,0.17,1.099,0.3975,0.2325,0.358,20
M,0.735,0.585,0.185,2.124,0.952,0.55,0.5,11
I,0.3,0.23,0.095,0.1385,0.056,0.0365,0.037,6
M,0.69,0.54,0.185,1.71,0.7725,0.3855,0.4325,8
M,0.385,0.3,0.095,0.24,0.0885,0.059,0.085,9
M,0.485,0.39,0.12,0.599,0.251,0.1345,0.169,8
I,0.545,0.42,0.165,0.8935,0.4235,0.2195,0.228,8
M,0.45,0.325,0.115,0.4305,0.2235,0.0785,0.1155,8
F,0.625,0.49,0.175,1.233,0.5565,0.247,0.365,11
M,0.65,0.525,0.19,1.3685,0.5975,0.296,0.4,11
F,0.49,0.38,0.13,0.539,0.229,0.1355,0.165,12
I,0.59,0.47,0.145,0.974,0.453,0.236,0.289,8
F,0.64,0.51,0.2,1.3905,0.61,0.3315,0.41,12
I,0.41,0.33,0.105,0.335,0.1525,0.074,0.11,7
M,0.61,0.485,0.17,1.281,0.597,0.3035,0.33,9
F,0.37,0.285,0.105,0.27,0.1125,0.0585,0.0835,9
F,0.66,0.53,0.17,1.431,0.622,0.309,0.398,10
M,0.345,0.27,0.09,0.195,0.078,0.0455,0.059,9
I,0.405,0.3,0.09,0.269,0.103,0.067,0.11,6
M,0.545,0.45,0.16,0.8615,0.2925,0.1545,0.365,16
I,0.48,0.35,0.105,0.635,0.352,0.127,0.135,6
I,0.345,0.27,0.11,0.2135,0.082,0.0545,0.07,7
F,0.65,0.525,0.175,1.4225,0.61,0.2995,0.445,20
I,0.52,0.39,0.14,0.7325,0.2415,0.144,0.26,19
M,0.4,0.305,0.085,0.297,0.108,0.0705,0.1,10
I,0.4,0.315,0.09,0.3245,0.151,0.073,0.088,8
F,0.505,0.39,0.12,0.5725,0.2555,0.1325,0.146,8
F,0.525,0.405,0.115,0.72,0.3105,0.1915,0.2,14
I,0.52,0.395,0.125,0.663,0.3005,0.131,0.1905,9
I,0.6,0.475,0.15,1.12,0.565,0.2465,0.27,10
I,0.315,0.21,0.06,0.125,0.06,0.0375,0.035,5
I,0.275,0.22,0.08,0.1365,0.0565,0.0285,0.042,6
F,0.65,0.5,0.16,1.3825,0.702,0.304,0.3195,9
F,0.58,0.455,0.12,1.0735,0.479,0.2735,0.265,10
F,0.7,0.575,0.2,1.7365,0.7755,0.3965,0.461,11
F,0.45,0.36,0.11,0.447,0.203,0.082,0.13,12
I,0.475,0.36,0.11,0.492,0.211,0.11,0.15,8
M,0.555,0.435,0.145,0.9685,0.4985,0.168,0.2385,9
M,0.625,0.465,0.14,1.195,0.4825,0.205,0.4,13
M,0.63,0.485,0.155,1.278,0.637,0.275,0.31,8
I,0.32,0.24,0.085,0.131,0.0615,0.0265,0.038,6
F,0.71,0.555,0.17,1.47,0.5375,0.38,0.431,12
I,0.285,0.21,0.07,0.109,0.044,0.0265,0.033,5
F,0.525,0.41,0.135,0.7085,0.293,0.1525,0.235,11
I,0.35,0.28,0.075,0.196,0.082,0.04,0.064,8
F,0.615,0.475,0.145,0.9525,0.3915,0.195,0.32,9
I,0.59,0.46,0.145,0.9015,0.419,0.1785,0.26,11
F,0.625,0.495,0.16,1.1115,0.4495,0.2825,0.345,11
M,0.63,0.515,0.165,1.352,0.488,0.349,0.45,20
F,0.55,0.45,0.145,0.741,0.295,0.1435,0.2665,10
M,0.455,0.355,0.13,0.515,0.2,0.1275,0.175,11
M,0.515,0.425,0.145,0.9365,0.497,0.181,0.2185,8
I,0.315,0.235,0.08,0.18,0.08,0.045,0.047,5
M,0.61,0.48,0.15,1.2,0.56,0.2455,0.28,14
I,0.55,0.45,0.13,0.804,0.3375,0.1405,0.23,6
F,0.59,0.445,0.13,1.1325,0.3825,0.234,0.32,13
M,0.48,0.375,0.12,0.5895,0.2535,0.128,0.172,11
M,0.625,0.47,0.17,1.1665,0.4605,0.2565,0.3945,11
I,0.445,0.335,0.11,0.411,0.1985,0.0935,0.109,8
F,0.515,0.4,0.115,0.578,0.191,0.1445,0.17,9
M,0.66,0.53,0.175,1.583,0.7395,0.3505,0.405,10
I,0.52,0.395,0.135,0.633,0.2985,0.1295,0.175,9
I,0.47,0.355,0.12,0.4915,0.1765,0.1125,0.1325,9
F,0.46,0.365,0.115,0.4485,0.165,0.083,0.17,14
I,0.325,0.25,0.055,0.166,0.076,0.051,0.045,5
M,0.345,0.255,0.09,0.2005,0.094,0.0295,0.063,9
M,0.655,0.525,0.185,1.259,0.487,0.2215,0.445,20
M,0.45,0.345,0.105,0.4115,0.18,0.1125,0.135,7
F,0.535,0.4,0.15,1.224,0.618,0.275,0.2875,10
M,0.35,0.255,0.065,0.179,0.0705,0.0385,0.06,10
I,0.485,0.355,0.13,0.581,0.245,0.132,0.168,12
F,0.595,0.47,0.155,1.1775,0.542,0.269,0.31,9
I,0.475,0.36,0.135,0.4355,0.196,0.0925,0.125,8
F,0.595,0.47,0.165,1.0155,0.491,0.1905,0.289,9
M,0.525,0.405,0.13,0.7185,0.3265,0.1975,0.175,8
I,0.35,0.26,0.09,0.1765,0.072,0.0355,0.0575,7
F,0.475,0.375,0.125,0.588,0.237,0.1715,0.155,10
I,0.45,0.33,0.105,0.448,0.208,0.089,0.12,9
F,0.725,0.56,0.21,2.141,0.65,0.398,1.005,18
F,0.505,0.39,0.13,0.674,0.3165,0.141,0.1785,9
M,0.74,0.535,0.185,1.65,0.734,0.4505,0.335,13
F,0.5,0.405,0.15,0.5965,0.253,0.126,0.185,12
M,0.575,0.4,0.155,0.9325,0.3605,0.2445,0.3,17
M,0.655,0.525,0.16,1.46,0.686,0.311,0.405,11
M,0.63,0.525,0.195,1.3135,0.4935,0.2565,0.465,10
F,0.485,0.39,0.1,0.5565,0.2215,0.1155,0.185,9
F,0.525,0.41,0.115,0.7745,0.416,0.163,0.18,7
I,0.425,0.38,0.105,0.3265,0.1285,0.0785,0.1,10
M,0.515,0.39,0.14,0.678,0.341,0.1325,0.119,8
I,0.165,0.11,0.02,0.019,0.0065,0.0025,0.005,4
I,0.225,0.17,0.07,0.0565,0.024,0.013,0.016,4
I,0.54,0.425,0.135,0.686,0.3475,0.1545,0.213,8
M,0.63,0.485,0.145,1.062,0.5065,0.1785,0.3365,12
I,0.25,0.185,0.065,0.071,0.027,0.0185,0.0225,5
I,0.55,0.425,0.145,0.89,0.4325,0.171,0.236,10
M,0.705,0.55,0.21,1.4385,0.655,0.3255,0.462,11
F,0.48,0.37,0.13,0.5885,0.2475,0.1505,0.1595,15
F,0.55,0.425,0.135,0.8515,0.362,0.196,0.27,14
F,0.43,0.335,0.12,0.444,0.155,0.1145,0.14,13
F,0.56,0.45,0.16,1.0235,0.429,0.268,0.3,10
M,0.35,0.265,0.09,0.2255,0.0995,0.0485,0.07,7
F,0.635,0.495,0.175,1.211,0.707,0.2725,0.323,9
F,0.5,0.37,0.135,0.45,0.1715,0.1055,0.155,9
I,0.375,0.28,0.08,0.2025,0.0825,0.048,0.065,8
M,0.44,0.335,0.11,0.394,0.157,0.096,0.122,9
M,0.7,0.54,0.205,1.74,0.7885,0.373,0.4865,13
F,0.61,0.495,0.19,1.213,0.464,0.306,0.365,15
M,0.56,0.43,0.145,0.8995,0.464,0.1775,0.234,9
M,0.47,0.375,0.12,0.5805,0.266,0.0935,0.169,8
M,0.525,0.41,0.165,0.8005,0.2635,0.1985,0.25,13
M,0.56,0.43,0.155,0.8675,0.4,0.172,0.229,8
M,0.695,0.56,0.185,1.74,0.885,0.3715,0.4375,10
I,0.39,0.3,0.1,0.3085,0.1385,0.0735,0.085,6
M,0.565,0.435,0.15,0.99,0.5795,0.1825,0.206,8
M,0.575,0.45,0.16,0.955,0.44,0.1685,0.27,16
M,0.625,0.5,0.14,1.096,0.5445,0.2165,0.295,10
F,0.68,0.55,0.21,1.7445,0.5975,0.305,0.625,17
F,0.675,0.51,0.195,1.382,0.6045,0.3175,0.3965,10
I,0.23,0.175,0.065,0.0645,0.026,0.0105,0.02,5
I,0.455,0.335,0.135,0.501,0.274,0.0995,0.1065,7
F,0.345,0.26,0.09,0.207,0.0775,0.0435,0.0765,10
F,0.63,0.495,0.19,1.1655,0.536,0.2115,0.1625,10
F,0.525,0.44,0.15,0.8425,0.3685,0.1985,0.24,12
M,0.585,0.43,0.16,0.955,0.3625,0.176,0.27,11
M,0.64,0.51,0.17,1.3715,0.567,0.307,0.409,10
F,0.505,0.375,0.18,0.568,0.2325,0.1495,0.17,12
M,0.425,0.325,0.12,0.3755,0.142,0.1065,0.105,9
M,0.535,0.42,0.125,0.738,0.355,0.1895,0.1795,8
M,0.635,0.51,0.21,1.598,0.6535,0.2835,0.58,15
M,0.57,0.46,0.14,0.9535,0.4465,0.2065,0.245,12
F,0.53,0.41,0.165,0.8115,0.24,0.169,0.24,19
I,0.575,0.45,0.135,0.8245,0.3375,0.2115,0.239,11
F,0.6,0.47,0.15,0.922,0.363,0.194,0.305,10
M,0.46,0.365,0.125,0.467,0.1895,0.0945,0.158,10
M,0.61,0.46,0.16,1.0,0.494,0.197,0.275,10
M,0.495,0.385,0.135,0.709,0.211,0.1375,0.262,12
F,0.63,0.51,0.185,1.235,0.5115,0.349,0.3065,11
I,0.46,0.35,0.12,0.4885,0.193,0.105,0.155,11
M,0.505,0.4,0.155,0.8415,0.2715,0.1775,0.285,12
M,0.44,0.35,0.14,0.451,0.171,0.0705,0.184,16
I,0.385,0.3,0.09,0.247,0.1225,0.044,0.0675,5
I,0.425,0.34,0.1,0.382,0.164,0.096,0.1,6
F,0.56,0.43,0.15,0.8745,0.453,0.161,0.22,8
I,0.32,0.24,0.07,0.133,0.0585,0.0255,0.041,6
M,0.495,0.39,0.15,0.853,0.3285,0.189,0.27,14
F,0.72,0.55,0.18,1.52,0.637,0.325,0.435,10
M,0.5,0.405,0.155,0.772,0.346,0.1535,0.245,12
F,0.52,0.375,0.135,0.5375,0.221,0.117,0.17,8
M,0.605,0.475,0.175,1.201,0.5395,0.275,0.309,10
F,0.58,0.45,0.195,0.8265,0.4035,0.173,0.225,9
M,0.61,0.45,0.15,0.871,0.407,0.1835,0.25,10
M,0.715,0.525,0.2,1.89,0.95,0.436,0.4305,10
I,0.295,0.22,0.065,0.1295,0.052,0.028,0.035,6
M,0.55,0.435,0.16,0.906,0.342,0.219,0.295,13
F,0.505,0.4,0.165,0.729,0.2675,0.155,0.25,9
F,0.67,0.53,0.205,1.4015,0.643,0.2465,0.416,12
I,0.63,0.475,0.145,1.0605,0.5165,0.2195,0.28,10
F,0.48,0.375,0.105,0.525,0.2185,0.1195,0.155,12
M,0.575,0.46,0.165,0.9155,0.4005,0.2465,0.2385,8
F,0.525,0.41,0.135,0.7905,0.4065,0.198,0.177,8
I,0.33,0.26,0.08,0.19,0.0765,0.0385,0.065,7
I,0.585,0.475,0.16,1.0505,0.48,0.234,0.285,10
I,0.265,0.205,0.07,0.1055,0.039,0.041,0.035,5
M,0.405,0.31,0.1,0.385,0.173,0.0915,0.11,7
F,0.525,0.39,0.135,0.6005,0.2265,0.131,0.21,16
F,0.595,0.47,0.155,1.1775,0.542,0.269,0.31,9
I,0.605,0.47,0.14,0.939,0.3385,0.201,0.32,13
I,0.52,0.4,0.145,0.66,0.267,0.1055,0.22,13
I,0.385,0.28,0.09,0.228,0.1025,0.042,0.0655,5
F,0.595,0.465,0.15,1.0765,0.491,0.22,0.287,9
I,0.51,0.405,0.135,0.769,0.3655,0.1585,0.18,7
M,0.415,0.315,0.12,0.4015,0.199,0.087,0.097,8
I,0.44,0.33,0.11,0.3705,0.1545,0.084,0.12,7
M,0.385,0.275,0.115,0.2685,0.0975,0.0825,0.085,8
F,0.63,0.48,0.175,1.3675,0.5015,0.3035,0.515,17
M,0.63,0.47,0.15,1.1355,0.539,0.2325,0.3115,12
M,0.615,0.48,0.19,1.36,0.5305,0.2375,0.47,18
I,0.27,0.195,0.06,0.073,0.0285,0.0235,0.03,5
F,0.655,0.51,0.155,1.2895,0.5345,0.2855,0.41,11
I,0.37,0.28,0.09,0.233,0.0905,0.0545,0.07,11
M,0.67,0.51,0.175,1.5265,0.651,0.4475,0.345,10
M,0.44,0.355,0.125,0.4775,0.132,0.0815,0.19,9
M,0.375,0.28,0.095,0.2225,0.0875,0.043,0.08,10
F,0.58,0.435,0.15,0.834,0.428,0.1515,0.23,8
F,0.45,0.365,0.115,0.5885,0.318,0.121,0.1325,8
M,0.5,0.41,0.15,0.662,0.2815,0.137,0.22,11
I,0.385,0.28,0.085,0.2175,0.097,0.038,0.067,8
I,0.45,0.33,0.105,0.448,0.208,0.089,0.12,9
M,0.52,0.4,0.145,0.7765,0.3525,0.1845,0.185,9
I,0.36,0.27,0.095,0.2,0.073,0.056,0.061,8
I,0.53,0.395,0.115,0.475,0.2025,0.101,0.148,8
I,0.2,0.145,0.025,0.0345,0.011,0.0075,0.01,5
I,0.585,0.45,0.15,0.8915,0.3975,0.2035,0.253,8
F,0.5,0.4,0.15,0.8085,0.273,0.112,0.295,13
F,0.52,0.405,0.145,0.829,0.3535,0.1685,0.205,15
F,0.61,0.495,0.175,1.2635,0.53,0.315,0.3455,10
I,0.485,0.355,0.12,0.5085,0.21,0.122,0.135,9
M,0.585,0.46,0.145,0.9335,0.478,0.1825,0.235,9
M,0.58,0.44,0.175,1.2255,0.5405,0.2705,0.3265,10
M,0.35,0.275,0.11,0.2925,0.1225,0.0635,0.0905,8
M,0.57,0.44,0.175,0.9415,0.3805,0.2285,0.283,9
M,0.6,0.455,0.17,1.1915,0.696,0.2395,0.24,8
I,0.205,0.15,0.065,0.04,0.02,0.011,0.013,4
I,0.525,0.405,0.15,0.795,0.3075,0.205,0.255,14
M,0.49,0.39,0.15,0.573,0.225,0.124,0.17,21
I,0.38,0.29,0.1,0.237,0.108,0.0395,0.082,6
F,0.61,0.5,0.18,1.438,0.5185,0.3735,0.3345,9
M,0.5,0.385,0.135,0.6425,0.3195,0.129,0.1535,7
F,0.495,0.37,0.12,0.594,0.28,0.11,0.1375,7
F,0.445,0.33,0.105,0.4525,0.18,0.103,0.123,9
F,0.695,0.525,0.205,1.8185,0.819,0.4025,0.4525,13
F,0.695,0.535,0.175,1.361,0.5465,0.2815,0.465,10
I,0.635,0.48,0.2,1.3655,0.6255,0.2595,0.425,16
I,0.44,0.33,0.11,0.3705,0.1545,0.084,0.12,7
M,0.58,0.45,0.12,0.8685,0.418,0.1475,0.2605,8
F,0.645,0.48,0.19,1.371,0.6925,0.2905,0.35,12
M,0.65,0.515,0.175,1.4805,0.5295,0.272,0.525,20
M,0.36,0.295,0.1,0.2105,0.066,0.0525,0.075,9
I,0.46,0.365,0.115,0.511,0.2365,0.118,0.123,7
M,0.35,0.26,0.09,0.198,0.0725,0.056,0.06,10
F,0.615,0.46,0.15,1.0265,0.4935,0.201,0.2745,10
M,0.42,0.335,0.115,0.369,0.171,0.071,0.12,8
I,0.385,0.29,0.09,0.232,0.0855,0.0495,0.08,7
F,0.63,0.515,0.16,1.336,0.553,0.3205,0.35,11
F,0.665,0.54,0.195,1.764,0.8505,0.3615,0.47,11
I,0.45,0.35,0.12,0.468,0.2005,0.1065,0.1325,8
M,0.5,0.39,0.125,0.5215,0.2485,0.117,0.131,6
I,0.455,0.33,0.1,0.372,0.358,0.0775,0.11,8
I,0.56,0.44,0.13,0.7235,0.349,0.149,0.2,8
M,0.605,0.47,0.115,1.114,0.3925,0.291,0.31,15
M,0.73,0.585,0.225,2.2305,1.2395,0.422,0.563,14
F,0.665,0.525,0.18,1.5785,0.678,0.229,0.456,14
F,0.605,0.45,0.195,1.098,0.481,0.2895,0.315,13
F,0.65,0.545,0.23,1.752,0.5605,0.2895,0.815,16
F,0.495,0.37,0.12,0.594,0.28,0.11,0.1375,7
M,0.575,0.465,0.12,1.0535,0.516,0.2185,0.235,9
M,0.21,0.15,0.05,0.0385,0.0155,0.0085,0.01,3
M,0.72,0.575,0.23,2.2695,0.8835,0.3985,0.665,16
I,0.38,0.275,0.11,0.256,0.11,0.0535,0.0755,6
I,0.47,0.355,0.115,0.4155,0.167,0.084,0.139,7
I,0.32,0.245,0.08,0.1585,0.0635,0.0325,0.05,13
I,0.275,0.2,0.065,0.1035,0.0475,0.0205,0.03,7
F,0.405,0.305,0.095,0.3485,0.1455,0.0895,0.1,9
I,0.35,0.26,0.095,0.211,0.086,0.056,0.068,7
M,0.55,0.42,0.16,1.3405,0.6325,0.311,0.344,10
F,0.61,0.485,0.17,1.1005,0.5125,0.229,0.305,11
I,0.46,0.345,0.115,0.4215,0.1895,0.102,0.111,6
I,0.36,0.265,0.075,0.1845,0.083,0.0365,0.055,7
I,0.245,0.205,0.06,0.0765,0.034,0.014,0.0215,4
M,0.42,0.34,0.125,0.4495,0.165,0.1125,0.144,11
F,0.715,0.525,0.185,1.56,0.6655,0.383,0.405,11
M,0.27,0.195,0.08,0.1,0.0385,0.0195,0.03,6
I,0.3,0.23,0.085,0.117,0.05,0.0175,0.0415,6
F,0.5,0.4,0.14,0.6615,0.2565,0.1755,0.22,8
M,0.675,0.555,0.2,1.4385,0.545,0.2665,0.465,21
I,0.63,0.475,0.145,1.0605,0.5165,0.2195,0.28,10
I,0.435,0.355,0.125,0.4075,0.1535,0.074,0.165,9
I,0.395,0.305,0.105,0.284,0.1135,0.0595,0.0945,8
I,0.185,0.135,0.04,0.027,0.0105,0.0055,0.009,5
F,0.755,0.625,0.21,2.505,1.1965,0.513,0.6785,11
I,0.42,0.32,0.11,0.3625,0.174,0.0635,0.105,7
M,0.695,0.56,0.19,1.494,0.588,0.3425,0.485,15
I,0.165,0.115,0.015,0.0145,0.0055,0.003,0.005,4
M,0.67,0.51,0.175,1.5265,0.651,0.4475,0.345,10
M,0.64,0.495,0.165,1.307,0.678,0.292,0.266,11
F,0.585,0.46,0.17,1.0835,0.3745,0.326,0.325,14
F,0.49,0.37,0.115,0.541,0.171,0.1175,0.185,11
M,0.725,0.55,0.2,1.51,0.8735,0.4265,0.5085,9
F,0.625,0.505,0.175,1.15,0.5475,0.256,0.3045,11
I,0.23,0.165,0.06,0.0515,0.019,0.0145,0.036,4
I,0.495,0.375,0.115,0.5755,0.31,0.1145,0.1395,8
I,0.28,0.205,0.08,0.127,0.052,0.039,0.042,9
M,0.505,0.395,0.135,0.5915,0.288,0.1315,0.185,12
M,0.34,0.265,0.085,0.1835,0.077,0.046,0.065,10
F,0.645,0.52,0.175,1.3345,0.667,0.2665,0.355,10
M,0.55,0.43,0.16,0.9295,0.317,0.1735,0.355,13
I,0.44,0.33,0.11,0.3705,0.1545,0.084,0.12,7
I,0.495,0.375,0.14,0.494,0.181,0.0975,0.191,8
M,0.47,0.385,0.135,0.5895,0.2765,0.12,0.17,8
M,0.65,0.52,0.17,1.3655,0.6155,0.2885,0.36,11
M,0.625,0.495,0.18,1.0815,0.4715,0.254,0.3135,10
M,0.62,0.485,0.155,1.049,0.462,0.231,0.25,10
M,0.67,0.505,0.16,1.2585,0.6255,0.311,0.308,12
I,0.475,0.355,0.115,0.5195,0.279,0.088,0.1325,7
F,0.605,0.475,0.175,1.076,0.463,0.2195,0.335,9
I,0.38,0.285,0.09,0.2305,0.1005,0.039,0.0775,7
I,0.43,0.335,0.105,0.378,0.188,0.0785,0.09,6
M,0.495,0.395,0.135,0.6335,0.3035,0.1295,0.1495,8
I,0.525,0.39,0.105,0.567,0.2875,0.1075,0.16,8
M,0.58,0.44,0.16,0.8295,0.3365,0.2005,0.2485,9
I,0.405,0.31,0.095,0.3425,0.1785,0.064,0.0855,8
M,0.325,0.23,0.09,0.147,0.06,0.034,0.045,4
I,0.465,0.375,0.12,0.471,0.222,0.119,0.14,9
I,0.435,0.325,0.12,0.3995,0.1815,0.061,0.1125,8
I,0.53,0.42,0.185,0.752,0.299,0.156,0.205,20
I,0.28,0.2,0.065,0.0895,0.036,0.0185,0.03,7
I,0.415,0.315,0.105,0.33,0.1405,0.0705,0.095,6
I,0.335,0.26,0.1,0.192,0.0785,0.0585,0.07,8
M,0.505,0.385,0.11,0.655,0.3185,0.15,0.185,9
I,0.525,0.385,0.13,0.607,0.2355,0.125,0.195,8
M,0.64,0.525,0.2,1.3765,0.44,0.3075,0.47,16
M,0.45,0.335,0.14,0.478,0.1865,0.115,0.16,11
M,0.625,0.47,0.18,1.136,0.451,0.3245,0.305,11
I,0.435,0.32,0.08,0.3325,0.1485,0.0635,0.105,9
I,0.365,0.27,0.085,0.1875,0.081,0.042,0.058,6
M,0.615,0.495,0.2,1.304,0.5795,0.3115,0.371,14
F,0.63,0.48,0.175,1.3675,0.5015,0.3035,0.515,17
F,0.575,0.485,0.165,1.0405,0.419,0.264,0.3,14
I,0.265,0.195,0.055,0.084,0.0365,0.0175,0.025,7
F,0.58,0.445,0.145,0.888,0.41,0.1815,0.2425,8
M,0.51,0.39,0.135,0.769,0.3935,0.1455,0.19,8
I,0.52,0.385,0.115,0.581,0.2555,0.156,0.143,10
F,0.575,0.46,0.165,1.124,0.2985,0.1785,0.44,13
I,0.605,0.435,0.13,0.9025,0.432,0.174,0.26,11
M,0.535,0.44,0.165,0.875,0.279,0.18,0.3,10
F,0.6,0.5,0.16,1.122,0.5095,0.256,0.309,10
F,0.69,0.55,0.18,1.659,0.8715,0.2655,0.4395,9
M,0.6,0.47,0.16,1.194,0.5625,0.3045,0.2635,10
M,0.495,0.38,0.12,0.474,0.197,0.1065,0.1545,10
F,0.66,0.53,0.17,1.431,0.622,0.309,0.398,10
F,0.65,0.525,0.19,1.385,0.8875,0.3095,0.405,11
I,0.45,0.33,0.115,0.365,0.14,0.0825,0.1245,8
I,0.625,0.465,0.155,0.972,0.404,0.1845,0.35,14
F,0.38,0.325,0.11,0.3105,0.12,0.074,0.105,10
F,0.64,0.5,0.17,1.2645,0.565,0.3375,0.315,9
I,0.515,0.395,0.125,0.5805,0.2365,0.1075,0.19,9
I,0.405,0.29,0.09,0.2825,0.112,0.075,0.0815,7
I,0.475,0.355,0.105,0.468,0.201,0.1115,0.12,8
I,0.5,0.375,0.145,0.5795,0.239,0.1375,0.185,9
M,0.465,0.35,0.12,0.5205,0.2015,0.1625,0.185,11
I,0.455,0.345,0.11,0.434,0.207,0.0855,0.1215,8
I,0.27,0.195,0.065,0.1065,0.0475,0.0225,0.0285,5
I,0.625,0.43,0.175,1.411,0.572,0.297,0.395,12
M,0.6,0.47,0.16,1.194,0.5625,0.3045,0.2635,10
M,0.605,0.47,0.18,1.1405,0.3755,0.2805,0.385,15
I,0.32,0.23,0.06,0.129,0.0615,0.0275,0.0355,7
F,0.53,0.41,0.13,0.6965,0.302,0.1935,0.2,10
I,0.385,0.3,0.09,0.247,0.1225,0.044,0.0675,5
F,0.63,0.475,0.15,1.072,0.433,0.2975,0.315,8
M,0.565,0.44,0.175,1.122,0.393,0.2,0.375,20
F,0.595,0.48,0.15,1.11,0.498,0.228,0.33,10
M,0.6,0.41,0.145,0.939,0.4475,0.196,0.268,8
M,0.57,0.47,0.155,1.186,0.6355,0.2315,0.277,10
I,0.13,0.1,0.03,0.013,0.0045,0.003,0.004,3
I,0.3,0.23,0.08,0.1275,0.0435,0.0265,0.04,8
F,0.68,0.505,0.17,1.3435,0.657,0.297,0.355,12
M,0.545,0.45,0.15,0.7805,0.3795,0.1625,0.216,8
I,0.35,0.265,0.085,0.1735,0.0775,0.034,0.056,6
I,0.42,0.325,0.1,0.368,0.1675,0.0625,0.1135,11
F,0.53,0.42,0.14,0.627,0.2905,0.1165,0.183,8
M,0.465,0.36,0.125,0.4365,0.169,0.1075,0.145,11
F,0.4,0.325,0.12,0.3185,0.134,0.0565,0.095,8
F,0.68,0.55,0.2,1.596,0.525,0.4075,0.585,21
M,0.415,0.31,0.09,0.3245,0.1305,0.0735,0.115,8
I,0.53,0.395,0.13,0.575,0.247,0.115,0.183,9
F,0.6,0.475,0.16,1.0265,0.485,0.2495,0.2565,9
F,0.465,0.355,0.115,0.4705,0.1955,0.118,0.126,7
I,0.44,0.345,0.115,0.545,0.269,0.111,0.1305,6
F,0.515,0.415,0.14,0.6935,0.3115,0.152,0.2,10
I,0.315,0.24,0.07,0.137,0.0545,0.0315,0.04,8
M,0.375,0.305,0.09,0.3245,0.1395,0.0565,0.095,5
M,0.67,0.5,0.19,1.519,0.616,0.388,0.415,10
I,0.385,0.29,0.09,0.2365,0.1,0.0505,0.076,8
F,0.525,0.41,0.135,0.7905,0.4065,0.198,0.177,8
F,0.695,0.565,0.19,1.7635,0.7465,0.399,0.4975,11
I,0.425,0.315,0.08,0.303,0.131,0.0585,0.095,7
M,0.62,0.495,0.175,1.806,0.643,0.3285,0.725,17
M,0.71,0.565,0.205,2.198,1.012,0.5225,0.5475,11
I,0.5,0.385,0.155,0.762,0.3795,0.161,0.19,14
I,0.585,0.45,0.15,0.8915,0.3975,0.2035,0.253,8
M,0.62,0.47,0.145,1.0865,0.511,0.2715,0.2565,10
F,0.54,0.42,0.145,0.8655,0.4315,0.163,0.2175,10
M,0.72,0.565,0.2,2.1055,1.017,0.363,0.494,12
M,0.48,0.37,0.13,0.643,0.349,0.1155,0.135,8
F,0.505,0.405,0.18,0.606,0.239,0.1235,0.18,11
M,0.32,0.245,0.075,0.1555,0.0585,0.038,0.049,11
F,0.43,0.34,0.11,0.382,0.154,0.0955,0.109,8
M,0.555,0.455,0.135,0.837,0.382,0.171,0.235,9
I,0.4,0.29,0.11,0.329,0.188,0.0455,0.0825,6
F,0.625,0.49,0.155,1.115,0.484,0.277,0.3095,9
F,0.65,0.51,0.155,1.189,0.483,0.278,0.3645,13
F,0.59,0.475,0.155,0.9715,0.371,0.235,0.28,11
F,0.38,0.305,0.105,0.281,0.1045,0.0615,0.09,12
M,0.575,0.47,0.14,0.8375,0.3485,0.1735,0.24,11
I,0.515,0.4,0.12,0.659,0.2705,0.179,0.17,13
F,0.565,0.46,0.15,0.8765,0.3455,0.1925,0.275,10
I,0.37,0.29,0.09,0.2445,0.089,0.0655,0.075,7
M,0.615,0.48,0.175,1.118,0.446,0.3195,0.3,9
I,0.43,0.32,0.1,0.3855,0.192,0.0745,0.1,7
F,0.55,0.43,0.14,0.84,0.375,0.218,0.1945,8
M,0.46,0.375,0.14,0.5105,0.192,0.1045,0.205,9
I,0.445,0.33,0.11,0.358,0.1525,0.067,0.1185,8
F,0.545,0.445,0.15,0.8,0.3535,0.163,0.207,9
F,0.43,0.35,0.09,0.397,0.1575,0.089,0.12,9
F,0.74,0.575,0.22,2.012,0.8915,0.5265,0.471,12
I,0.33,0.255,0.08,0.205,0.0895,0.0395,0.055,7
I,0.315,0.23,0.09,0.1285,0.043,0.04,0.04,7
I,0.525,0.4,0.14,0.6955,0.2405,0.16,0.253,10
I,0.57,0.44,0.13,0.7665,0.347,0.1785,0.202,10
M,0.62,0.485,0.155,1.049,0.462,0.231,0.25,10
M,0.685,0.52,0.15,1.343,0.4635,0.292,0.4,13
I,0.285,0.22,0.065,0.096,0.0405,0.0205,0.03,5
I,0.345,0.275,0.095,0.1995,0.0755,0.0535,0.07,6
M,0.59,0.45,0.155,0.874,0.369,0.2135,0.24,8
M,0.5,0.39,0.13,0.709,0.275,0.168,0.18,11
M,0.695,0.56,0.19,1.494,0.588,0.3425,0.485,15
F,0.555,0.445,0.175,1.1465,0.551,0.244,0.2785,8
F,0.72,0.575,0.215,2.226,0.8955,0.405,0.62,13
F,0.62,0.5,0.175,1.186,0.4985,0.3015,0.35,12
F,0.36,0.27,0.09,0.1885,0.0845,0.0385,0.055,5
I,0.56,0.445,0.165,1.0285,0.4535,0.253,0.275,11
F,0.525,0.41,0.115,0.7745,0.416,0.163,0.18,7
F,0.505,0.4,0.165,0.729,0.2675,0.155,0.25,9
F,0.555,0.44,0.14,0.846,0.346,0.1715,0.2735,10
F,0.515,0.415,0.13,0.764,0.276,0.196,0.25,13
F,0.665,0.51,0.175,1.3805,0.675,0.2985,0.325,10
F,0.475,0.38,0.145,0.57,0.167,0.118,0.187,11
M,0.44,0.375,0.13,0.487,0.226,0.0965,0.155,9
F,0.635,0.5,0.18,1.312,0.529,0.2485,0.485,18
M,0.51,0.395,0.145,0.6185,0.216,0.1385,0.24,12
F,0.475,0.36,0.12,0.5915,0.3245,0.11,0.127,6
M,0.505,0.395,0.135,0.5915,0.288,0.1315,0.185,12
F,0.475,0.35,0.115,0.487,0.194,0.1455,0.125,13
M,0.62,0.5,0.18,1.3915,0.726,0.2795,0.332,11
M,0.625,0.47,0.15,1.124,0.556,0.2315,0.287,9
M,0.57,0.415,0.13,0.88,0.4275,0.1955,0.238,13
F,0.61,0.45,0.16,1.136,0.414,0.311,0.3,9
F,0.59,0.465,0.16,1.1005,0.506,0.2525,0.295,13
F,0.64,0.505,0.19,1.2355,0.4435,0.3105,0.365,14
I,0.395,0.29,0.095,0.304,0.127,0.084,0.077,6
F,0.62,0.51,0.18,1.233,0.592,0.274,0.322,10
M,0.68,0.545,0.185,1.672,0.7075,0.364,0.48,11
M,0.62,0.475,0.185,1.325,0.6045,0.325,0.33,13
F,0.55,0.425,0.14,0.952,0.4895,0.1945,0.2185,7
I,0.365,0.27,0.085,0.196,0.0825,0.0375,0.06,7
I,0.395,0.29,0.095,0.319,0.138,0.08,0.082,7
M,0.265,0.2,0.065,0.084,0.034,0.0105,0.03,7
I,0.62,0.48,0.18,1.1305,0.5285,0.2655,0.306,12
I,0.34,0.25,0.09,0.179,0.0775,0.033,0.055,6
I,0.415,0.325,0.1,0.313,0.139,0.0625,0.0965,7
M,0.585,0.49,0.185,1.171,0.522,0.2535,0.335,10
M,0.565,0.465,0.15,1.1285,0.377,0.3525,0.33,16
I,0.325,0.24,0.075,0.1525,0.072,0.0645,0.043,6
M,0.605,0.49,0.18,1.167,0.457,0.29,0.3745,9
I,0.525,0.375,0.12,0.6315,0.3045,0.114,0.19,9
I,0.39,0.29,0.09,0.2625,0.117,0.054,0.077,7
I,0.39,0.28,0.09,0.215,0.0845,0.034,0.079,8
I,0.375,0.28,0.085,0.2145,0.0855,0.0485,0.072,7
I,0.47,0.355,0.145,0.4485,0.156,0.102,0.123,7
I,0.515,0.4,0.135,0.636,0.3055,0.1215,0.1855,9
I,0.46,0.365,0.11,0.4495,0.1755,0.102,0.15,8
F,0.4,0.3,0.115,0.3025,0.1335,0.0465,0.0935,8
I,0.46,0.35,0.11,0.4675,0.2125,0.099,0.1375,7
M,0.525,0.4,0.14,0.7205,0.3685,0.145,0.1735,8
I,0.535,0.45,0.17,0.781,0.3055,0.1555,0.295,11
F,0.66,0.52,0.18,1.514,0.526,0.2975,0.42,19
F,0.61,0.49,0.17,1.137,0.4605,0.2825,0.344,12
M,0.5,0.385,0.135,0.551,0.2245,0.0715,0.206,11
I,0.135,0.13,0.04,0.029,0.0125,0.0065,0.008,4
M,0.505,0.385,0.15,0.6415,0.246,0.152,0.215,12
F,0.565,0.455,0.175,1.013,0.342,0.207,0.35,19
M,0.75,0.595,0.205,2.2205,1.083,0.421,0.63,12
F,0.6,0.475,0.135,1.4405,0.5885,0.191,0.3175,9
I,0.43,0.34,0.125,0.384,0.1375,0.061,0.146,14
F,0.605,0.45,0.195,1.098,0.481,0.2895,0.315,13
M,0.64,0.505,0.165,1.4435,0.6145,0.3035,0.39,18
I,0.335,0.25,0.075,0.1825,0.0705,0.044,0.055,7
M,0.73,0.575,0.21,2.069,0.9285,0.409,0.643,11
F,0.605,0.485,0.165,0.9515,0.4535,0.193,0.2765,11
M,0.46,0.35,0.12,0.515,0.224,0.108,0.1565,10
M,0.515,0.39,0.155,0.7125,0.3695,0.137,0.155,7
M,0.6,0.47,0.15,0.928,0.4225,0.183,0.275,8
I,0.575,0.45,0.145,0.795,0.364,0.1505,0.26,10
I,0.44,0.345,0.1,0.366,0.122,0.0905,0.12,13
F,0.755,0.625,0.21,2.505,1.1965,0.513,0.6785,11
I,0.435,0.335,0.105,0.3535,0.156,0.05,0.1135,7
M,0.635,0.5,0.18,1.2915,0.594,0.2695,0.37,9
I,0.51,0.375,0.1,0.5785,0.238,0.1225,0.175,7
I,0.255,0.185,0.06,0.088,0.0365,0.021,0.023,5
M,0.77,0.62,0.195,2.5155,1.1155,0.6415,0.642,12
F,0.435,0.32,0.12,0.3785,0.152,0.0915,0.125,11
M,0.455,0.355,0.135,0.4745,0.1865,0.0935,0.168,13
M,0.495,0.395,0.125,0.5415,0.2375,0.1345,0.155,9
F,0.52,0.405,0.115,0.776,0.32,0.1845,0.22,8
M,0.68,0.545,0.185,1.672,0.7075,0.364,0.48,11
I,0.37,0.275,0.1,0.2815,0.1505,0.0505,0.068,5
M,0.52,0.39,0.12,0.6435,0.2885,0.157,0.161,7
M,0.575,0.45,0.155,0.948,0.429,0.206,0.259,7
M,0.485,0.385,0.105,0.556,0.296,0.104,0.133,7
I,0.24,0.185,0.06,0.0655,0.0295,0.0005,0.02,4
I,0.545,0.43,0.13,0.7595,0.358,0.153,0.2055,8
I,0.32,0.24,0.075,0.1735,0.076,0.0355,0.05,7
F,0.575,0.45,0.12,0.9585,0.447,0.169,0.275,12
M,0.605,0.465,0.165,1.056,0.4215,0.2475,0.34,13
I,0.485,0.355,0.12,0.5085,0.21,0.122,0.135,9
M,0.625,0.5,0.17,1.0985,0.4645,0.22,0.354,9
F,0.63,0.505,0.165,1.065,0.4595,0.216,0.315,12
M,0.455,0.34,0.135,0.462,0.1675,0.158,0.12,9
M,0.465,0.36,0.11,0.4955,0.2665,0.085,0.121,7
F,0.65,0.475,0.165,1.3875,0.58,0.3485,0.3095,9
M,0.63,0.51,0.19,1.4985,0.4125,0.3075,0.545,16
F,0.66,0.53,0.185,1.3485,0.493,0.245,0.49,12
M,0.635,0.515,0.165,1.229,0.5055,0.2975,0.3535,10
M,0.52,0.425,0.155,0.7735,0.297,0.123,0.255,17
F,0.585,0.485,0.15,1.079,0.4145,0.2115,0.356,11
I,0.33,0.23,0.08,0.14,0.0565,0.0365,0.046,7
M,0.485,0.39,0.135,0.617,0.25,0.1345,0.1635,8
M,0.295,0.23,0.085,0.125,0.042,0.0285,0.043,8
I,0.38,0.29,0.1,0.237,0.108,0.0395,0.082,6
I,0.32,0.235,0.065,0.1385,0.058,0.0225,0.05,5
F,0.64,0.485,0.145,1.1335,0.5525,0.2505,0.3015,11
I,0.38,0.285,0.095,0.243,0.0895,0.0665,0.075,7
M,0.62,0.49,0.17,1.2105,0.5185,0.2555,0.335,13
M,0.625,0.48,0.17,1.3555,0.671,0.268,0.3385,10
F,0.605,0.45,0.195,1.098,0.481,0.2895,0.315,13
M,0.725,0.505,0.185,1.978,1.026,0.4255,0.4505,12
M,0.74,0.535,0.185,1.65,0.734,0.4505,0.335,13
I,0.67,0.485,0.175,1.2565,0.5355,0.322,0.386,9
F,0.655,0.505,0.165,1.367,0.5835,0.3515,0.396,10
F,0.535,0.415,0.185,0.8415,0.314,0.1585,0.3,15
M,0.61,0.475,0.155,0.983,0.4565,0.228,0.266,10
F,0.525,0.43,0.165,0.717,0.289,0.1745,0.195,10
M,0.625,0.47,0.18,1.136,0.451,0.3245,0.305,11
I,0.39,0.31,0.1,0.302,0.116,0.064,0.115,11
M,0.35,0.265,0.09,0.1775,0.0575,0.042,0.068,12
M,0.61,0.48,0.165,1.244,0.6345,0.257,0.305,12
I,0.3,0.22,0.09,0.1425,0.057,0.0335,0.043,7
M,0.51,0.4,0.13,0.6435,0.27,0.1665,0.205,12
M,0.375,0.3,0.1,0.2465,0.104,0.0475,0.083,11
M,0.335,0.265,0.105,0.222,0.0935,0.056,0.075,7
I,0.45,0.35,0.12,0.468,0.2005,0.1065,0.1325,8
I,0.505,0.405,0.13,0.6015,0.3015,0.11,0.18,8
F,0.67,0.515,0.17,1.4265,0.6605,0.3395,0.37,11
I,0.375,0.28,0.085,0.2145,0.0855,0.0485,0.072,7
F,0.61,0.495,0.175,1.2635,0.53,0.315,0.3455,10
I,0.335,0.26,0.1,0.192,0.0785,0.0585,0.07,8
I,0.415,0.335,0.1,0.358,0.169,0.067,0.105,7
I,0.525,0.39,0.12,0.664,0.3115,0.147,0.178,9
F,0.45,0.36,0.125,0.5065,0.222,0.105,0.16,10
M,0.56,0.425,0.135,0.9415,0.509,0.2015,0.1975,9
M,0.665,0.515,0.19,1.6385,0.831,0.3575,0.371,11
M,0.4,0.315,0.105,0.287,0.1135,0.037,0.113,10
M,0.65,0.505,0.18,1.469,0.7115,0.3335,0.38,9
M,0.5,0.4,0.13,0.6645,0.258,0.133,0.24,12
I,0.435,0.33,0.11,0.38,0.1515,0.0945,0.11,7
F,0.705,0.545,0.18,1.5395,0.6075,0.3675,0.4645,13
M,0.625,0.48,0.16,1.1415,0.5795,0.2145,0.29,9
M,0.52,0.385,0.165,0.791,0.375,0.18,0.1815,10
I,0.49,0.365,0.125,0.5585,0.252,0.126,0.1615,10
M,0.47,0.37,0.18,0.51,0.1915,0.1285,0.1625,9
M,0.65,0.495,0.18,1.793,0.8005,0.339,0.53,14
M,0.685,0.55,0.2,1.7725,0.813,0.387,0.49,11
M,0.62,0.46,0.16,0.9505,0.4915,0.2,0.228,9
I,0.44,0.33,0.135,0.522,0.17,0.0905,0.195,16
F,0.475,0.39,0.12,0.5305,0.2135,0.1155,0.17,10
F,0.645,0.5,0.17,1.1845,0.4805,0.274,0.355,13
I,0.33,0.25,0.105,0.1715,0.0655,0.035,0.06,7
I,0.47,0.365,0.1,0.411,0.175,0.0855,0.135,8
M,0.57,0.455,0.175,1.02,0.4805,0.2145,0.29,9
I,0.63,0.475,0.145,1.0605,0.5165,0.2195,0.28,10
I,0.425,0.325,0.105,0.3975,0.1815,0.081,0.1175,7
M,0.355,0.265,0.085,0.201,0.069,0.053,0.0695,8
F,0.62,0.51,0.205,1.3475,0.4775,0.2565,0.48,14
I,0.405,0.31,0.095,0.3425,0.1785,0.064,0.0855,8
F,0.625,0.495,0.16,1.234,0.6335,0.192,0.35,13
M,0.28,0.205,0.1,0.1165,0.0545,0.0285,0.03,5
M,0.56,0.42,0.195,0.8085,0.3025,0.1795,0.285,14
I,0.47,0.375,0.105,0.441,0.167,0.0865,0.145,10
M,0.615,0.455,0.13,0.9685,0.49,0.182,0.2655,10
I,0.415,0.325,0.1,0.3335,0.1445,0.0715,0.095,7
M,0.275,0.2,0.08,0.099,0.037,0.024,0.03,5
F,0.475,0.4,0.115,0.541,0.186,0.1025,0.21,13
M,0.525,0.42,0.155,0.842,0.428,0.1415,0.2045,9
F,0.48,0.37,0.13,0.5885,0.2475,0.1505,0.1595,15
F,0.665,0.5,0.175,1.742,0.595,0.3025,0.725,21
I,0.44,0.365,0.115,0.501,0.2435,0.084,0.1465,9
M,0.515,0.405,0.145,0.695,0.215,0.1635,0.234,15
I,0.525,0.4,0.145,0.6095,0.248,0.159,0.175,9
M,0.67,0.515,0.165,1.1735,0.526,0.285,0.316,11
F,0.63,0.5,0.16,1.22,0.4905,0.3,0.345,14
F,0.585,0.455,0.13,0.8755,0.411,0.2065,0.225,8
M,0.58,0.46,0.15,1.0165,0.491,0.221,0.265,9
M,0.63,0.49,0.16,1.09,0.407,0.224,0.354,12
M,0.47,0.37,0.12,0.5795,0.293,0.227,0.14,9
F,0.62,0.5,0.175,1.146,0.477,0.23,0.39,13
F,0.545,0.415,0.15,0.7335,0.2795,0.163,0.2185,11
I,0.16,0.11,0.025,0.0195,0.0075,0.005,0.006,4
I,0.485,0.37,0.1,0.513,0.219,0.1075,0.13,7
M,0.575,0.475,0.16,1.114,0.4955,0.2745,0.29,9
M,0.61,0.5,0.24,1.642,0.532,0.3345,0.69,18
F,0.45,0.36,0.125,0.4995,0.2035,0.1,0.17,13
F,0.46,0.38,0.13,0.639,0.3,0.1525,0.16,11
M,0.51,0.4,0.14,0.6515,0.2455,0.1665,0.185,10
M,0.195,0.145,0.05,0.032,0.01,0.008,0.012,4
M,0.53,0.415,0.14,0.724,0.3105,0.1675,0.205,10
F,0.57,0.42,0.16,0.8875,0.4315,0.1915,0.223,8
F,0.515,0.375,0.11,0.6065,0.3005,0.131,0.15,6
I,0.545,0.375,0.12,0.543,0.2375,0.1155,0.1725,8
M,0.645,0.485,0.15,1.2215,0.5695,0.2735,0.33,9
M,0.5,0.355,0.14,0.528,0.2125,0.149,0.14,9
I,0.53,0.395,0.115,0.475,0.2025,0.101,0.148,8
F,0.635,0.505,0.165,1.251,0.577,0.227,0.3825,11
M,0.575,0.45,0.155,0.886,0.3605,0.211,0.2575,9
M,0.57,0.45,0.14,0.795,0.3385,0.148,0.245,9
I,0.39,0.31,0.085,0.344,0.181,0.0695,0.079,7
M,0.595,0.47,0.145,0.991,0.4035,0.1505,0.34,16
I,0.635,0.5,0.18,1.319,0.5485,0.292,0.49,16
F,0.63,0.495,0.145,1.147,0.5455,0.266,0.2885,9
F,0.71,0.55,0.17,1.614,0.743,0.345,0.45,11
I,0.42,0.325,0.1,0.368,0.1675,0.0625,0.1135,11
M,0.72,0.545,0.195,1.7475,0.8215,0.383,0.4705,11
M,0.675,0.525,0.175,1.402,0.483,0.3205,0.465,16
I,0.45,0.36,0.13,0.478,0.191,0.127,0.137,7
F,0.585,0.45,0.15,0.938,0.467,0.203,0.225,7
I,0.315,0.23,0.07,0.144,0.053,0.0305,0.04,8
I,0.495,0.4,0.145,0.578,0.2545,0.1305,0.1645,8
M,0.585,0.455,0.15,0.906,0.4095,0.23,0.2335,8
I,0.135,0.13,0.04,0.029,0.0125,0.0065,0.008,4
F,0.505,0.38,0.135,0.6855,0.361,0.1565,0.161,9
I,0.335,0.255,0.085,0.1785,0.071,0.0405,0.055,9
M,0.61,0.48,0.14,1.0625,0.516,0.225,0.2915,11
I,0.38,0.275,0.095,0.2425,0.106,0.0485,0.21,6
F,0.525,0.42,0.16,0.756,0.2745,0.173,0.275,9
F,0.665,0.525,0.21,1.644,0.818,0.3395,0.4275,10
F,0.435,0.35,0.11,0.384,0.143,0.1005,0.125,13
M,0.345,0.27,0.095,0.197,0.0665,0.05,0.07,9
F,0.48,0.375,0.105,0.525,0.2185,0.1195,0.155,12
F,0.595,0.5,0.18,1.053,0.4405,0.192,0.39,13
M,0.54,0.405,0.125,0.891,0.4815,0.1915,0.202,9
M,0.56,0.415,0.145,0.852,0.43,0.1885,0.205,8
M,0.645,0.5,0.195,1.401,0.6165,0.3515,0.3725,10
I,0.345,0.255,0.095,0.1945,0.0925,0.037,0.055,6
F,0.58,0.45,0.17,0.9705,0.4615,0.232,0.248,9
M,0.585,0.46,0.145,0.9335,0.478,0.1825,0.235,9
M,0.31,0.245,0.095,0.15,0.0525,0.034,0.048,7
M,0.54,0.415,0.13,0.8245,0.272,0.226,0.24,13
F,0.62,0.51,0.18,1.233,0.592,0.274,0.322,10
F,0.59,0.455,0.15,0.976,0.465,0.2055,0.2765,10
I,0.57,0.435,0.17,0.848,0.4,0.166,0.25,9
M,0.65,0.52,0.17,1.3655,0.6155,0.2885,0.36,11
F,0.57,0.445,0.15,0.995,0.504,0.185,0.2505,9
I,0.54,0.43,0.17,0.836,0.3725,0.1815,0.24,9
I,0.475,0.36,0.125,0.4905,0.205,0.1305,0.125,8
F,0.52,0.41,0.16,0.712,0.2845,0.153,0.225,10
M,0.37,0.28,0.095,0.2225,0.0805,0.051,0.075,7
F,0.63,0.51,0.185,1.235,0.5115,0.349,0.3065,11
I,0.52,0.41,0.12,0.595,0.2385,0.111,0.19,8
F,0.61,0.49,0.17,1.3475,0.7045,0.25,0.3045,11
M,0.5,0.39,0.135,0.6595,0.3145,0.1535,0.1565,6
M,0.68,0.53,0.205,1.496,0.5825,0.337,0.465,14
I,0.64,0.49,0.135,1.1,0.488,0.2505,0.2925,10
F,0.58,0.465,0.145,0.9865,0.47,0.2155,0.25,11
M,0.59,0.5,0.2,1.187,0.412,0.2705,0.37,16
M,0.62,0.495,0.195,1.5145,0.579,0.346,0.5195,15
I,0.46,0.345,0.105,0.449,0.196,0.0945,0.1265,7
M,0.375,0.3,0.1,0.2465,0.104,0.0475,0.083,11
I,0.555,0.425,0.13,0.648,0.2835,0.133,0.2105,8
I,0.37,0.27,0.095,0.232,0.1325,0.041,0.0615,6
F,0.395,0.315,0.105,0.3515,0.1185,0.091,0.1195,16
M,0.355,0.265,0.085,0.201,0.069,0.053,0.0695,8
F,0.47,0.36,0.1,0.4705,0.1635,0.089,0.1385,8
F,0.525,0.415,0.17,0.8325,0.2755,0.1685,0.31,13
M,0.635,0.49,0.16,1.101,0.534,0.1865,0.3455,10
I,0.575,0.435,0.13,0.805,0.3155,0.2155,0.245,10
M,0.735,0.585,0.185,2.124,0.952,0.55,0.5,11
M,0.54,0.405,0.155,0.9715,0.3225,0.194,0.29,19
I,0.375,0.245,0.1,0.394,0.166,0.091,0.1125,6
F,0.61,0.485,0.165,1.087,0.4255,0.232,0.38,11
F,0.58,0.455,0.16,0.9215,0.312,0.196,0.3,17
F,0.52,0.405,0.115,0.776,0.32,0.1845,0.22,8
M,0.77,0.62,0.195,2.5155,1.1155,0.6415,0.642,12
I,0.615,0.475,0.13,0.8425,0.353,0.1915,0.251,8
I,0.525,0.4,0.145,0.6095,0.248,0.159,0.175,9
F,0.585,0.465,0.14,0.908,0.381,0.1615,0.315,13
I,0.37,0.27,0.095,0.232,0.1325,0.041,0.0615,6
M,0.565,0.47,0.195,1.142,0.387,0.258,0.35,17
I,0.625,0.43,0.175,1.411,0.572,0.297,0.395,12
F,0.625,0.515,0.15,1.2415,0.5235,0.3065,0.36,15
F,0.565,0.44,0.15,0.863,0.435,0.149,0.27,9
I,0.53,0.425,0.13,0.7675,0.419,0.1205,0.21,9
M,0.275,0.2,0.08,0.099,0.037,0.024,0.03,5
F,0.62,0.48,0.165,1.043,0.4835,0.221,0.31,10
F,0.635,0.485,0.165,1.2695,0.5635,0.3065,0.3395,11
I,0.37,0.275,0.14,0.2215,0.097,0.0455,0.0615,6
I,0.455,0.345,0.11,0.434,0.207,0.0855,0.1215,8
M,0.44,0.35,0.11,0.4585,0.2,0.0885,0.13,9
M,0.655,0.525,0.18,1.402,0.624,0.2935,0.365,13
M,0.62,0.475,0.185,1.325,0.6045,0.325,0.33,13
M,0.64,0.525,0.2,1.3765,0.44,0.3075,0.47,16
F,0.63,0.48,0.15,1.0525,0.392,0.336,0.285,12
F,0.56,0.435,0.15,0.8715,0.4755,0.1835,0.1835,9
F,0.53,0.455,0.165,0.9805,0.3155,0.2815,0.2965,11
I,0.38,0.3,0.1,0.286,0.1305,0.056,0.09,7
F,0.515,0.425,0.14,0.766,0.304,0.1725,0.255,14
M,0.36,0.27,0.1,0.217,0.0885,0.0495,0.0715,6
M,0.47,0.365,0.12,0.612,0.327,0.15,0.14,8
I,0.385,0.28,0.125,0.244,0.102,0.038,0.085,6
F,0.65,0.5,0.165,1.1445,0.485,0.218,0.365,12
M,0.625,0.485,0.16,1.2135,0.631,0.2235,0.302,9
M,0.575,0.445,0.17,1.0225,0.549,0.2175,0.228,9
M,0.615,0.475,0.205,1.337,0.5995,0.2815,0.37,11
M,0.58,0.44,0.16,0.8295,0.3365,0.2005,0.2485,9
M,0.32,0.245,0.075,0.1555,0.0585,0.038,0.049,11
M,0.41,0.335,0.115,0.4405,0.19,0.085,0.135,8
I,0.35,0.25,0.1,0.4015,0.1725,0.063,0.1255,7
I,0.46,0.355,0.14,0.4935,0.216,0.133,0.115,13
F,0.64,0.475,0.14,1.0725,0.4895,0.2295,0.31,8
F,0.57,0.45,0.15,0.9645,0.531,0.189,0.209,9
F,0.7,0.585,0.185,1.8075,0.7055,0.3215,0.475,29
I,0.605,0.435,0.13,0.9025,0.432,0.174,0.26,11
I,0.215,0.17,0.055,0.0605,0.0205,0.014,0.02,6
F,0.545,0.41,0.115,0.6765,0.29,0.158,0.22,9
I,0.395,0.295,0.1,0.293,0.14,0.062,0.082,7
M,0.64,0.5,0.175,1.273,0.5065,0.2925,0.405,13
M,0.525,0.41,0.13,0.6875,0.3435,0.1495,0.1765,9
M,0.645,0.485,0.155,1.489,0.5915,0.312,0.38,18
F,0.66,0.53,0.18,1.5175,0.7765,0.302,0.401,10
F,0.595,0.455,0.155,1.0605,0.5135,0.2165,0.3,12
I,0.365,0.27,0.085,0.196,0.0825,0.0375,0.06,7
I,0.58,0.42,0.14,0.701,0.3285,0.102,0.2255,9
M,0.235,0.16,0.06,0.0545,0.0265,0.0095,0.015,4
F,0.505,0.39,0.13,0.674,0.3165,0.141,0.1785,9
F,0.625,0.485,0.175,1.362,0.6765,0.2615,0.3705,10
M,0.635,0.51,0.17,1.3555,0.619,0.305,0.39,9
M,0.5,0.39,0.145,0.651,0.273,0.132,0.22,11
M,0.59,0.475,0.16,0.9455,0.3815,0.184,0.27,19
I,0.525,0.385,0.13,0.607,0.2355,0.125,0.195,8
F,0.62,0.51,0.18,1.233,0.592,0.274,0.322,10
F,0.695,0.525,0.205,1.8185,0.819,0.4025,0.4525,13
M,0.6,0.48,0.09,1.05,0.457,0.2685,0.28,8
I,0.425,0.325,0.11,0.317,0.135,0.048,0.09,8
M,0.67,0.52,0.165,1.39,0.711,0.2865,0.3,11
F,0.67,0.545,0.16,1.5415,0.5985,0.2565,0.495,15
I,0.455,0.37,0.11,0.514,0.2385,0.1235,0.126,8
I,0.54,0.425,0.14,0.742,0.32,0.1395,0.25,9
M,0.63,0.48,0.145,1.0115,0.4235,0.237,0.305,12
I,0.265,0.21,0.06,0.0965,0.0425,0.022,0.03,5
I,0.34,0.25,0.09,0.179,0.0775,0.033,0.055,6
I,0.45,0.36,0.125,0.45,0.191,0.0865,0.145,12
I,0.39,0.3,0.09,0.252,0.1065,0.053,0.08,7
F,0.525,0.39,0.135,0.6005,0.2265,0.131,0.21,16
I,0.31,0.23,0.07,0.1245,0.0505,0.0265,0.038,6
I,0.46,0.34,0.1,0.386,0.1805,0.0875,0.0965,8
F,0.655,0.51,0.16,1.092,0.396,0.2825,0.37,14
F,0.55,0.41,0.145,0.8285,0.3095,0.1905,0.25,13
F,0.62,0.51,0.18,1.3315,0.594,0.276,0.388,11
F,0.46,0.36,0.115,0.4755,0.2105,0.105,0.16,8
I,0.415,0.31,0.095,0.34,0.181,0.057,0.083,6
M,0.615,0.495,0.2,1.219,0.564,0.227,0.3885,10
I,0.62,0.485,0.18,1.1785,0.4675,0.2655,0.39,13
F,0.415,0.325,0.105,0.38,0.1595,0.0785,0.12,12
M,0.635,0.495,0.17,1.3695,0.657,0.3055,0.365,10
M,0.505,0.385,0.11,0.655,0.3185,0.15,0.185,9
F,0.535,0.415,0.185,0.8415,0.314,0.1585,0.3,15
F,0.525,0.4,0.135,0.714,0.318,0.138,0.208,10
I,0.47,0.355,0.145,0.4485,0.156,0.102,0.123,7
F,0.615,0.475,0.175,1.194,0.559,0.259,0.3165,11
I,0.495,0.38,0.135,0.5095,0.2065,0.1165,0.165,8
I,0.38,0.275,0.095,0.2505,0.0945,0.0655,0.075,6
I,0.51,0.385,0.145,0.7665,0.3985,0.14,0.1805,8
I,0.475,0.365,0.125,0.5465,0.229,0.1185,0.172,9
F,0.69,0.58,0.195,1.658,0.708,0.3615,0.4715,10
M,0.63,0.49,0.165,1.2005,0.575,0.273,0.294,10
F,0.585,0.455,0.165,0.998,0.345,0.2495,0.315,12
M,0.735,0.585,0.185,2.124,0.952,0.55,0.5,11
I,0.635,0.5,0.165,1.489,0.715,0.3445,0.3615,13
F,0.625,0.49,0.165,1.127,0.477,0.2365,0.3185,9
M,0.565,0.455,0.155,0.9355,0.421,0.183,0.26,11
I,0.375,0.28,0.08,0.226,0.105,0.047,0.065,6
M,0.255,0.195,0.065,0.08,0.0315,0.018,0.027,8
M,0.575,0.45,0.165,0.9215,0.3275,0.225,0.256,12
I,0.48,0.37,0.125,0.474,0.179,0.1035,0.175,9
I,0.44,0.365,0.11,0.4465,0.213,0.089,0.1135,9
M,0.36,0.27,0.09,0.2225,0.083,0.053,0.075,6
I,0.235,0.17,0.065,0.0625,0.023,0.014,0.022,6
I,0.37,0.285,0.095,0.226,0.1135,0.0515,0.0675,8
F,0.53,0.41,0.13,0.6965,0.302,0.1935,0.2,10
M,0.59,0.46,0.145,0.929,0.38,0.24,0.255,10
F,0.585,0.45,0.145,0.9835,0.4845,0.242,0.22,9
I,0.165,0.12,0.03,0.0215,0.007,0.005,0.005,3
I,0.48,0.35,0.1,0.519,0.2365,0.1275,0.126,7
M,0.72,0.545,0.195,1.7475,0.8215,0.383,0.4705,11
I,0.405,0.3,0.09,0.269,0.103,0.067,0.11,6
F,0.44,0.355,0.115,0.415,0.1585,0.0925,0.131,11
I,0.34,0.26,0.09,0.179,0.076,0.0525,0.055,6
I,0.55,0.465,0.15,0.936,0.481,0.174,0.2435,9
I,0.44,0.365,0.11,0.4465,0.213,0.089,0.1135,9
I,0.315,0.23,0.09,0.1285,0.043,0.04,0.04,7
M,0.63,0.515,0.16,1.016,0.4215,0.244,0.355,19
M,0.565,0.465,0.15,1.1285,0.377,0.3525,0.33,16
I,0.495,0.385,0.125,0.585,0.2755,0.1235,0.165,8
I,0.335,0.25,0.095,0.185,0.0795,0.0495,0.055,8
F,0.53,0.42,0.13,1.001,0.34,0.226,0.265,17
I,0.52,0.415,0.16,0.595,0.2105,0.142,0.26,15
F,0.58,0.44,0.175,1.073,0.4005,0.2345,0.335,19
F,0.605,0.485,0.16,1.201,0.417,0.2875,0.38,9
F,0.68,0.55,0.2,1.596,0.525,0.4075,0.585,21
M,0.63,0.49,0.155,1.229,0.535,0.29,0.335,11
I,0.45,0.35,0.13,0.547,0.245,0.1405,0.1405,8
I,0.475,0.36,0.145,0.6325,0.2825,0.137,0.19,8
I,0.23,0.18,0.05,0.064,0.0215,0.0135,0.02,5
F,0.63,0.5,0.185,1.383,0.54,0.3315,0.38,10
M,0.59,0.49,0.135,1.008,0.422,0.2245,0.285,11
F,0.61,0.485,0.21,1.3445,0.535,0.2205,0.515,20
M,0.645,0.51,0.16,1.1835,0.556,0.2385,0.345,11
I,0.53,0.42,0.12,0.5965,0.2555,0.141,0.177,7
I,0.35,0.25,0.075,0.1695,0.0835,0.0355,0.041,6
M,0.635,0.51,0.185,1.308,0.544,0.318,0.377,8
I,0.505,0.405,0.13,0.599,0.2245,0.1175,0.225,11
F,0.545,0.405,0.175,0.98,0.2585,0.207,0.38,18
F,0.43,0.335,0.12,0.444,0.155,0.1145,0.14,13
I,0.33,0.23,0.085,0.1695,0.079,0.026,0.0505,6
I,0.43,0.34,0.125,0.384,0.1375,0.061,0.146,14
F,0.64,0.5,0.175,1.394,0.4935,0.291,0.4,10
I,0.385,0.305,0.095,0.252,0.0915,0.055,0.09,14
M,0.62,0.485,0.205,1.219,0.3875,0.2505,0.385,14
F,0.66,0.53,0.17,1.326,0.519,0.2625,0.44,13
F,0.4,0.32,0.11,0.353,0.1405,0.0985,0.1,8
I,0.275,0.215,0.075,0.1155,0.0485,0.029,0.035,7
M,0.625,0.48,0.185,1.2065,0.587,0.29,0.286,8
F,0.635,0.505,0.165,1.251,0.577,0.227,0.3825,11
I,0.36,0.27,0.085,0.196,0.0905,0.034,0.053,7
M,0.495,0.4,0.155,0.8085,0.2345,0.1155,0.35,6
F,0.525,0.42,0.16,0.756,0.2745,0.173,0.275,9
I,0.4,0.29,0.1,0.2675,0.1205,0.0605,0.0765,5
I,0.585,0.46,0.145,0.8465,0.339,0.167,0.295,10
M,0.615,0.495,0.2,1.219,0.564,0.227,0.3885,10
I,0.59,0.47,0.145,0.974,0.453,0.236,0.289,8
F,0.485,0.37,0.115,0.4785,0.1995,0.0955,0.129,7
F,0.55,0.43,0.14,0.8105,0.368,0.161,0.275,9
F,0.615,0.495,0.16,1.255,0.5815,0.3195,0.3225,12
M,0.59,0.47,0.16,1.206,0.479,0.2425,0.309,8
I,0.575,0.445,0.16,0.9175,0.45,0.1935,0.24,9
F,0.465,0.35,0.13,0.494,0.1945,0.103,0.155,18
F,0.445,0.335,0.11,0.4355,0.2025,0.1095,0.1195,6
F,0.605,0.475,0.175,1.076,0.463,0.2195,0.335,9
I,0.575,0.455,0.155,0.8725,0.349,0.2095,0.285,8
M,0.545,0.45,0.16,0.8615,0.2925,0.1545,0.365,16
F,0.575,0.465,0.14,0.958,0.442,0.1815,0.2705,9
I,0.45,0.35,0.125,0.4775,0.2235,0.089,0.118,6
F,0.44,0.34,0.13,0.4195,0.153,0.1155,0.13,10
M,0.385,0.285,0.105,0.2905,0.1215,0.0685,0.0875,12
M,0.56,0.425,0.135,0.9415,0.509,0.2015,0.1975,9
F,0.39,0.29,0.125,0.3055,0.121,0.082,0.09,7
I,0.55,0.435,0.14,0.7535,0.3285,0.1555,0.2325,10
M,0.48,0.375,0.145,0.777,0.216,0.13,0.17,9
M,0.615,0.48,0.18,1.1595,0.4845,0.2165,0.325,13
M,0.565,0.44,0.175,0.9025,0.31,0.193,0.325,14
F,0.65,0.475,0.165,1.3875,0.58,0.3485,0.3095,9
I,0.65,0.525,0.18,1.626,0.597,0.3445,0.53,18
I,0.23,0.18,0.05,0.064,0.0215,0.0135,0.02,5
F,0.68,0.515,0.175,1.6185,0.5125,0.409,0.62,12
M,0.61,0.46,0.16,1.0,0.494,0.197,0.275,10
F,0.475,0.375,0.15,0.559,0.1955,0.1215,0.1945,12
F,0.65,0.515,0.215,1.498,0.564,0.323,0.425,16
I,0.53,0.415,0.13,0.694,0.3905,0.111,0.167,9
M,0.5,0.4,0.125,0.6725,0.336,0.12,0.1825,7
I,0.45,0.345,0.135,0.443,0.1975,0.0875,0.1175,14
M,0.67,0.525,0.165,1.6085,0.682,0.3145,0.4005,11
I,0.45,0.355,0.12,0.412,0.1145,0.0665,0.16,19
M,0.45,0.35,0.13,0.46,0.174,0.111,0.135,8
F,0.72,0.58,0.195,2.103,1.0265,0.48,0.5375,10
F,0.515,0.4,0.125,0.615,0.2865,0.123,0.1765,8
M,0.735,0.57,0.21,2.2355,1.1705,0.463,0.5315,10
F,0.645,0.49,0.215,1.406,0.4265,0.2285,0.51,25
M,0.535,0.42,0.165,0.9195,0.3355,0.1985,0.26,16
I,0.59,0.47,0.145,0.974,0.453,0.236,0.289,8
I,0.465,0.355,0.11,0.474,0.23,0.1005,0.12,7
I,0.35,0.26,0.095,0.211,0.086,0.056,0.068,7
M,0.65,0.485,0.14,1.175,0.475,0.2435,0.215,8
M,0.705,0.56,0.165,1.675,0.797,0.4095,0.388,10
M,0.565,0.45,0.16,0.895,0.415,0.195,0.246,9
F,0.575,0.435,0.155,0.8975,0.4115,0.2325,0.23,9
M,0.66,0.5,0.165,1.3195,0.667,0.269,0.341,9
M,0.675,0.525,0.16,1.2835,0.572,0.2755,0.3545,13
I,0.41,0.305,0.1,0.2645,0.1,0.0655,0.085,7
M,0.465,0.36,0.115,0.5795,0.295,0.1395,0.12,7
F,0.58,0.45,0.195,0.8265,0.4035,0.173,0.225,9
F,0.45,0.35,0.125,0.4435,0.185,0.09,0.145,11
F,0.5,0.38,0.155,0.655,0.2405,0.143,0.205,17
F,0.71,0.565,0.195,1.817,0.785,0.492,0.49,11
M,0.515,0.385,0.13,0.623,0.2855,0.1285,0.175,10
F,0.53,0.425,0.15,0.8495,0.328,0.232,0.202,8
F,0.535,0.45,0.135,0.8075,0.322,0.181,0.25,13
I,0.4,0.32,0.095,0.348,0.194,0.053,0.087,6
F,0.47,0.35,0.115,0.487,0.1955,0.127,0.155,8
F,0.435,0.335,0.11,0.38,0.1695,0.086,0.11,9
I,0.355,0.28,0.11,0.2235,0.0815,0.0525,0.08,7
I,0.46,0.34,0.1,0.386,0.1805,0.0875,0.0965,8
F,0.585,0.47,0.17,1.099,0.3975,0.2325,0.358,20
F,0.595,0.475,0.17,1.247,0.48,0.225,0.425,20
I,0.47,0.345,0.12,0.3685,0.1525,0.0615,0.125,8
M,0.56,0.42,0.195,0.8085,0.3025,0.1795,0.285,14
I,0.47,0.35,0.125,0.4315,0.19,0.1165,0.1175,6
F,0.545,0.43,0.16,0.844,0.3945,0.1855,0.231,9
I,0.44,0.325,0.11,0.4965,0.258,0.1195,0.1075,8
I,0.595,0.47,0.135,0.9365,0.434,0.184,0.287,10
I,0.435,0.345,0.115,0.418,0.222,0.0735,0.106,7
I,0.28,0.215,0.08,0.132,0.072,0.022,0.033,5
M,0.495,0.385,0.135,0.709,0.211,0.1375,0.262,12
F,0.67,0.54,0.195,1.619,0.74,0.3305,0.465,11
F,0.61,0.47,0.16,1.017,0.426,0.2255,0.32,12
I,0.44,0.365,0.115,0.501,0.2435,0.084,0.1465,9
M,0.47,0.39,0.15,0.6355,0.2185,0.0885,0.255,9
I,0.3,0.215,0.05,0.1185,0.048,0.0225,0.042,4
M,0.56,0.45,0.155,0.9125,0.3595,0.271,0.35,10
M,0.6,0.46,0.17,1.1805,0.456,0.337,0.329,11
M,0.57,0.44,0.175,0.9415,0.3805,0.2285,0.283,9
I,0.4,0.29,0.1,0.2675,0.1205,0.0605,0.0765,5
M,0.69,0.54,0.185,1.6195,0.533,0.353,0.555,24
M,0.67,0.54,0.175,1.482,0.739,0.2925,0.365,10
I,0.485,0.355,0.12,0.5085,0.21,0.122,0.135,9
M,0.49,0.465,0.125,0.5225,0.235,0.13,0.141,7
F,0.45,0.35,0.135,0.56,0.231,0.137,0.145,13
F,0.64,0.505,0.19,1.2355,0.4435,0.3105,0.365,14
M,0.56,0.46,0.235,0.8395,0.3325,0.157,0.305,12
I,0.405,0.29,0.09,0.2825,0.112,0.075,0.0815,7
F,0.49,0.38,0.13,0.539,0.229,0.1355,0.165,12
M,0.715,0.565,0.175,1.9525,0.7645,0.4185,0.4135,10
I,0.365,0.275,0.135,0.24,0.108,0.0445,0.0735,7
F,0.675,0.51,0.15,1.1965,0.475,0.304,0.386,11
M,0.55,0.45,0.17,0.81,0.317,0.157,0.22,11
F,0.625,0.49,0.2,1.3825,0.5895,0.285,0.381,11
M,0.615,0.485,0.215,0.9615,0.422,0.176,0.29,11
I,0.425,0.34,0.1,0.371,0.15,0.0865,0.115,8
F,0.375,0.29,0.115,0.2705,0.093,0.066,0.0885,10
I,0.46,0.36,0.1,0.4635,0.2325,0.093,0.115,7
M,0.485,0.39,0.085,0.6435,0.2945,0.103,0.198,8
M,0.55,0.435,0.145,0.843,0.328,0.1915,0.255,15
F,0.7,0.575,0.17,1.31,0.5095,0.314,0.42,14
F,0.485,0.375,0.135,0.556,0.1925,0.1315,0.1685,10
F,0.445,0.335,0.14,0.4565,0.1785,0.114,0.14,11
M,0.595,0.49,0.185,1.185,0.482,0.2015,0.361,10
M,0.455,0.355,0.135,0.4745,0.1865,0.0935,0.168,13
I,0.575,0.455,0.18,0.8525,0.3015,0.1825,0.3,13
M,0.335,0.255,0.075,0.1635,0.0615,0.0345,0.057,8
I,0.525,0.39,0.12,0.664,0.3115,0.147,0.178,9
M,0.525,0.4,0.13,0.622,0.2655,0.147,0.184,9
F,0.45,0.345,0.12,0.4165,0.1655,0.095,0.135,9
F,0.54,0.44,0.135,0.959,0.2385,0.221,0.3,17
F,0.615,0.46,0.15,1.0265,0.4935,0.201,0.2745,10
F,0.65,0.5,0.185,1.4415,0.741,0.2955,0.341,9
F,0.38,0.305,0.095,0.2815,0.1255,0.0525,0.09,8
F,0.595,0.485,0.145,1.2515,0.5035,0.2925,0.33,14
F,0.655,0.505,0.175,1.2905,0.6205,0.2965,0.326,10
F,0.435,0.35,0.12,0.4585,0.192,0.1,0.13,11
I,0.46,0.335,0.11,0.444,0.225,0.0745,0.11,8
I,0.465,0.37,0.115,0.534,0.261,0.098,0.143,7
F,0.575,0.465,0.195,0.9965,0.417,0.247,0.47,8
I,0.41,0.335,0.11,0.33,0.157,0.0705,0.17,7
M,0.6,0.49,0.21,1.9875,1.005,0.419,0.491,10
F,0.655,0.455,0.17,1.2895,0.587,0.3165,0.3415,11
I,0.495,0.39,0.125,0.6655,0.284,0.162,0.2,11
I,0.515,0.4,0.14,0.7165,0.3495,0.1595,0.1785,8
M,0.525,0.4,0.155,0.707,0.282,0.1605,0.225,9
I,0.225,0.17,0.05,0.0515,0.019,0.012,0.017,4
F,0.455,0.35,0.12,0.4555,0.1945,0.1045,0.1375,7
F,0.665,0.555,0.195,1.4385,0.581,0.354,0.36,17
M,0.71,0.565,0.205,2.198,1.012,0.5225,0.5475,11
I,0.27,0.2,0.07,0.1,0.034,0.0245,0.035,5
M,0.6,0.475,0.175,1.11,0.5105,0.256,0.285,9
M,0.46,0.375,0.135,0.4935,0.186,0.0845,0.17,12
F,0.58,0.44,0.18,0.854,0.3665,0.1635,0.245,12
I,0.46,0.365,0.11,0.4495,0.1755,0.102,0.15,8
M,0.385,0.3,0.095,0.24,0.0885,0.059,0.085,9
I,0.435,0.33,0.11,0.38,0.1515,0.0945,0.11,7
F,0.55,0.45,0.145,0.741,0.295,0.1435,0.2665,10
F,0.66,0.53,0.185,1.3485,0.493,0.245,0.49,12
M,0.735,0.585,0.185,2.124,0.952,0.55,0.5,11
M,0.39,0.28,0.125,0.564,0.3035,0.0955,0.143,7
I,0.37,0.28,0.095,0.2865,0.1505,0.069,0.0795,7
F,0.53,0.425,0.13,0.717,0.2115,0.166,0.255,13
I,0.31,0.225,0.05,0.1445,0.0675,0.0385,0.045,6
M,0.58,0.44,0.175,1.2255,0.5405,0.2705,0.3265,10
F,0.66,0.515,0.18,1.523,0.54,0.3365,0.555,16
M,0.72,0.565,0.2,2.1055,1.017,0.363,0.494,12
F,0.565,0.45,0.16,0.795,0.3605,0.1555,0.23,12
M,0.46,0.345,0.12,0.4935,0.2435,0.1175,0.132,8
I,0.395,0.295,0.1,0.293,0.14,0.062,0.082,7
F,0.51,0.4,0.13,0.5735,0.219,0.1365,0.195,13
F,0.415,0.325,0.105,0.38,0.1595,0.0785,0.12,12
M,0.5,0.405,0.14,0.6155,0.241,0.1355,0.205,9
I,0.33,0.23,0.08,0.14,0.0565,0.0365,0.046,7
I,0.32,0.215,0.095,0.305,0.14,0.067,0.0885,6
M,0.7,0.565,0.18,1.751,0.895,0.3355,0.446,9
F,0.7,0.555,0.22,1.666,0.647,0.4285,0.455,11
F,0.655,0.515,0.2,1.494,0.7255,0.309,0.405,12
M,0.54,0.425,0.12,0.817,0.2945,0.153,0.195,10
M,0.665,0.515,0.19,1.6385,0.831,0.3575,0.371,11
F,0.62,0.5,0.175,1.107,0.4895,0.24,0.343,11
I,0.525,0.405,0.15,0.795,0.3075,0.205,0.255,14
I,0.505,0.405,0.13,0.6015,0.3015,0.11,0.18,8
F,0.47,0.36,0.1,0.4705,0.1635,0.089,0.1385,8
F,0.47,0.375,0.12,0.6015,0.2765,0.1455,0.135,8
I,0.525,0.375,0.12,0.6315,0.3045,0.114,0.19,9
M,0.26,0.19,0.075,0.0945,0.0445,0.02,0.03,6
F,0.455,0.365,0.11,0.385,0.166,0.046,0.1345,13
M,0.67,0.525,0.17,1.4005,0.715,0.3025,0.387,9
I,0.5,0.365,0.125,0.528,0.229,0.103,0.1645,9
M,0.675,0.555,0.2,1.4385,0.545,0.2665,0.465,21
F,0.705,0.535,0.22,1.866,0.929,0.3835,0.4395,10
I,0.61,0.48,0.165,1.097,0.4215,0.264,0.335,13
I,0.61,0.46,0.17,1.278,0.41,0.257,0.37,17
I,0.43,0.32,0.11,0.3675,0.1675,0.102,0.105,8
M,0.61,0.5,0.24,1.642,0.532,0.3345,0.69,18
M,0.48,0.37,0.13,0.643,0.349,0.1155,0.135,8
I,0.44,0.305,0.115,0.379,0.162,0.091,0.11,9
M,0.375,0.28,0.095,0.2225,0.0875,0.043,0.08,10
F,0.62,0.485,0.175,1.2155,0.545,0.253,0.345,10
I,0.45,0.335,0.105,0.362,0.1575,0.0795,0.1095,7
I,0.535,0.415,0.15,0.5765,0.3595,0.135,0.225,8
M,0.645,0.51,0.19,1.4745,0.605,0.345,0.48,9
F,0.56,0.445,0.18,0.903,0.3575,0.2045,0.295,9
M,0.55,0.45,0.175,1.0985,0.3765,0.215,0.4,14
M,0.62,0.49,0.155,1.1,0.505,0.2475,0.31,9
F,0.565,0.445,0.125,0.8305,0.3135,0.1785,0.23,11
I,0.375,0.28,0.08,0.2025,0.0825,0.048,0.065,8
I,0.395,0.29,0.095,0.304,0.127,0.084,0.077,6
I,0.535,0.415,0.15,0.5765,0.3595,0.135,0.225,8
F,0.58,0.46,0.15,1.1155,0.5575,0.2255,0.29,7
I,0.31,0.235,0.09,0.127,0.048,0.031,0.04,6
F,0.51,0.34,0.18,0.7005,0.312,0.165,0.2,11
M,0.475,0.375,0.125,0.593,0.277,0.115,0.18,10
F,0.465,0.35,0.135,0.6265,0.259,0.1445,0.175,8
I,0.375,0.285,0.1,0.239,0.105,0.0555,0.07,8
M,0.57,0.44,0.155,1.116,0.4775,0.2315,0.27,13
F,0.64,0.48,0.145,1.1145,0.508,0.24,0.34,10
I,0.485,0.38,0.12,0.4725,0.2075,0.1075,0.147,6
M,0.6,0.465,0.155,1.0165,0.512,0.2465,0.225,10
F,0.405,0.31,0.12,0.3095,0.138,0.058,0.095,13
M,0.675,0.515,0.145,1.265,0.6025,0.299,0.325,10
F,0.47,0.36,0.1,0.4705,0.1635,0.089,0.1385,8
F,0.645,0.49,0.19,1.3065,0.479,0.3565,0.345,18
M,0.63,0.495,0.175,1.2695,0.605,0.271,0.328,11
F,0.635,0.485,0.19,1.3765,0.634,0.2885,0.406,11
M,0.295,0.23,0.085,0.125,0.042,0.0285,0.043,8
I,0.54,0.415,0.11,0.619,0.2755,0.15,0.1765,10
I,0.45,0.33,0.11,0.3685,0.16,0.0885,0.102,6
F,0.645,0.5,0.18,1.2785,0.5345,0.2995,0.345,13
I,0.28,0.12,0.075,0.117,0.0455,0.029,0.0345,4
M,0.63,0.47,0.145,1.1005,0.52,0.26,0.276,9
M,0.51,0.415,0.14,0.8185,0.3025,0.2155,0.235,16
F,0.635,0.5,0.18,1.312,0.529,0.2485,0.485,18
F,0.635,0.5,0.165,1.4595,0.705,0.2645,0.39,9
I,0.58,0.445,0.17,1.178,0.3935,0.2165,0.315,20
F,0.41,0.32,0.115,0.387,0.165,0.1005,0.0985,11
I,0.435,0.335,0.1,0.3245,0.135,0.0785,0.098,7
M,0.675,0.52,0.145,1.3645,0.557,0.3405,0.385,11
I,0.445,0.345,0.105,0.409,0.1675,0.1015,0.117,7
M,0.53,0.42,0.165,0.8945,0.319,0.239,0.245,11
F,0.625,0.52,0.18,1.354,0.4845,0.351,0.375,11
I,0.545,0.435,0.135,0.7715,0.372,0.148,0.227,8
F,0.735,0.6,0.22,2.555,1.1335,0.44,0.6,11
M,0.6,0.485,0.175,1.2675,0.4995,0.2815,0.38,13
F,0.37,0.295,0.1,0.2685,0.1165,0.056,0.0835,7
I,0.215,0.155,0.06,0.0525,0.021,0.0165,0.015,5
F,0.55,0.465,0.18,1.2125,0.3245,0.205,0.525,27
M,0.76,0.605,0.215,2.173,0.801,0.4915,0.646,13
F,0.545,0.445,0.175,0.8525,0.3465,0.189,0.295,13
M,0.535,0.435,0.155,0.8915,0.3415,0.177,0.25,13
I,0.515,0.4,0.14,0.7165,0.3495,0.1595,0.1785,8
F,0.385,0.305,0.105,0.3315,0.1365,0.0745,0.1,7
F,0.595,0.465,0.145,0.7955,0.3425,0.1795,0.2425,10
M,0.56,0.445,0.16,0.8965,0.42,0.2175,0.2215,8
I,0.5,0.38,0.11,0.494,0.218,0.09,0.1325,7
M,0.46,0.345,0.12,0.4935,0.2435,0.1175,0.132,8
F,0.5,0.385,0.105,0.498,0.1795,0.1095,0.17,17
I,0.44,0.33,0.135,0.522,0.17,0.0905,0.195,16
I,0.215,0.155,0.06,0.0525,0.021,0.0165,0.015,5
M,0.495,0.4,0.135,0.61,0.272,0.1435,0.144,7
I,0.605,0.47,0.145,0.8025,0.379,0.2265,0.22,9
I,0.4,0.31,0.1,0.127,0.106,0.071,0.085,7
M,0.27,0.195,0.08,0.1,0.0385,0.0195,0.03,6
M,0.575,0.44,0.145,0.87,0.3945,0.2195,0.225,8
M,0.355,0.29,0.09,0.3275,0.134,0.086,0.09,9
I,0.28,0.215,0.08,0.132,0.072,0.022,0.033,5
F,0.655,0.455,0.17,1.275,0.583,0.303,0.333,8
I,0.205,0.14,0.05,0.046,0.0165,0.012,0.0135,6
M,0.31,0.22,0.085,0.146,0.061,0.0365,0.045,6
I,0.445,0.31,0.09,0.336,0.1555,0.09,0.0855,7
M,0.555,0.45,0.175,0.874,0.3275,0.202,0.305,10
M,0.6,0.45,0.145,0.877,0.4325,0.155,0.24,9
I,0.335,0.25,0.075,0.1825,0.0705,0.044,0.055,7
M,0.59,0.475,0.14,0.977,0.4625,0.2025,0.275,10
M,0.72,0.56,0.18,1.5865,0.691,0.375,0.4425,11
F,0.57,0.44,0.19,1.018,0.447,0.207,0.265,9
I,0.485,0.375,0.11,0.464,0.2015,0.09,0.149,8
F,0.505,0.41,0.135,0.657,0.291,0.133,0.195,15
I,0.525,0.4,0.145,0.6095,0.248,0.159,0.175,9
F,0.64,0.515,0.205,1.5335,0.6635,0.3345,0.4025,9
M,0.645,0.5,0.175,1.286,0.5645,0.288,0.386,12
M,0.615,0.48,0.18,1.1595,0.4845,0.2165,0.325,13
I,0.47,0.4,0.16,0.51,0.1615,0.073,0.198,14
I,0.24,0.18,0.055,0.0555,0.0235,0.013,0.018,4
I,0.4,0.32,0.095,0.348,0.194,0.053,0.087,6
I,0.475,0.375,0.11,0.456,0.182,0.099,0.16,9
M,0.46,0.365,0.125,0.467,0.1895,0.0945,0.158,10
I,0.43,0.32,0.11,0.3675,0.1675,0.102,0.105,8
M,0.71,0.56,0.175,1.724,0.566,0.4575,0.4625,13
F,0.66,0.535,0.205,1.4415,0.5925,0.2775,0.49,10
M,0.66,0.525,0.2,1.489,0.6065,0.3795,0.421,10
M,0.64,0.505,0.155,1.4025,0.705,0.2655,0.335,10
F,0.69,0.545,0.205,1.933,0.7855,0.429,0.498,13
I,0.475,0.335,0.1,0.4425,0.1895,0.086,0.135,9
F,0.49,0.385,0.125,0.5395,0.2175,0.128,0.165,11
M,0.545,0.41,0.14,0.625,0.223,0.16,0.235,13
F,0.645,0.535,0.19,1.2395,0.468,0.2385,0.424,10
M,0.67,0.525,0.195,1.4405,0.6595,0.2675,0.425,9
I,0.375,0.27,0.085,0.218,0.0945,0.039,0.07,7
I,0.355,0.28,0.085,0.2905,0.095,0.0395,0.115,7
M,0.745,0.565,0.215,1.931,0.896,0.4585,0.5,11
F,0.55,0.415,0.18,1.1655,0.502,0.301,0.311,9
I,0.56,0.425,0.135,0.8205,0.3715,0.185,0.236,9
M,0.66,0.545,0.185,1.32,0.5305,0.2635,0.455,16
I,0.355,0.27,0.1,0.2255,0.11,0.042,0.064,7
M,0.665,0.5,0.175,1.2975,0.6075,0.314,0.315,9
F,0.52,0.415,0.145,0.8045,0.3325,0.1725,0.285,10
F,0.49,0.38,0.13,0.539,0.229,0.1355,0.165,12
I,0.59,0.475,0.145,0.9745,0.4675,0.207,0.259,10
I,0.405,0.3,0.105,0.304,0.1455,0.061,0.0805,6
I,0.48,0.37,0.125,0.5435,0.244,0.101,0.165,9
M,0.545,0.45,0.15,0.978,0.3365,0.1905,0.3,11
M,0.515,0.4,0.14,0.7365,0.2955,0.184,0.185,16
F,0.59,0.46,0.16,1.0115,0.445,0.2615,0.2565,8
F,0.5,0.39,0.13,0.6355,0.2505,0.1635,0.195,15
M,0.5,0.38,0.135,0.5835,0.2295,0.1265,0.18,12
M,0.63,0.47,0.15,1.1355,0.539,0.2325,0.3115,12
M,0.505,0.39,0.115,0.5585,0.2575,0.119,0.1535,8
I,0.345,0.275,0.095,0.1995,0.0755,0.0535,0.07,6
M,0.65,0.51,0.155,1.407,0.7215,0.298,0.335,9
F,0.67,0.52,0.15,1.406,0.519,0.348,0.37,13
M,0.575,0.45,0.16,0.955,0.44,0.1685,0.27,16
I,0.555,0.435,0.14,0.765,0.3945,0.15,0.206,8
F,0.52,0.425,0.15,0.813,0.385,0.2015,0.23,10
F,0.615,0.475,0.155,1.027,0.447,0.25,0.285,9
F,0.53,0.42,0.14,0.627,0.2905,0.1165,0.183,8
I,0.235,0.175,0.065,0.0615,0.0205,0.02,0.019,6
M,0.5,0.4,0.13,0.6645,0.258,0.133,0.24,12
I,0.35,0.27,0.075,0.215,0.1,0.036,0.065,6
F,0.54,0.44,0.16,1.0905,0.391,0.2295,0.355,15
I,0.55,0.425,0.155,0.8725,0.412,0.187,0.2425,10
I,0.24,0.175,0.045,0.07,0.0315,0.0235,0.02,5
M,0.61,0.48,0.185,1.3065,0.6895,0.2915,0.29,10
M,0.56,0.45,0.145,0.9355,0.425,0.1645,0.2725,11
M,0.645,0.505,0.15,1.1605,0.519,0.2615,0.335,10
M,0.5,0.375,0.145,0.6215,0.274,0.166,0.1485,7
I,0.28,0.21,0.065,0.111,0.0425,0.0285,0.03,6
M,0.65,0.525,0.19,1.3685,0.5975,0.296,0.4,11
M,0.615,0.47,0.175,1.242,0.5675,0.287,0.317,11
M,0.68,0.54,0.21,1.7885,0.8345,0.408,0.437,13
M,0.645,0.51,0.16,1.1835,0.556,0.2385,0.345,11
F,0.67,0.545,0.16,1.5415,0.5985,0.2565,0.495,15
I,0.5,0.385,0.12,0.516,0.197,0.1305,0.165,8
I,0.57,0.445,0.145,0.7405,0.306,0.172,0.1825,12
I,0.41,0.325,0.105,0.361,0.1605,0.0665,0.103,8
M,0.5,0.38,0.125,0.577,0.269,0.1265,0.1535,9
F,0.57,0.455,0.165,1.0595,0.44,0.2195,0.285,14
M,0.415,0.315,0.125,0.388,0.068,0.09,0.125,12
M,0.72,0.6,0.235,2.2385,0.984,0.411,0.621,12
F,0.675,0.535,0.16,1.41,0.592,0.3175,0.42,16
M,0.58,0.45,0.155,0.8275,0.321,0.1975,0.2445,8
F,0.555,0.43,0.135,0.812,0.4055,0.163,0.2215,9
F,0.685,0.535,0.175,1.5845,0.7175,0.3775,0.4215,9
F,0.69,0.54,0.195,1.2525,0.73,0.3975,0.462,12
I,0.485,0.345,0.16,0.869,0.3085,0.185,0.319,9
F,0.655,0.52,0.175,1.472,0.6275,0.27,0.45,13
M,0.56,0.465,0.145,0.8875,0.3345,0.22,0.2695,9
I,0.41,0.31,0.09,0.339,0.155,0.0695,0.09,7
M,0.73,0.585,0.225,2.2305,1.2395,0.422,0.563,14
I,0.41,0.315,0.1,0.3,0.124,0.0575,0.1,8
F,0.5,0.37,0.135,0.45,0.1715,0.1055,0.155,9
M,0.46,0.355,0.11,0.415,0.215,0.082,0.13,12
I,0.5,0.37,0.12,0.5445,0.249,0.1065,0.152,8
F,0.66,0.525,0.18,1.5965,0.7765,0.397,0.3605,10
I,0.525,0.4,0.14,0.6055,0.2605,0.108,0.21,9
F,0.685,0.565,0.175,1.638,0.7775,0.375,0.438,11
F,0.62,0.54,0.165,1.139,0.4995,0.2435,0.357,11
M,0.695,0.56,0.185,1.74,0.885,0.3715,0.4375,10
M,0.63,0.505,0.17,1.0915,0.4615,0.266,0.3,9
I,0.56,0.445,0.155,0.8735,0.3005,0.209,0.275,16
F,0.55,0.45,0.15,0.875,0.362,0.1755,0.2765,10
M,0.65,0.515,0.125,1.1805,0.5235,0.283,0.3275,9
F,0.6,0.485,0.145,0.776,0.3545,0.1585,0.239,9
F,0.655,0.5,0.14,1.1705,0.5405,0.3175,0.285,12
M,0.55,0.425,0.15,0.8315,0.411,0.1765,0.2165,10
I,0.485,0.355,0.13,0.581,0.245,0.132,0.168,12
M,0.62,0.46,0.17,1.127,0.535,0.2635,0.296,7
I,0.42,0.325,0.11,0.325,0.1245,0.0755,0.1025,7
F,0.47,0.375,0.12,0.6015,0.2765,0.1455,0.135,8
I,0.595,0.47,0.135,0.9365,0.434,0.184,0.287,10
M,0.36,0.27,0.1,0.217,0.0885,0.0495,0.0715,6
F,0.59,0.46,0.16,1.0115,0.445,0.2615,0.2565,8
F,0.75,0.57,0.21,2.236,1.109,0.5195,0.545,11
M,0.65,0.51,0.175,1.3165,0.6345,0.2605,0.364,12
I,0.215,0.155,0.06,0.0525,0.021,0.0165,0.015,5
M,0.52,0.38,0.135,0.5825,0.2505,0.1565,0.175,8
M,0.35,0.275,0.11,0.2925,0.1225,0.0635,0.0905,8
I,0.355,0.27,0.075,0.204,0.3045,0.046,0.0595,7
I,0.33,0.245,0.065,0.1445,0.058,0.032,0.0505,6
I,0.45,0.335,0.105,0.362,0.1575,0.0795,0.1095,7
M,0.565,0.43,0.13,0.784,0.3495,0.1885,0.213,9
I,0.61,0.48,0.165,1.097,0.4215,0.264,0.335,13
I,0.2,0.145,0.025,0.0345,0.011,0.0075,0.01,5
M,0.545,0.45,0.15,0.978,0.3365,0.1905,0.3,11
F,0.57,0.45,0.15,0.9645,0.531,0.189,0.209,9
I,0.525,0.39,0.105,0.567,0.2875,0.1075,0.16,8
F,0.62,0.49,0.16,1.056,0.493,0.244,0.2725,9
F,0.455,0.355,1.13,0.594,0.332,0.116,0.1335,8
I,0.485,0.375,0.11,0.464,0.2015,0.09,0.149,8
M,0.72,0.6,0.235,2.2385,0.984,0.411,0.621,12
F,0.58,0.46,0.18,1.0515,0.4095,0.2595,0.276,8
M,0.62,0.485,0.165,1.1325,0.5235,0.2505,0.2825,9
I,0.44,0.33,0.135,0.522,0.17,0.0905,0.195,16
I,0.31,0.225,0.075,0.155,0.065,0.037,0.0365,6
F,0.63,0.5,0.155,1.005,0.367,0.199,0.36,16
I,0.3,0.215,0.05,0.1185,0.048,0.0225,0.042,4
M,0.455,0.365,0.095,0.514,0.2245,0.101,0.15,15
M,0.63,0.48,0.145,1.0115,0.4235,0.237,0.305,12
F,0.52,0.41,0.17,0.8705,0.3735,0.219,0.25,14
I,0.525,0.4,0.14,0.6055,0.2605,0.108,0.21,9
I,0.355,0.27,0.105,0.271,0.1425,0.0525,0.0735,9
M,0.53,0.405,0.15,0.8315,0.352,0.187,0.2525,10
F,0.57,0.425,0.13,0.782,0.3695,0.1745,0.1965,8
F,0.45,0.365,0.115,0.5885,0.318,0.121,0.1325,8
M,0.67,0.525,0.18,1.6615,0.8005,0.3645,0.43,10
I,0.355,0.28,0.11,0.2235,0.0815,0.0525,0.08,7
I,0.5,0.37,0.115,0.5745,0.306,0.112,0.141,7
F,0.47,0.355,0.14,0.433,0.1525,0.095,0.152,12
F,0.515,0.425,0.14,0.766,0.304,0.1725,0.255,14
I,0.585,0.46,0.145,0.8465,0.339,0.167,0.295,10
F,0.64,0.52,0.175,1.248,0.4245,0.2595,0.48,12
M,0.56,0.43,0.145,0.8995,0.464,0.1775,0.234,9
I,0.635,0.5,0.165,1.489,0.715,0.3445,0.3615,13
F,0.65,0.505,0.165,1.357,0.5725,0.281,0.43,11
F,0.66,0.515,0.18,1.523,0.54,0.3365,0.555,16
F,0.55,0.41,0.145,0.8285,0.3095,0.1905,0.25,13
F,0.645,0.515,0.15,1.212,0.515,0.2055,0.385,10
M,0.52,0.4,0.165,0.8565,0.2745,0.201,0.21,12
M,0.605,0.49,0.18,1.227,0.48,0.287,0.35,18
M,0.6,0.47,0.165,1.059,0.504,0.241,0.275,9
F,0.625,0.5,0.175,1.273,0.564,0.302,0.374,9
M,0.61,0.5,0.165,1.2715,0.4915,0.185,0.49,12
F,0.515,0.4,0.17,0.796,0.258,0.1755,0.28,16
M,0.645,0.505,0.185,1.463,0.592,0.3905,0.416,10
M,0.605,0.49,0.14,0.9755,0.419,0.206,0.315,10
F,0.505,0.375,0.115,0.5895,0.2635,0.12,0.167,10
I,0.57,0.445,0.145,0.7405,0.306,0.172,0.1825,12
I,0.48,0.37,0.125,0.474,0.179,0.1035,0.175,9
M,0.53,0.41,0.165,0.732,0.189,0.17,0.31,11
F,0.7,0.585,0.185,1.8075,0.7055,0.3215,0.475,29
F,0.57,0.455,0.165,1.0595,0.44,0.2195,0.285,14
M,0.44,0.34,0.105,0.402,0.1305,0.0955,0.165,10
M,0.37,0.28,0.095,0.2225,0.0805,0.051,0.075,7
M,0.45,0.345,0.105,0.4115,0.18,0.1125,0.135,7
I,0.375,0.29,0.095,0.213,0.096,0.041,0.061,5
M,0.63,0.49,0.155,1.229,0.535,0.29,0.335,11
I,0.475,0.42,0.16,0.7095,0.35,0.1505,0.1845,8
I,0.375,0.275,0.095,0.2465,0.11,0.0415,0.0775,6
I,0.315,0.24,0.085,0.1715,0.071,0.0345,0.0535,7
F,0.675,0.525,0.17,1.8095,0.784,0.391,0.455,12
M,0.575,0.445,0.17,1.0225,0.549,0.2175,0.228,9
I,0.475,0.36,0.135,0.4355,0.196,0.0925,0.125,8
F,0.57,0.455,0.15,1.107,0.54,0.255,0.27,8
M,0.665,0.5,0.175,1.2975,0.6075,0.314,0.315,9
I,0.3,0.23,0.075,0.15,0.0605,0.042,0.045,5
M,0.44,0.35,0.14,0.451,0.171,0.0705,0.184,16
F,0.575,0.46,0.165,1.124,0.2985,0.1785,0.44,13
M,0.475,0.37,0.125,0.649,0.347,0.136,0.142,8
F,0.675,0.55,0.19,1.551,0.7105,0.3685,0.412,13
F,0.545,0.43,0.165,0.802,0.2935,0.183,0.28,11
F,0.66,0.53,0.17,1.326,0.519,0.2625,0.44,13
F,0.66,0.525,0.16,1.277,0.4975,0.319,0.394,13
M,0.595,0.475,0.16,1.3175,0.408,0.234,0.58,21
F,0.615,0.5,0.165,1.327,0.6,0.3015,0.355,10
M,0.56,0.46,0.235,0.8395,0.3325,0.157,0.305,12
F,0.59,0.455,0.175,0.966,0.391,0.2455,0.31,10
F,0.635,0.5,0.175,1.477,0.684,0.3005,0.39,12
F,0.59,0.44,0.14,1.007,0.4775,0.2105,0.2925,9
I,0.275,0.175,0.09,0.2315,0.096,0.057,0.0705,5
M,0.565,0.435,0.185,1.032,0.354,0.2045,0.31,20
M,0.375,0.29,0.1,0.276,0.1175,0.0565,0.085,9
F,0.525,0.415,0.15,0.7155,0.2355,0.171,0.27,13
M,0.625,0.475,0.175,1.3405,0.656,0.283,0.337,10
I,0.3,0.215,0.05,0.1185,0.048,0.0225,0.042,4
I,0.415,0.31,0.11,0.2965,0.123,0.057,0.0995,10
I,0.485,0.415,0.14,0.5705,0.25,0.134,0.185,8
M,0.655,0.53,0.195,1.388,0.567,0.2735,0.41,13
F,0.58,0.445,0.15,0.858,0.4,0.156,0.253,8
F,0.695,0.525,0.205,1.8185,0.819,0.4025,0.4525,13
F,0.505,0.41,0.135,0.657,0.291,0.133,0.195,15
F,0.65,0.515,0.195,1.4005,0.5195,0.36,0.44,13
F,0.565,0.445,0.125,0.8305,0.3135,0.1785,0.23,11
I,0.415,0.325,0.1,0.3215,0.1535,0.0595,0.105,10
M,0.62,0.51,0.175,1.615,0.5105,0.192,0.675,12
I,0.42,0.305,0.1,0.3415,0.1645,0.0775,0.086,7
I,0.375,0.28,0.08,0.2025,0.0825,0.048,0.065,8
I,0.28,0.205,0.07,0.1015,0.041,0.03,0.03,6
I,0.425,0.34,0.1,0.371,0.15,0.0865,0.115,8
I,0.36,0.285,0.105,0.2415,0.0915,0.057,0.075,7
F,0.535,0.445,0.125,0.8725,0.417,0.199,0.24,8
I,0.43,0.315,0.115,0.384,0.1885,0.0715,0.11,8
F,0.56,0.455,0.16,0.967,0.4525,0.207,0.274,9
F,0.445,0.33,0.105,0.4525,0.18,0.103,0.123,9
M,0.45,0.33,0.105,0.4955,0.2575,0.082,0.129,8
F,0.49,0.38,0.125,0.549,0.245,0.1075,0.174,10
M,0.555,0.42,0.145,0.8695,0.3075,0.2575,0.25,14
M,0.525,0.38,0.125,0.65,0.303,0.155,0.159,7
M,0.51,0.395,0.145,0.6185,0.216,0.1385,0.24,12
M,0.55,0.45,0.15,1.0145,0.407,0.2015,0.2875,10
F,0.525,0.425,0.16,0.8355,0.3545,0.2135,0.245,9
F,0.385,0.315,0.11,0.286,0.1225,0.0635,0.0835,10
F,0.56,0.455,0.19,0.714,0.283,0.129,0.275,9
M,0.62,0.475,0.195,1.3585,0.5935,0.3365,0.3745,10
M,0.555,0.44,0.14,0.8705,0.407,0.156,0.255,9
I,0.39,0.3,0.09,0.252,0.1065,0.053,0.08,7
I,0.26,0.2,0.07,0.092,0.037,0.02,0.03,6
M,0.41,0.335,0.115,0.4405,0.19,0.085,0.135,8
F,0.63,0.5,0.18,1.1965,0.514,0.2325,0.3995,8
I,0.36,0.3,0.085,0.27,0.1185,0.064,0.0745,7
I,0.415,0.32,0.115,0.3045,0.1215,0.0735,0.094,7
F,0.505,0.41,0.15,0.6345,0.243,0.1335,0.215,17
F,0.685,0.53,0.17,1.5105,0.7385,0.3525,0.3725,10
M,0.45,0.345,0.105,0.4115,0.18,0.1125,0.135,7
M,0.69,0.515,0.18,1.8445,0.9815,0.4655,0.341,13
M,0.56,0.44,0.14,0.971,0.443,0.2045,0.265,14
M,0.565,0.465,0.175,0.995,0.3895,0.183,0.37,15
M,0.575,0.455,0.145,1.165,0.581,0.2275,0.3,14
I,0.45,0.335,0.105,0.362,0.1575,0.0795,0.1095,7
I,0.23,0.175,0.065,0.0645,0.026,0.0105,0.02,5
F,0.49,0.36,0.11,0.5005,0.161,0.107,0.195,17
M,0.48,0.38,0.135,0.528,0.2,0.1395,0.16,14
I,0.43,0.325,0.09,0.425,0.217,0.087,0.095,7
I,0.42,0.32,0.115,0.409,0.2055,0.0935,0.105,8
I,0.46,0.36,0.1,0.4635,0.2325,0.093,0.115,7
F,0.37,0.275,0.1,0.2225,0.093,0.026,0.08,8
F,0.615,0.47,0.175,1.2985,0.5135,0.343,0.32,14
F,0.665,0.53,0.185,1.3955,0.456,0.3205,0.49,15
F,0.405,0.31,0.12,0.3095,0.138,0.058,0.095,13
M,0.405,0.31,0.1,0.385,0.173,0.0915,0.11,7
M,0.56,0.45,0.16,0.922,0.432,0.178,0.26,15
M,0.455,0.345,0.125,0.44,0.169,0.1065,0.135,12
M,0.565,0.45,0.155,1.0595,0.4735,0.24,0.265,10
F,0.605,0.45,0.165,1.2225,0.357,0.202,0.385,13
M,0.465,0.355,0.105,0.4795,0.227,0.124,0.125,8
I,0.465,0.36,0.105,0.498,0.214,0.116,0.14,15
M,0.63,0.485,0.155,1.278,0.637,0.275,0.31,8
M,0.65,0.545,0.16,1.2425,0.487,0.296,0.48,15
F,0.605,0.485,0.165,1.0105,0.435,0.209,0.3,19
I,0.365,0.27,0.085,0.1875,0.081,0.042,0.058,6
I,0.44,0.345,0.12,0.487,0.1965,0.108,0.16,14
F,0.67,0.535,0.185,1.597,0.6275,0.35,0.47,21
I,0.555,0.425,0.13,0.648,0.2835,0.133,0.2105,8
I,0.405,0.31,0.095,0.3425,0.1785,0.064,0.0855,8
M,0.62,0.485,0.165,1.1325,0.5235,0.2505,0.2825,9
M,0.42,0.34,0.125,0.4495,0.165,0.1125,0.144,11
F,0.465,0.35,0.115,0.421,0.1565,0.091,0.1345,9
F,0.37,0.275,0.1,0.2225,0.093,0.026,0.08,8
I,0.575,0.45,0.15,0.858,0.449,0.166,0.215,10
M,0.685,0.535,0.155,1.3845,0.6615,0.2145,0.4075,10
M,0.545,0.435,0.145,0.9385,0.3685,0.1245,0.345,11
M,0.7,0.53,0.19,1.3185,0.548,0.233,0.42,18
F,0.37,0.295,0.1,0.2685,0.1165,0.056,0.0835,7
M,0.575,0.465,0.15,1.08,0.595,0.2065,0.238,9
M,0.45,0.335,0.125,0.4475,0.2165,0.126,0.11,6
I,0.58,0.42,0.16,0.728,0.2725,0.19,0.19,14
M,0.625,0.505,0.185,1.1565,0.52,0.2405,0.3535,10
I,0.45,0.33,0.105,0.3715,0.1865,0.0785,0.0975,7
F,0.44,0.345,0.17,0.4085,0.15,0.0825,0.1515,12
M,0.335,0.265,0.095,0.1975,0.0795,0.0375,0.07,9
F,0.47,0.35,0.115,0.487,0.1955,0.127,0.155,8
I,0.23,0.175,0.065,0.0645,0.026,0.0105,0.02,5
I,0.47,0.36,0.13,0.5225,0.198,0.1065,0.165,9
M,0.33,0.25,0.09,0.197,0.085,0.041,0.0605,10
I,0.28,0.21,0.085,0.1075,0.0415,0.024,0.034,5
F,0.56,0.43,0.15,0.8825,0.3465,0.172,0.31,9
F,0.63,0.48,0.175,1.3675,0.5015,0.3035,0.515,17
F,0.47,0.36,0.145,0.537,0.1725,0.1375,0.195,15
M,0.27,0.195,0.07,0.106,0.0465,0.018,0.036,7
I,0.485,0.375,0.125,0.562,0.2505,0.1345,0.1525,8
I,0.57,0.425,0.14,0.7655,0.331,0.14,0.24,10
M,0.505,0.405,0.11,0.625,0.305,0.16,0.175,9
I,0.465,0.375,0.12,0.471,0.222,0.119,0.14,9
F,0.7,0.545,0.13,1.556,0.6725,0.374,0.195,12
F,0.635,0.52,0.165,1.3405,0.5065,0.296,0.412,11
F,0.615,0.475,0.155,1.115,0.484,0.2115,0.355,10
I,0.45,0.33,0.1,0.411,0.1945,0.1,0.098,6
M,0.35,0.265,0.09,0.2265,0.0995,0.0575,0.065,6
M,0.63,0.515,0.155,1.259,0.4105,0.197,0.41,13
M,0.62,0.465,0.145,0.911,0.375,0.2145,0.278,10
F,0.595,0.465,0.14,1.113,0.5175,0.244,0.305,12
F,0.465,0.375,0.135,0.6,0.2225,0.129,0.23,16
M,0.7,0.545,0.215,1.9125,0.8825,0.4385,0.506,10
I,0.15,0.1,0.025,0.015,0.0045,0.004,0.005,2
I,0.47,0.345,0.115,0.4885,0.2005,0.108,0.166,11
F,0.66,0.53,0.17,1.431,0.622,0.309,0.398,10
I,0.425,0.3,0.095,0.3515,0.141,0.0775,0.12,8
F,0.685,0.565,0.175,1.638,0.7775,0.375,0.438,11
F,0.535,0.445,0.125,0.8725,0.417,0.199,0.24,8
I,0.495,0.385,0.125,0.5125,0.2075,0.1155,0.172,10
F,0.7,0.575,0.17,1.31,0.5095,0.314,0.42,14
I,0.44,0.34,0.12,0.4995,0.2965,0.0945,0.1185,6
M,0.73,0.575,0.21,2.069,0.9285,0.409,0.643,11
M,0.665,0.525,0.18,1.429,0.6715,0.29,0.4,12
F,0.665,0.54,0.195,1.764,0.8505,0.3615,0.47,11
M,0.515,0.37,0.115,0.6145,0.3415,0.155,0.146,9
