9.1,0.66,0.15,3.2,0.0969999999999999,9.0,59.0,0.99976,3.28,0.54,9.6,5
7.1,0.67,0.0,2.3,0.083,18.0,27.0,0.99768,3.44,0.54,9.4,5
7.4,0.64,0.07,1.8,0.1,8.0,23.0,0.9961,3.3,0.58,9.6,5
7.1,0.735,0.16,1.9,0.1,15.0,77.0,0.9966,3.27,0.64,9.3,5
6.6,0.88,0.04,2.2,0.066,12.0,20.0,0.99636,3.53,0.56,9.9,5
8.4,0.65,0.6,2.1,0.1119999999999999,12.0,90.0,0.9973,3.2,0.52,9.2,5
9.9,0.49,0.58,3.5,0.094,9.0,43.0,1.0004,3.29,0.58,9.0,5
7.3,0.69,0.32,2.2,0.069,35.0,104.0,0.99632,3.33,0.51,9.5,5
7.2,0.66,0.03,2.3,0.078,16.0,86.0,0.99743,3.53,0.57,9.7,5
8.6,0.49,0.51,2.0,0.422,16.0,62.0,0.9979,3.03,1.17,9.0,5
7.8,0.6,0.26,2.0,0.08,31.0,131.0,0.99622,3.21,0.52,9.9,5
6.4,0.795,0.0,2.2,0.065,28.0,52.0,0.99378,3.49,0.52,11.6,5
7.2,1.0,0.0,3.0,0.102,7.0,16.0,0.99586,3.43,0.46,10.0,5
7.9,0.43,0.21,1.6,0.106,10.0,37.0,0.9966,3.17,0.91,9.5,5
10.7,0.9,0.34,6.6,0.1119999999999999,23.0,99.0,1.00289,3.22,0.68,9.3,5
7.2,0.725,0.05,4.65,0.086,4.0,11.0,0.9962,3.41,0.39,10.9,5
9.9,0.63,0.24,2.4,0.077,6.0,33.0,0.9974,3.09,0.57,9.4,5
10.2,0.24,0.49,2.4,0.075,10.0,28.0,0.9978,3.14,0.61,10.4,5
9.6,0.88,0.28,2.4,0.086,30.0,147.0,0.9979,3.24,0.53,9.4,5
9.6,0.6,0.5,2.3,0.079,28.0,71.0,0.9997,3.5,0.57,9.7,5
8.1,0.87,0.0,2.2,0.084,10.0,31.0,0.99656,3.25,0.5,9.8,5
13.2,0.38,0.55,2.7,0.081,5.0,16.0,1.0006,2.98,0.54,9.4,5
9.9,0.59,0.07,3.4,0.102,32.0,71.0,1.00015,3.31,0.71,9.8,5
9.4,0.615,0.28,3.2,0.087,18.0,72.0,1.0001,3.31,0.53,9.7,5
7.1,0.68,0.0,2.2,0.073,12.0,22.0,0.9969,3.48,0.5,9.3,5
9.9,0.72,0.55,1.7,0.136,24.0,52.0,0.99752,3.35,0.94,10.0,5
8.4,0.59,0.29,2.6,0.109,31.0,119.0,0.99801,3.15,0.5,9.1,5
8.9,0.75,0.14,2.5,0.086,9.0,30.0,0.99824,3.34,0.64,10.5,5
7.7,0.66,0.04,1.6,0.039,4.0,9.0,0.9962,3.4,0.47,9.4,5
8.6,0.47,0.27,2.3,0.055,14.0,28.0,0.99516,3.18,0.8,11.2,5
13.5,0.53,0.79,4.8,0.12,23.0,77.0,1.0018,3.18,0.77,13.0,5
7.6,0.39,0.31,2.3,0.0819999999999999,23.0,71.0,0.9982,3.52,0.65,9.7,5
7.5,0.6,0.03,1.8,0.095,25.0,99.0,0.995,3.35,0.54,10.1,5
8.6,0.635,0.68,1.8,0.4029999999999999,19.0,56.0,0.99632,3.02,1.15,9.3,5
7.9,0.18,0.4,1.8,0.062,7.0,20.0,0.9941,3.28,0.7,11.1,5
9.9,0.54,0.45,2.3,0.071,16.0,40.0,0.9991,3.39,0.62,9.4,5
7.1,0.43,0.42,5.5,0.071,28.0,128.0,0.9973,3.42,0.71,10.5,5
7.2,0.34,0.32,2.5,0.09,43.0,113.0,0.9966,3.32,0.79,11.1,5
5.9,0.46,0.0,1.9,0.077,25.0,44.0,0.99385,3.5,0.53,11.2,5
8.1,0.67,0.55,1.8,0.1169999999999999,32.0,141.0,0.9968,3.17,0.62,9.4,5
8.6,0.725,0.24,6.6,0.1169999999999999,31.0,134.0,1.0014,3.32,1.07,9.3,5
8.4,0.62,0.09,2.2,0.084,11.0,108.0,0.9964,3.15,0.66,9.8,5
10.8,0.89,0.3,2.6,0.132,7.0,60.0,0.99786,2.99,1.18,10.2,5
7.6,0.95,0.03,2.0,0.09,7.0,20.0,0.9959,3.2,0.56,9.6,5
7.2,0.62,0.06,2.7,0.077,15.0,85.0,0.99746,3.51,0.54,9.5,5
9.9,0.5,0.5,13.8,0.205,48.0,82.0,1.00242,3.16,0.75,8.8,5
8.9,0.61,0.49,2.0,0.27,23.0,110.0,0.9972,3.12,1.02,9.3,5
8.3,0.78,0.1,2.6,0.081,45.0,87.0,0.9983,3.48,0.53,10.0,5
7.7,0.54,0.26,1.9,0.089,23.0,147.0,0.99636,3.26,0.59,9.7,5
5.6,0.5,0.09,2.3,0.049,17.0,99.0,0.9937,3.63,0.63,13.0,5
6.9,0.63,0.33,6.7,0.235,66.0,115.0,0.99787,3.22,0.56,9.5,5
7.8,0.76,0.04,2.3,0.092,15.0,54.0,0.997,3.26,0.65,9.8,5
9.4,0.685,0.26,2.4,0.0819999999999999,23.0,143.0,0.9978,3.28,0.55,9.4,5
7.2,0.41,0.3,2.1,0.083,35.0,72.0,0.997,3.44,0.52,9.4,5
8.4,0.56,0.08,2.1,0.105,16.0,44.0,0.9958,3.13,0.52,11.0,5
9.0,0.47,0.31,2.7,0.084,24.0,125.0,0.9984,3.31,0.61,9.4,5
12.7,0.6,0.49,2.8,0.075,5.0,19.0,0.9994,3.14,0.57,11.4,5
9.6,0.68,0.24,2.2,0.087,5.0,28.0,0.9988,3.14,0.6,10.2,5
6.8,0.64,0.1,2.1,0.085,18.0,101.0,0.9956,3.34,0.52,10.2,5
7.7,0.64,0.21,2.2,0.077,32.0,133.0,0.9956,3.27,0.45,9.9,5
7.5,0.42,0.32,2.7,0.067,7.0,25.0,0.99628,3.24,0.44,10.4,5
7.7,0.69,0.22,1.9,0.084,18.0,94.0,0.9961,3.31,0.48,9.5,5
6.1,0.59,0.01,2.1,0.0559999999999999,5.0,13.0,0.99472,3.52,0.56,11.4,5
7.4,0.7,0.0,1.9,0.076,11.0,34.0,0.9978,3.51,0.56,9.4,5
8.5,0.49,0.11,2.3,0.084,9.0,67.0,0.9968,3.17,0.53,9.4,5
8.6,0.8,0.11,2.3,0.084,12.0,31.0,0.9979,3.4,0.48,9.9,5
7.7,0.935,0.43,2.2,0.114,22.0,114.0,0.997,3.25,0.73,9.2,5
8.7,0.625,0.16,2.0,0.1009999999999999,13.0,49.0,0.9962,3.14,0.57,11.0,5
8.8,0.64,0.17,2.9,0.084,25.0,130.0,0.99818,3.23,0.54,9.6,5
7.8,0.44,0.28,2.7,0.1,18.0,95.0,0.9966,3.22,0.67,9.4,5
7.4,0.6,0.26,7.3,0.07,36.0,121.0,0.9982,3.37,0.49,9.4,5
6.1,0.32,0.25,1.8,0.086,5.0,32.0,0.99464,3.36,0.44,10.1,5
7.4,0.64,0.17,5.4,0.168,52.0,98.0,0.99736,3.28,0.5,9.5,5
7.3,0.45,0.36,5.9,0.074,12.0,87.0,0.9978,3.33,0.83,10.5,5
10.2,0.67,0.39,1.9,0.054,6.0,17.0,0.9976,3.17,0.47,10.0,5
9.7,0.55,0.17,2.9,0.087,20.0,53.0,1.0004,3.14,0.61,9.4,5
7.2,0.695,0.13,2.0,0.076,12.0,20.0,0.99546,3.29,0.54,10.1,5
7.6,0.62,0.32,2.2,0.0819999999999999,7.0,54.0,0.9966,3.36,0.52,9.4,5
7.4,0.5,0.47,2.0,0.086,21.0,73.0,0.997,3.36,0.57,9.1,5
6.9,0.58,0.2,1.75,0.0579999999999999,8.0,22.0,0.99322,3.38,0.49,11.7,5
5.6,0.605,0.05,2.4,0.073,19.0,25.0,0.99258,3.56,0.55,12.9,5
8.3,0.65,0.1,2.9,0.089,17.0,40.0,0.99803,3.29,0.55,9.5,5
6.8,0.48,0.08,1.8,0.074,40.0,64.0,0.99529,3.12,0.49,9.6,5
8.9,0.31,0.57,2.0,0.111,26.0,85.0,0.9971,3.26,0.53,9.7,5
7.3,0.59,0.26,2.0,0.08,17.0,104.0,0.99584,3.28,0.52,9.9,5
9.0,0.45,0.49,2.6,0.084,21.0,75.0,0.9987,3.35,0.57,9.7,5
6.2,0.58,0.0,1.6,0.065,8.0,18.0,0.9966,3.56,0.84,9.4,5
6.6,0.735,0.02,7.9,0.122,68.0,124.0,0.9994,3.47,0.53,9.9,5
7.9,0.35,0.21,1.9,0.073,46.0,102.0,0.9964,3.27,0.58,9.5,5
5.8,0.68,0.02,1.8,0.087,21.0,94.0,0.9944,3.54,0.52,10.0,5
8.4,1.035,0.15,6.0,0.073,11.0,54.0,0.999,3.37,0.49,9.9,5
7.8,0.7,0.06,1.9,0.079,20.0,35.0,0.99628,3.4,0.69,10.9,5
8.9,0.59,0.39,2.3,0.095,5.0,22.0,0.9986,3.37,0.58,10.3,5
9.2,0.53,0.24,2.6,0.078,28.0,139.0,0.99788,3.21,0.57,9.5,5
7.2,0.695,0.13,2.0,0.076,12.0,20.0,0.99546,3.29,0.54,10.1,5
6.1,0.715,0.1,2.6,0.053,13.0,27.0,0.99362,3.57,0.5,11.9,5
7.2,0.635,0.07,2.6,0.077,16.0,86.0,0.99748,3.51,0.54,9.7,5
5.3,0.715,0.19,1.5,0.161,7.0,62.0,0.99395,3.62,0.61,11.0,5
9.3,0.27,0.41,2.0,0.091,6.0,16.0,0.998,3.28,0.7,9.7,5
7.7,0.56,0.2,2.0,0.075,9.0,39.0,0.9987,3.48,0.62,9.3,5
8.0,0.39,0.3,1.9,0.074,32.0,84.0,0.99717,3.39,0.61,9.0,5
11.9,0.38,0.49,2.7,0.098,12.0,42.0,1.0004,3.16,0.61,10.3,5
9.5,0.55,0.66,2.3,0.387,12.0,37.0,0.9982,3.17,0.67,9.6,5
7.0,0.51,0.09,2.1,0.062,4.0,9.0,0.99584,3.35,0.54,10.5,5
7.9,0.33,0.23,1.7,0.077,18.0,45.0,0.99625,3.29,0.65,9.3,5
7.4,0.55,0.19,1.8,0.0819999999999999,15.0,34.0,0.99655,3.49,0.68,10.5,5
7.5,0.4,0.18,1.6,0.079,24.0,58.0,0.9965,3.34,0.58,9.4,5
8.4,0.29,0.4,1.7,0.067,8.0,20.0,0.99603,3.39,0.6,10.5,5
8.5,0.46,0.59,1.4,0.414,16.0,45.0,0.99702,3.03,1.34,9.2,5
7.3,0.38,0.21,2.0,0.08,7.0,35.0,0.9961,3.33,0.47,9.5,5
8.0,0.6,0.22,2.1,0.08,25.0,105.0,0.99613,3.3,0.49,9.9,5
7.1,0.43,0.42,5.5,0.071,28.0,128.0,0.9973,3.42,0.71,10.5,5
10.0,0.32,0.59,2.2,0.077,3.0,15.0,0.9994,3.2,0.78,9.6,5
6.7,0.675,0.07,2.4,0.089,17.0,82.0,0.9958,3.35,0.54,10.1,5
11.3,0.37,0.41,2.3,0.088,6.0,16.0,0.9988,3.09,0.8,9.3,5
9.2,0.43,0.49,2.4,0.086,23.0,116.0,0.9976,3.23,0.64,9.5,5
7.9,0.66,0.0,1.4,0.096,6.0,13.0,0.99569,3.43,0.58,9.5,5
7.8,0.6,0.26,2.0,0.08,31.0,131.0,0.99622,3.21,0.52,9.9,5
8.5,0.66,0.2,2.1,0.0969999999999999,23.0,113.0,0.99733,3.13,0.48,9.2,5
7.8,0.56,0.19,1.8,0.104,12.0,47.0,0.9964,3.19,0.93,9.5,5
7.6,0.54,0.13,2.5,0.0969999999999999,24.0,66.0,0.99785,3.39,0.61,9.4,5
8.7,0.675,0.1,1.6,0.09,4.0,11.0,0.99745,3.31,0.65,9.55,5
6.2,0.6,0.08,2.0,0.09,32.0,44.0,0.9949,3.45,0.58,10.5,5
8.8,0.52,0.34,2.7,0.087,24.0,122.0,0.9982,3.26,0.61,9.5,5
10.2,0.42,0.57,3.4,0.07,4.0,10.0,0.9971,3.04,0.63,9.6,5
9.0,0.66,0.17,3.0,0.077,5.0,13.0,0.9976,3.29,0.55,10.4,5
9.3,0.39,0.44,2.1,0.107,34.0,125.0,0.9978,3.14,1.22,9.5,5
7.1,0.685,0.35,2.0,0.088,9.0,92.0,0.9963,3.28,0.62,9.4,5
7.6,0.79,0.21,2.3,0.087,21.0,68.0,0.9955,3.12,0.44,9.2,5
9.3,0.655,0.26,2.0,0.096,5.0,35.0,0.99738,3.25,0.42,9.6,5
10.8,0.5,0.46,2.5,0.073,5.0,27.0,1.0001,3.05,0.64,9.5,5
7.4,0.61,0.01,2.0,0.074,13.0,38.0,0.99748,3.48,0.65,9.8,5
7.2,0.725,0.05,4.65,0.086,4.0,11.0,0.9962,3.41,0.39,10.9,5
8.0,0.57,0.23,3.2,0.073,17.0,119.0,0.99675,3.26,0.57,9.3,5
7.4,0.49,0.19,3.0,0.077,16.0,37.0,0.9966,3.37,0.51,10.5,5
10.4,0.28,0.54,2.7,0.105,5.0,19.0,0.9988,3.25,0.63,9.5,5
8.0,1.18,0.21,1.9,0.083,14.0,41.0,0.99532,3.34,0.47,10.5,5
7.3,1.07,0.09,1.7,0.178,10.0,89.0,0.9962,3.3,0.57,9.0,5
7.1,0.72,0.0,1.8,0.123,6.0,14.0,0.99627,3.45,0.58,9.8,5
8.6,0.38,0.36,3.0,0.081,30.0,119.0,0.997,3.2,0.56,9.4,5
5.2,0.32,0.25,1.8,0.103,13.0,50.0,0.9957,3.38,0.55,9.2,5
12.7,0.6,0.49,2.8,0.075,5.0,19.0,0.9994,3.14,0.57,11.4,5
8.4,0.745,0.11,1.9,0.09,16.0,63.0,0.9965,3.19,0.82,9.6,5
7.9,0.72,0.01,1.9,0.076,7.0,32.0,0.99668,3.39,0.54,9.6,5
6.0,0.5,0.0,1.4,0.057,15.0,26.0,0.99448,3.36,0.45,9.5,5
7.4,0.39,0.48,2.0,0.0819999999999999,14.0,67.0,0.9972,3.34,0.55,9.2,5
6.6,0.66,0.0,3.0,0.115,21.0,31.0,0.99629,3.45,0.63,10.3,5
7.5,0.41,0.15,3.7,0.104,29.0,94.0,0.99786,3.14,0.58,9.1,5
8.8,0.66,0.26,1.7,0.074,4.0,23.0,0.9971,3.15,0.74,9.2,5
7.0,0.45,0.34,2.7,0.0819999999999999,16.0,72.0,0.998,3.55,0.6,9.5,5
8.7,0.46,0.31,2.5,0.126,24.0,64.0,0.99746,3.1,0.74,9.6,5
7.9,0.6,0.06,1.6,0.069,15.0,59.0,0.9964,3.3,0.46,9.4,5
7.7,0.41,0.76,1.8,0.611,8.0,45.0,0.9968,3.06,1.26,9.4,5
7.7,0.49,0.26,1.9,0.062,9.0,31.0,0.9966,3.39,0.64,9.6,5
11.2,0.5,0.74,5.15,0.1,5.0,17.0,0.9996,3.22,0.62,11.2,5
8.3,0.655,0.12,2.3,0.083,15.0,113.0,0.9966,3.17,0.66,9.8,5
10.0,0.43,0.33,2.7,0.095,28.0,89.0,0.9984,3.22,0.68,10.0,5
7.4,0.7,0.0,1.9,0.076,11.0,34.0,0.9978,3.51,0.56,9.4,5
9.4,0.59,0.14,2.0,0.084,25.0,48.0,0.9981,3.14,0.56,9.7,5
7.5,0.58,0.03,4.1,0.08,27.0,46.0,0.99592,3.02,0.47,9.2,5
8.2,1.33,0.0,1.7,0.081,3.0,12.0,0.9964,3.53,0.49,10.9,5
7.1,0.68,0.07,1.9,0.075,16.0,51.0,0.99685,3.38,0.52,9.5,5
7.0,0.6,0.3,4.5,0.068,20.0,110.0,0.99914,3.3,1.17,10.2,5
9.1,0.775,0.22,2.2,0.079,12.0,48.0,0.9976,3.18,0.51,9.6,5
7.0,0.735,0.05,2.0,0.081,13.0,54.0,0.9966,3.39,0.57,9.8,5
9.0,0.69,0.0,2.4,0.088,19.0,38.0,0.999,3.35,0.6,9.3,5
7.3,0.49,0.1,2.6,0.068,4.0,14.0,0.99562,3.3,0.47,10.5,5
7.8,0.59,0.18,2.3,0.076,17.0,54.0,0.9975,3.43,0.59,10.0,5
5.6,0.615,0.0,1.6,0.089,16.0,59.0,0.9943,3.58,0.52,9.9,5
9.9,0.63,0.24,2.4,0.077,6.0,33.0,0.9974,3.09,0.57,9.4,5
7.6,0.49,0.33,1.9,0.074,27.0,85.0,0.99706,3.41,0.58,9.0,5
6.8,0.61,0.04,1.5,0.057,5.0,10.0,0.99525,3.42,0.6,9.5,5
6.8,0.77,0.0,1.8,0.066,34.0,52.0,0.9976,3.62,0.68,9.9,5
6.8,0.68,0.21,2.1,0.07,9.0,23.0,0.99546,3.38,0.6,10.3,5
9.4,0.34,0.37,2.2,0.075,5.0,13.0,0.998,3.22,0.62,9.2,5
6.4,0.57,0.02,1.8,0.067,4.0,11.0,0.997,3.46,0.68,9.5,5
10.6,0.36,0.6,2.2,0.152,7.0,18.0,0.9986,3.04,1.06,9.4,5
7.2,0.835,0.0,2.0,0.166,4.0,11.0,0.99608,3.39,0.52,10.0,5
8.2,0.43,0.29,1.6,0.081,27.0,45.0,0.99603,3.25,0.54,10.3,5
12.5,0.46,0.63,2.0,0.071,6.0,15.0,0.9988,2.99,0.87,10.2,5
6.5,0.885,0.0,2.3,0.166,6.0,12.0,0.99551,3.56,0.51,10.8,5
7.5,0.61,0.2,1.7,0.076,36.0,60.0,0.99494,3.1,0.4,9.3,5
8.3,0.54,0.24,3.4,0.076,16.0,112.0,0.9976,3.27,0.61,9.4,5
6.9,0.56,0.03,1.5,0.086,36.0,46.0,0.99522,3.53,0.57,10.6,5
6.1,0.705,0.1,2.8,0.081,13.0,28.0,0.99631,3.6,0.66,10.2,5
5.6,0.54,0.04,1.7,0.049,5.0,13.0,0.9942,3.72,0.58,11.4,5
11.5,0.41,0.52,3.0,0.08,29.0,55.0,1.0001,3.26,0.88,11.0,5
6.8,0.66,0.07,1.6,0.07,16.0,61.0,0.99572,3.29,0.6,9.3,5
6.3,0.39,0.08,1.7,0.066,3.0,20.0,0.9954,3.34,0.58,9.4,5
7.0,0.6,0.3,4.5,0.068,20.0,110.0,0.99914,3.3,1.17,10.2,5
9.2,0.63,0.21,2.7,0.0969999999999999,29.0,65.0,0.9988,3.28,0.58,9.6,5
7.0,0.56,0.13,1.6,0.077,25.0,42.0,0.99629,3.34,0.59,9.2,5
7.3,0.74,0.08,1.7,0.094,10.0,45.0,0.99576,3.24,0.5,9.8,5
10.7,0.43,0.39,2.2,0.106,8.0,32.0,0.9986,2.89,0.5,9.6,5
9.0,0.54,0.49,2.9,0.094,41.0,110.0,0.9982,3.08,0.61,9.2,5
7.8,0.63,0.48,1.7,0.1,14.0,96.0,0.9961,3.19,0.62,9.5,5
8.9,0.635,0.37,1.7,0.263,5.0,62.0,0.9971,3.0,1.09,9.3,5
7.6,0.645,0.03,1.9,0.086,14.0,57.0,0.9969,3.37,0.46,10.3,5
10.4,0.575,0.61,2.6,0.076,11.0,24.0,1.0,3.16,0.69,9.0,5
6.8,0.61,0.2,1.8,0.077,11.0,65.0,0.9971,3.54,0.58,9.3,5
8.1,0.33,0.44,1.5,0.042,6.0,12.0,0.99542,3.35,0.61,10.7,5
9.0,0.48,0.32,2.8,0.084,21.0,122.0,0.9984,3.32,0.62,9.4,5
7.0,0.49,0.49,5.6,0.06,26.0,121.0,0.9974,3.34,0.76,10.5,5
9.3,0.48,0.29,2.1,0.127,6.0,16.0,0.9968,3.22,0.72,11.2,5
7.0,0.62,0.18,1.5,0.062,7.0,50.0,0.9951,3.08,0.6,9.3,5
12.3,0.5,0.49,2.2,0.089,5.0,14.0,1.0002,3.19,0.44,9.6,5
8.1,0.38,0.48,1.8,0.157,5.0,17.0,0.9976,3.3,1.05,9.4,5
7.1,0.43,0.42,5.5,0.07,29.0,129.0,0.9973,3.42,0.72,10.5,5
9.3,0.43,0.44,1.9,0.085,9.0,22.0,0.99708,3.28,0.55,9.5,5
15.9,0.36,0.65,7.5,0.096,22.0,71.0,0.9976,2.98,0.84,14.9,5
6.2,0.65,0.06,1.6,0.05,6.0,18.0,0.99348,3.57,0.54,11.95,5
8.0,0.52,0.03,1.7,0.07,10.0,35.0,0.99575,3.34,0.57,10.0,5
7.6,0.43,0.29,2.1,0.075,19.0,66.0,0.99718,3.4,0.64,9.5,5
6.6,0.64,0.31,6.1,0.083,7.0,49.0,0.99718,3.35,0.68,10.3,5
7.1,0.66,0.0,3.9,0.086,17.0,45.0,0.9976,3.46,0.54,9.5,5
6.3,0.57,0.28,2.1,0.048,13.0,49.0,0.99374,3.41,0.6,12.8,5
6.6,0.63,0.0,4.3,0.093,51.0,77.5,0.99558,3.2,0.45,9.5,5
6.6,0.61,0.01,1.9,0.08,8.0,25.0,0.99746,3.69,0.73,10.5,5
8.4,0.56,0.04,2.0,0.0819999999999999,10.0,22.0,0.9976,3.22,0.44,9.6,5
7.0,0.655,0.16,2.1,0.074,8.0,25.0,0.99606,3.37,0.55,9.7,5
6.5,0.52,0.11,1.8,0.073,13.0,38.0,0.9955,3.34,0.52,9.3,5
7.4,0.74,0.07,1.7,0.086,15.0,48.0,0.99502,3.12,0.48,10.0,5
8.1,0.87,0.0,2.2,0.084,10.0,31.0,0.99656,3.25,0.5,9.8,5
6.7,0.75,0.12,2.0,0.086,12.0,80.0,0.9958,3.38,0.52,10.1,5
7.7,0.665,0.0,2.4,0.09,8.0,19.0,0.9974,3.27,0.73,9.3,5
9.8,0.39,0.43,1.65,0.068,5.0,11.0,0.99478,3.19,0.46,11.4,5
6.7,0.48,0.08,2.1,0.064,18.0,34.0,0.99552,3.33,0.64,9.7,5
7.1,0.52,0.03,2.6,0.076,21.0,92.0,0.99745,3.5,0.6,9.8,5
7.3,0.735,0.0,2.2,0.08,18.0,28.0,0.99765,3.41,0.6,9.4,5
7.8,0.5,0.17,1.6,0.0819999999999999,21.0,102.0,0.996,3.39,0.48,9.5,5
7.0,0.59,0.0,1.7,0.052,3.0,8.0,0.996,3.41,0.47,10.3,5
11.1,0.35,0.48,3.1,0.09,5.0,21.0,0.9986,3.17,0.53,10.5,5
8.8,0.61,0.14,2.4,0.067,10.0,42.0,0.9969,3.19,0.59,9.5,5
9.1,0.34,0.42,1.8,0.0579999999999999,9.0,18.0,0.99392,3.18,0.55,11.4,5
6.7,0.58,0.08,1.8,0.0969999999999999,15.0,65.0,0.9959,3.28,0.54,9.2,5
8.3,0.6,0.25,2.2,0.118,9.0,38.0,0.99616,3.15,0.53,9.8,5
8.1,0.82,0.0,4.1,0.095,5.0,14.0,0.99854,3.36,0.53,9.6,5
7.7,0.39,0.12,1.7,0.0969999999999999,19.0,27.0,0.99596,3.16,0.49,9.4,5
7.7,0.96,0.2,2.0,0.047,15.0,60.0,0.9955,3.36,0.44,10.9,5
6.6,0.735,0.02,7.9,0.122,68.0,124.0,0.9994,3.47,0.53,9.9,5
8.3,0.56,0.22,2.4,0.0819999999999999,10.0,86.0,0.9983,3.37,0.62,9.5,5
6.2,0.45,0.2,1.6,0.069,3.0,15.0,0.9958,3.41,0.56,9.2,5
8.8,0.47,0.49,2.9,0.085,17.0,110.0,0.9982,3.29,0.6,9.8,5
10.0,0.32,0.59,2.2,0.077,3.0,15.0,0.9994,3.2,0.78,9.6,5
7.7,0.51,0.28,2.1,0.087,23.0,54.0,0.998,3.42,0.74,9.2,5
7.5,0.58,0.2,2.0,0.073,34.0,44.0,0.99494,3.1,0.43,9.3,5
9.5,0.37,0.52,2.0,0.0819999999999999,6.0,26.0,0.998,3.18,0.51,9.5,5
6.4,0.64,0.21,1.8,0.081,14.0,31.0,0.99689,3.59,0.66,9.8,5
7.4,0.47,0.46,2.2,0.114,7.0,20.0,0.99647,3.32,0.63,10.5,5
9.9,0.59,0.07,3.4,0.102,32.0,71.0,1.00015,3.31,0.71,9.8,5
9.8,0.45,0.38,2.5,0.081,34.0,66.0,0.99726,3.15,0.58,9.8,5
8.2,0.5,0.35,2.9,0.077,21.0,127.0,0.9976,3.23,0.62,9.4,5
11.9,0.58,0.66,2.5,0.072,6.0,37.0,0.9992,3.05,0.56,10.0,5
10.8,0.26,0.45,3.3,0.06,20.0,49.0,0.9972,3.13,0.54,9.6,5
7.0,0.42,0.19,2.3,0.071,18.0,36.0,0.99476,3.39,0.56,10.9,5
7.6,0.55,0.21,2.2,0.071,7.0,28.0,0.9964,3.28,0.55,9.7,5
7.5,0.77,0.2,8.1,0.098,30.0,92.0,0.99892,3.2,0.58,9.2,5
11.9,0.38,0.49,2.7,0.098,12.0,42.0,1.0004,3.16,0.61,10.3,5
9.0,0.45,0.49,2.6,0.084,21.0,75.0,0.9987,3.35,0.57,9.7,5
9.2,0.92,0.24,2.6,0.087,12.0,93.0,0.9998,3.48,0.54,9.8,5
6.0,0.64,0.05,1.9,0.066,9.0,17.0,0.99496,3.52,0.78,10.6,5
7.0,0.685,0.0,1.9,0.099,9.0,22.0,0.99606,3.34,0.6,9.7,5
8.6,0.37,0.65,6.4,0.08,3.0,8.0,0.99817,3.27,0.58,11.0,5
7.1,0.48,0.28,2.8,0.068,6.0,16.0,0.99682,3.24,0.53,10.3,5
11.3,0.37,0.5,1.8,0.09,20.0,47.0,0.99734,3.15,0.57,10.5,5
8.3,0.43,0.3,3.4,0.079,7.0,34.0,0.99788,3.36,0.61,10.5,5
11.6,0.42,0.53,3.3,0.105,33.0,98.0,1.001,3.2,0.95,9.2,5
9.5,0.885,0.27,2.3,0.084,31.0,145.0,0.9978,3.24,0.53,9.4,5
8.0,0.81,0.25,3.4,0.076,34.0,85.0,0.99668,3.19,0.42,9.2,5
7.2,0.65,0.02,2.3,0.094,5.0,31.0,0.9993,3.67,0.8,9.7,5
8.3,0.85,0.14,2.5,0.093,13.0,54.0,0.99724,3.36,0.54,10.1,5
6.1,0.32,0.25,2.3,0.071,23.0,58.0,0.99633,3.42,0.97,10.6,5
6.2,0.46,0.17,1.6,0.073,7.0,11.0,0.99425,3.61,0.54,11.4,5
7.6,0.43,0.29,2.1,0.075,19.0,66.0,0.99718,3.4,0.64,9.5,5
7.7,0.6,0.0,2.6,0.055,7.0,13.0,0.99639,3.38,0.56,10.8,5
8.1,0.78,0.1,3.3,0.09,4.0,13.0,0.99855,3.36,0.49,9.5,5
7.4,0.53,0.12,1.9,0.165,4.0,12.0,0.99702,3.26,0.86,9.2,5
9.9,0.35,0.41,2.3,0.083,11.0,61.0,0.9982,3.21,0.5,9.5,5
6.7,0.64,0.23,2.1,0.08,11.0,119.0,0.99538,3.36,0.7,10.9,5
7.1,0.34,0.28,2.0,0.0819999999999999,31.0,68.0,0.99694,3.45,0.48,9.4,5
7.7,0.775,0.42,1.9,0.092,8.0,86.0,0.9959,3.23,0.59,9.5,5
9.3,0.4,0.49,2.5,0.085,38.0,142.0,0.9978,3.22,0.55,9.4,5
7.8,0.53,0.01,1.6,0.077,3.0,19.0,0.995,3.16,0.46,9.8,5
7.1,0.34,0.28,2.0,0.0819999999999999,31.0,68.0,0.99694,3.45,0.48,9.4,5
7.1,0.56,0.14,1.6,0.078,7.0,18.0,0.99592,3.27,0.62,9.3,5
7.0,0.57,0.02,2.0,0.072,17.0,26.0,0.99575,3.36,0.61,10.2,5
8.3,0.6,0.25,2.2,0.118,9.0,38.0,0.99616,3.15,0.53,9.8,5
7.5,0.42,0.31,1.6,0.08,15.0,42.0,0.9978,3.31,0.64,9.0,5
7.4,0.41,0.24,1.8,0.066,18.0,47.0,0.9956,3.37,0.62,10.4,5
6.7,0.7,0.08,3.75,0.067,8.0,16.0,0.99334,3.43,0.52,12.6,5
12.5,0.38,0.6,2.6,0.081,31.0,72.0,0.9996,3.1,0.73,10.5,5
10.3,0.44,0.5,4.5,0.107,5.0,13.0,0.998,3.28,0.83,11.5,5
8.8,0.44,0.49,2.8,0.083,18.0,111.0,0.9982,3.3,0.6,9.5,5
9.9,0.74,0.28,2.6,0.078,21.0,77.0,0.998,3.28,0.51,9.8,5
10.7,0.43,0.39,2.2,0.106,8.0,32.0,0.9986,2.89,0.5,9.6,5
6.6,0.695,0.0,2.1,0.075,12.0,56.0,0.9968,3.49,0.67,9.2,5
7.9,0.37,0.23,1.8,0.077,23.0,49.0,0.9963,3.28,0.67,9.3,5
7.3,0.32,0.23,2.3,0.066,35.0,70.0,0.99588,3.43,0.62,10.1,5
9.9,0.54,0.45,2.3,0.071,16.0,40.0,0.9991,3.39,0.62,9.4,5
9.7,0.69,0.32,2.5,0.088,22.0,91.0,0.9979,3.29,0.62,10.1,5
7.1,0.43,0.17,1.8,0.0819999999999999,27.0,51.0,0.99634,3.49,0.64,10.4,5
10.6,0.83,0.37,2.6,0.086,26.0,70.0,0.9981,3.16,0.52,9.9,5
8.8,0.59,0.18,2.9,0.089,12.0,74.0,0.99738,3.14,0.54,9.4,5
6.0,0.5,0.0,1.4,0.057,15.0,26.0,0.99448,3.36,0.45,9.5,5
7.4,0.53,0.26,2.0,0.1009999999999999,16.0,72.0,0.9957,3.15,0.57,9.4,5
9.9,0.74,0.19,5.8,0.111,33.0,76.0,0.99878,3.14,0.55,9.4,5
8.6,0.47,0.27,2.3,0.055,14.0,28.0,0.99516,3.18,0.8,11.2,5
8.6,0.47,0.3,3.0,0.076,30.0,135.0,0.9976,3.3,0.53,9.4,5
5.6,0.915,0.0,2.1,0.0409999999999999,17.0,78.0,0.99346,3.68,0.73,11.4,5
7.9,0.52,0.26,1.9,0.079,42.0,140.0,0.9964,3.23,0.54,9.5,5
9.9,0.5,0.5,13.8,0.205,48.0,82.0,1.00242,3.16,0.75,8.8,5
7.2,0.415,0.36,2.0,0.081,13.0,45.0,0.9972,3.48,0.64,9.2,5
9.0,0.58,0.25,2.8,0.075,9.0,104.0,0.99779,3.23,0.57,9.7,5
6.9,0.5,0.04,1.5,0.085,19.0,49.0,0.9958,3.35,0.78,9.5,5
9.8,0.98,0.32,2.3,0.078,35.0,152.0,0.998,3.25,0.48,9.4,5
9.2,0.59,0.24,3.3,0.1009999999999999,20.0,47.0,0.9988,3.26,0.67,9.6,5
7.5,0.58,0.14,2.2,0.077,27.0,60.0,0.9963,3.28,0.59,9.8,5
9.1,0.52,0.33,1.3,0.07,9.0,30.0,0.9978,3.24,0.6,9.3,5
6.3,0.39,0.16,1.4,0.08,11.0,23.0,0.9955,3.34,0.56,9.3,5
8.8,0.41,0.64,2.2,0.093,9.0,42.0,0.9986,3.54,0.66,10.5,5
7.7,0.69,0.49,1.8,0.115,20.0,112.0,0.9968,3.21,0.71,9.3,5
8.7,0.82,0.02,1.2,0.07,36.0,48.0,0.9952,3.2,0.58,9.8,5
8.2,0.7,0.23,2.0,0.099,14.0,81.0,0.9973,3.19,0.7,9.4,5
7.6,0.74,0.0,1.9,0.1,6.0,12.0,0.99521,3.36,0.59,11.0,5
8.2,0.885,0.2,1.4,0.086,7.0,31.0,0.9946,3.11,0.46,10.0,5
8.7,0.84,0.0,1.4,0.065,24.0,33.0,0.9954,3.27,0.55,9.7,5
7.9,0.5,0.33,2.0,0.084,15.0,143.0,0.9968,3.2,0.55,9.5,5
8.1,0.575,0.22,2.1,0.077,12.0,65.0,0.9967,3.29,0.51,9.2,5
8.5,0.46,0.31,2.25,0.078,32.0,58.0,0.998,3.33,0.54,9.8,5
9.2,0.46,0.23,2.6,0.091,18.0,77.0,0.99922,3.15,0.51,9.4,5
7.0,0.5,0.14,1.8,0.078,10.0,23.0,0.99636,3.53,0.61,10.4,5
8.5,0.655,0.49,6.1,0.122,34.0,151.0,1.001,3.31,1.14,9.3,5
7.7,0.49,0.26,1.9,0.062,9.0,31.0,0.9966,3.39,0.64,9.6,5
9.9,0.57,0.25,2.0,0.104,12.0,89.0,0.9963,3.04,0.9,10.1,5
7.5,0.59,0.22,1.8,0.0819999999999999,43.0,60.0,0.99499,3.1,0.42,9.2,5
7.7,0.835,0.0,2.6,0.081,6.0,14.0,0.9975,3.3,0.52,9.3,5
8.8,0.42,0.21,2.5,0.092,33.0,88.0,0.99823,3.19,0.52,9.2,5
7.6,0.42,0.25,3.9,0.104,28.0,90.0,0.99784,3.15,0.57,9.1,5
7.0,0.78,0.08,2.0,0.093,10.0,19.0,0.9956,3.4,0.47,10.0,5
6.0,0.5,0.0,1.4,0.057,15.0,26.0,0.99448,3.36,0.45,9.5,5
7.4,0.66,0.0,1.8,0.075,13.0,40.0,0.9978,3.51,0.56,9.4,5
10.6,1.025,0.43,2.8,0.08,21.0,84.0,0.9985,3.06,0.57,10.1,5
10.0,0.38,0.38,1.6,0.1689999999999999,27.0,90.0,0.99914,3.15,0.65,8.5,5
9.9,0.54,0.45,2.3,0.071,16.0,40.0,0.9991,3.39,0.62,9.4,5
7.1,0.755,0.15,1.8,0.107,20.0,84.0,0.99593,3.19,0.5,9.5,5
10.0,0.58,0.22,1.9,0.08,9.0,32.0,0.9974,3.13,0.55,9.5,5
8.7,0.78,0.51,1.7,0.415,12.0,66.0,0.99623,3.0,1.17,9.2,5
13.0,0.32,0.65,2.6,0.093,15.0,47.0,0.9996,3.05,0.61,10.6,5
7.6,0.55,0.21,2.2,0.071,7.0,28.0,0.9964,3.28,0.55,9.7,5
6.5,0.46,0.14,2.4,0.114,9.0,37.0,0.99732,3.66,0.65,9.8,5
8.8,0.6,0.29,2.2,0.098,5.0,15.0,0.9988,3.36,0.49,9.1,5
8.1,1.33,0.0,1.8,0.0819999999999999,3.0,12.0,0.9964,3.54,0.48,10.9,5
6.8,0.775,0.0,3.0,0.102,8.0,23.0,0.9965,3.45,0.56,10.7,5
6.6,0.705,0.07,1.6,0.076,6.0,15.0,0.9962,3.44,0.58,10.7,5
6.4,0.57,0.02,1.8,0.067,4.0,11.0,0.997,3.46,0.68,9.5,5
8.9,0.31,0.36,2.6,0.0559999999999999,10.0,39.0,0.99562,3.4,0.69,11.8,5
12.3,0.5,0.49,2.2,0.089,5.0,14.0,1.0002,3.19,0.44,9.6,5
7.9,0.18,0.4,2.2,0.049,38.0,67.0,0.996,3.33,0.93,11.3,5
8.8,0.4,0.4,2.2,0.079,19.0,52.0,0.998,3.44,0.64,9.2,5
11.5,0.42,0.48,2.6,0.077,8.0,20.0,0.99852,3.09,0.53,11.0,5
8.6,0.47,0.47,2.4,0.074,7.0,29.0,0.9979,3.08,0.46,9.5,5
8.4,0.56,0.04,2.0,0.0819999999999999,10.0,22.0,0.9976,3.22,0.44,9.6,5
6.7,0.64,0.23,2.1,0.08,11.0,119.0,0.99538,3.36,0.7,10.9,5
9.5,0.57,0.27,2.3,0.0819999999999999,23.0,144.0,0.99782,3.27,0.55,9.4,5
12.3,0.39,0.63,2.3,0.091,6.0,18.0,1.0004,3.16,0.49,9.5,5
8.0,0.6,0.22,2.1,0.08,25.0,105.0,0.99613,3.3,0.49,9.9,5
7.8,0.43,0.32,2.8,0.08,29.0,58.0,0.9974,3.31,0.64,10.3,5
8.0,0.745,0.56,2.0,0.118,30.0,134.0,0.9968,3.24,0.66,9.4,5
9.3,0.61,0.26,3.4,0.09,25.0,87.0,0.99975,3.24,0.62,9.7,5
7.1,0.63,0.06,2.0,0.083,8.0,29.0,0.99855,3.67,0.73,9.6,5
6.8,0.48,0.25,2.0,0.076,29.0,61.0,0.9953,3.34,0.6,10.4,5
7.8,0.61,0.29,1.6,0.114,9.0,29.0,0.9974,3.26,1.56,9.1,5
7.2,0.66,0.03,2.3,0.078,16.0,86.0,0.99743,3.53,0.57,9.7,5
8.2,0.28,0.6,3.0,0.104,10.0,22.0,0.99828,3.39,0.68,10.6,5
8.4,0.745,0.11,1.9,0.09,16.0,63.0,0.9965,3.19,0.82,9.6,5
8.6,0.55,0.09,3.3,0.068,8.0,17.0,0.99735,3.23,0.44,10.0,5
7.1,0.71,0.0,1.9,0.08,14.0,35.0,0.9972,3.47,0.55,9.4,5
7.0,0.58,0.12,1.9,0.091,34.0,124.0,0.9956,3.44,0.48,10.5,5
6.9,0.55,0.15,2.2,0.076,19.0,40.0,0.9961,3.41,0.59,10.1,5
8.2,0.28,0.6,3.0,0.104,10.0,22.0,0.99828,3.39,0.68,10.6,5
7.0,0.62,0.1,1.4,0.071,27.0,63.0,0.996,3.28,0.61,9.2,5
8.8,0.6,0.29,2.2,0.098,5.0,15.0,0.9988,3.36,0.49,9.1,5
8.3,0.65,0.1,2.9,0.089,17.0,40.0,0.99803,3.29,0.55,9.5,5
7.9,0.69,0.21,2.1,0.08,33.0,141.0,0.9962,3.25,0.51,9.9,5
7.1,0.62,0.06,1.3,0.07,5.0,12.0,0.9942,3.17,0.48,9.8,5
8.5,0.21,0.52,1.9,0.09,9.0,23.0,0.99648,3.36,0.67,10.4,5
8.2,0.73,0.21,1.7,0.074,5.0,13.0,0.9968,3.2,0.52,9.5,5
8.8,0.24,0.54,2.5,0.083,25.0,57.0,0.9983,3.39,0.54,9.2,5
8.2,0.56,0.23,3.4,0.078,14.0,104.0,0.9976,3.28,0.62,9.4,5
8.6,0.63,0.17,2.9,0.099,21.0,119.0,0.998,3.09,0.52,9.3,5
7.8,0.6,0.26,2.0,0.08,31.0,131.0,0.99622,3.21,0.52,9.9,5
10.0,0.69,0.11,1.4,0.084,8.0,24.0,0.99578,2.88,0.47,9.7,5
7.7,1.005,0.15,2.1,0.102,11.0,32.0,0.99604,3.23,0.48,10.0,5
8.9,0.875,0.13,3.45,0.088,4.0,14.0,0.9994,3.44,0.52,11.5,5
7.3,0.73,0.24,1.9,0.108,18.0,102.0,0.9967,3.26,0.59,9.3,5
12.3,0.39,0.63,2.3,0.091,6.0,18.0,1.0004,3.16,0.49,9.5,5
7.0,0.62,0.08,1.8,0.076,8.0,24.0,0.9978,3.48,0.53,9.0,5
7.6,0.685,0.23,2.3,0.111,20.0,84.0,0.9964,3.21,0.61,9.3,5
15.5,0.645,0.49,4.2,0.095,10.0,23.0,1.00315,2.92,0.74,11.1,5
7.6,0.46,0.11,2.6,0.079,12.0,49.0,0.9968,3.21,0.57,10.0,5
8.1,0.725,0.22,2.2,0.072,11.0,41.0,0.9967,3.36,0.55,9.1,5
6.2,0.63,0.31,1.7,0.088,15.0,64.0,0.9969,3.46,0.79,9.3,5
7.8,0.88,0.0,2.6,0.098,25.0,67.0,0.9968,3.2,0.68,9.8,5
7.8,0.53,0.01,1.6,0.077,3.0,19.0,0.995,3.16,0.46,9.8,5
11.2,0.4,0.5,2.0,0.099,19.0,50.0,0.99783,3.1,0.58,10.4,5
8.1,0.575,0.22,2.1,0.077,12.0,65.0,0.9967,3.29,0.51,9.2,5
7.8,0.87,0.26,3.8,0.107,31.0,67.0,0.99668,3.26,0.46,9.2,5
7.3,0.59,0.26,7.2,0.07,35.0,121.0,0.9981,3.37,0.49,9.4,5
8.9,0.595,0.41,7.9,0.086,30.0,109.0,0.9998,3.27,0.57,9.3,5
6.1,0.34,0.25,1.8,0.084,4.0,28.0,0.99464,3.36,0.44,10.1,5
8.9,0.48,0.24,2.85,0.094,35.0,106.0,0.9982,3.1,0.53,9.2,5
7.2,0.655,0.03,1.8,0.078,7.0,12.0,0.99587,3.34,0.39,9.5,5
7.8,0.82,0.29,4.3,0.083,21.0,64.0,0.99642,3.16,0.53,9.4,5
5.6,0.66,0.0,2.5,0.066,7.0,15.0,0.99256,3.52,0.58,12.9,5
7.2,0.73,0.02,2.5,0.076,16.0,42.0,0.9972,3.44,0.52,9.3,5
6.6,0.57,0.02,2.1,0.115,6.0,16.0,0.99654,3.38,0.69,9.5,5
7.1,0.69,0.04,2.1,0.068,19.0,27.0,0.99712,3.44,0.67,9.8,5
7.8,0.41,0.68,1.7,0.467,18.0,69.0,0.9973,3.08,1.31,9.3,5
7.7,0.39,0.12,1.7,0.0969999999999999,19.0,27.0,0.99596,3.16,0.49,9.4,5
7.1,0.31,0.3,2.2,0.053,36.0,127.0,0.9965,2.94,1.62,9.5,5
8.1,0.78,0.23,2.6,0.059,5.0,15.0,0.997,3.37,0.56,11.3,5
7.6,0.41,0.24,1.8,0.08,4.0,11.0,0.9962,3.28,0.59,9.5,5
9.3,0.43,0.44,1.9,0.085,9.0,22.0,0.99708,3.28,0.55,9.5,5
8.8,0.61,0.14,2.4,0.067,10.0,42.0,0.9969,3.19,0.59,9.5,5
7.8,0.815,0.01,2.6,0.074,48.0,90.0,0.99621,3.38,0.62,10.8,5
7.7,0.965,0.1,2.1,0.1119999999999999,11.0,22.0,0.9963,3.26,0.5,9.5,5
7.0,0.23,0.4,1.6,0.063,21.0,67.0,0.9952,3.5,0.63,11.1,5
7.2,0.54,0.27,2.6,0.084,12.0,78.0,0.9964,3.39,0.71,11.0,5
7.2,0.695,0.13,2.0,0.076,12.0,20.0,0.99546,3.29,0.54,10.1,5
7.4,0.36,0.29,2.6,0.087,26.0,72.0,0.99645,3.39,0.68,11.0,5
6.7,0.54,0.13,2.0,0.076,15.0,36.0,0.9973,3.61,0.64,9.8,5
6.2,0.64,0.09,2.5,0.081,15.0,26.0,0.99538,3.57,0.63,12.0,5
7.2,0.62,0.06,2.5,0.078,17.0,84.0,0.99746,3.51,0.53,9.7,5
8.1,0.78,0.23,2.6,0.059,5.0,15.0,0.997,3.37,0.56,11.3,5
7.9,0.885,0.03,1.8,0.0579999999999999,4.0,8.0,0.9972,3.36,0.33,9.1,4
7.6,0.68,0.02,1.3,0.072,9.0,20.0,0.9965,3.17,1.08,9.2,4
8.5,0.4,0.4,6.3,0.05,3.0,10.0,0.99566,3.28,0.56,12.0,4
6.2,0.785,0.0,2.1,0.06,6.0,13.0,0.99664,3.59,0.61,10.0,4
9.2,0.52,1.0,3.4,0.61,32.0,69.0,0.9996,2.74,2.0,9.4,4
8.3,0.845,0.01,2.2,0.07,5.0,14.0,0.9967,3.32,0.58,11.0,4
5.0,1.02,0.04,1.4,0.045,41.0,85.0,0.9938,3.75,0.48,10.5,4
8.4,0.67,0.19,2.2,0.093,11.0,75.0,0.99736,3.2,0.59,9.2,4
8.8,0.61,0.3,2.8,0.088,17.0,46.0,0.9976,3.26,0.51,9.3,4
6.4,0.53,0.09,3.9,0.123,14.0,31.0,0.9968,3.5,0.67,11.0,4
6.5,0.88,0.03,5.6,0.079,23.0,47.0,0.99572,3.58,0.5,11.2,4
5.6,0.62,0.03,1.5,0.08,6.0,13.0,0.99498,3.66,0.62,10.1,4
8.3,0.625,0.2,1.5,0.08,27.0,119.0,0.9972,3.16,1.12,9.1,4
7.0,0.975,0.04,2.0,0.087,12.0,67.0,0.99565,3.35,0.6,9.4,4
12.5,0.46,0.49,4.5,0.07,26.0,49.0,0.9981,3.05,0.57,9.6,4
7.3,0.55,0.03,1.6,0.072,17.0,42.0,0.9956,3.37,0.48,9.0,4
9.9,0.5,0.24,2.3,0.103,6.0,14.0,0.9978,3.34,0.52,10.0,4
7.3,0.35,0.24,2.0,0.067,28.0,48.0,0.99576,3.43,0.54,10.0,4
8.1,0.87,0.0,3.3,0.096,26.0,61.0,1.00025,3.6,0.72,9.8,4
11.6,0.47,0.44,1.6,0.147,36.0,51.0,0.99836,3.38,0.86,9.9,4
10.1,0.935,0.22,3.4,0.105,11.0,86.0,1.001,3.43,0.64,11.3,4
6.5,0.67,0.0,4.3,0.057,11.0,20.0,0.99488,3.45,0.56,11.8,4
6.9,1.09,0.06,2.1,0.061,12.0,31.0,0.9948,3.51,0.43,11.4,4
8.8,0.955,0.05,1.8,0.075,5.0,19.0,0.99616,3.3,0.44,9.6,4
6.7,1.04,0.08,2.3,0.067,19.0,32.0,0.99648,3.52,0.57,11.0,4
7.5,0.38,0.48,2.6,0.073,22.0,84.0,0.9972,3.32,0.7,9.6,4
6.9,0.39,0.24,2.1,0.102,4.0,7.0,0.99462,3.44,0.58,11.4,4
6.3,1.02,0.0,2.0,0.083,17.0,24.0,0.99437,3.59,0.55,11.2,4
7.5,0.685,0.07,2.5,0.0579999999999999,5.0,9.0,0.99632,3.38,0.55,10.9,4
8.1,0.73,0.0,2.5,0.081,12.0,24.0,0.99798,3.38,0.46,9.6,4
8.3,0.675,0.26,2.1,0.084,11.0,43.0,0.9976,3.31,0.53,9.2,4
6.7,0.489,0.26,1.9,0.14554507910152262,22.0,10.0,0.9938,3.47,0.68,12.0,4
6.3,0.717,0.17,6.2,0.14457802407294468,25.0,22.0,0.9938,3.39,0.6,11.4,4
9.1,0.35,0.12,3.4,0.10622147417850059,9.0,12.0,0.99838,3.66,0.43,9.8,4
7.5,0.568,0.16,3.6,0.0951656296119025,12.0,7.0,0.9938,3.39,0.75,10.3,4
7.7,0.35,0.1,2.5,0.12348278684676509,41.0,45.0,0.9938,3.0,0.63,10.6,4
7.2,0.35,0.32,3.9,0.0912177739141668,18.0,70.0,0.9938,3.38,0.85,11.6,4
8.7,0.35,1.0,2.5,0.045,13.0,7.0,0.99489,2.92,0.83,10.3,4
6.9,0.365,0.17,2.7,0.11449232877073384,35.0,7.0,0.99569,3.41,0.55,10.9,4
11.4,0.623,0.2,3.0,0.16832726168815776,21.0,7.0,0.99969,2.82,0.63,9.2,4
7.2,0.495,0.34,3.2,0.08189016054722932,39.0,7.0,0.99536,3.66,0.91,12.0,4
9.9,0.35,0.03,2.5,0.17644347566111385,37.0,15.0,0.9938,3.47,0.77,11.9,4
9.5,0.467,0.31,2.6,0.045,8.0,7.0,0.99641,3.51,0.83,9.1,4
7.7,0.35,1.0,3.3,0.05737082660522404,23.0,15.0,0.99429,3.75,0.66,10.5,4
8.3,0.362,0.49,3.5,0.13687274046316103,20.0,29.0,0.99707,3.72,0.76,10.9,4
9.6,0.35,0.25,2.5,0.10758954118322446,24.0,20.0,0.99426,3.52,0.56,9.7,4
6.1,0.35,0.02,6.3,0.09505937944408759,19.0,7.0,0.99577,3.49,0.76,10.1,4
9.0,0.364,0.0,2.5,0.061618133667609175,7.0,83.0,0.99406,3.68,0.59,12.0,4
6.7,0.643,0.13,2.4,0.12985007988275366,30.0,55.0,0.99673,3.49,0.41,12.0,4
6.3,0.35,0.19,4.4,0.045,39.0,23.0,0.99463,3.65,0.72,10.7,4
8.0,0.465,0.36,3.5,0.1546747093092472,21.0,7.0,0.99471,3.5,0.55,10.1,4
7.0,0.508,0.12,5.9,0.10807116074800113,3.0,23.0,0.99583,3.07,0.79,10.6,4
7.1,0.435,0.29,1.7,0.045,32.0,7.0,0.99697,3.22,0.63,12.0,4
8.4,0.458,0.0,6.3,0.10921100322493754,20.0,73.0,0.99585,3.43,0.6,9.2,4
8.9,0.491,0.2,3.6,0.11848514585603165,9.0,58.0,0.99521,3.54,0.73,10.8,4
10.6,1.084,0.31,3.6,0.12382055947571692,32.0,12.0,0.9938,3.71,0.84,10.7,4
6.6,0.497,0.36,2.5,0.08375955788251943,41.0,7.0,0.9938,3.59,0.48,10.4,4
8.4,0.718,0.73,2.7,0.11350858082305518,11.0,15.0,0.9938,3.66,0.33,10.9,4
5.2,0.873,0.25,3.7,0.05979543048717343,25.0,7.0,0.99689,3.25,0.73,10.8,4
8.4,0.35,0.32,2.7,0.10247479733247598,21.0,7.0,0.99576,3.28,0.6,11.1,4
6.2,0.35,0.0,5.3,0.06406140398344692,4.0,13.0,0.99708,3.31,0.43,12.0,4
7.9,0.485,0.11,3.1,0.05202241303057138,41.0,57.0,0.99781,3.51,0.76,10.6,4
6.8,0.35,0.31,2.9,0.045,34.0,7.0,0.9938,3.75,0.71,10.6,4
10.0,0.468,0.01,3.2,0.11705787504681067,9.0,24.0,0.99669,3.57,0.82,9.2,4
8.6,0.35,0.01,5.7,0.12646763289341112,17.0,7.0,1.0,3.75,0.55,9.9,4
7.3,0.678,0.16,6.3,0.24838971113980732,41.0,7.0,0.99876,3.46,1.27,12.0,4
10.1,0.944,0.12,4.5,0.08043572993737458,20.0,7.0,0.99879,3.59,0.8,10.3,4
10.7,0.744,0.39,5.0,0.07847311527432033,17.0,7.0,0.9978,3.48,0.76,10.7,4
7.2,0.855,0.82,2.7,0.08643947007814895,12.0,7.0,0.99546,3.29,0.61,10.1,4
5.6,0.594,0.29,3.1,0.0719215249083337,15.0,29.0,0.99779,3.23,0.45,12.0,4
7.3,0.383,0.24,2.6,0.11284067391972823,30.0,47.0,0.9944,3.66,0.62,10.4,4
8.4,0.35,0.31,1.3,0.10287728944471262,41.0,7.0,0.99386,3.37,0.64,10.2,4
7.0,0.806,0.14,6.3,0.045,20.0,81.0,0.9938,3.55,0.64,10.6,4
10.1,0.483,0.21,4.3,0.12457612059564144,41.0,93.0,0.99539,3.75,0.68,9.9,4
8.6,0.649,0.23,2.5,0.61,26.0,30.0,0.99568,3.24,0.82,12.0,4
7.2,0.35,0.0,2.6,0.045,26.0,55.0,0.99475,3.74,0.61,10.5,4
9.5,0.62,0.42,3.0,0.13774467339028057,20.0,7.0,0.99559,3.49,0.84,11.4,4
7.5,0.405,0.11,6.3,0.09469595112289651,36.0,7.0,0.9938,3.59,0.51,10.0,4
12.5,0.35,0.06,6.3,0.24320311226385566,26.0,9.0,0.99695,3.6,0.76,9.2,4
7.0,0.826,0.28,4.0,0.13057803802176143,41.0,7.0,0.9938,3.75,0.81,10.2,4
10.4,0.759,0.18,2.8,0.045,18.0,7.0,0.99936,3.67,0.95,10.0,4
6.8,0.35,0.38,1.3,0.05522755020668914,41.0,13.0,0.99769,3.75,0.6,12.0,4
5.0,0.35,0.28,3.1,0.045,27.0,13.0,0.99608,3.71,0.38,10.8,4
6.5,0.578,0.36,2.7,0.12847588744218147,26.0,61.0,0.9938,3.66,0.62,10.6,4
5.9,0.712,0.0,6.3,0.13504255792394126,31.0,7.0,0.9938,3.36,0.54,10.8,4
5.7,0.466,0.0,2.2,0.12292147924634425,24.0,68.0,0.99754,3.29,0.54,10.0,4
6.6,0.472,0.37,2.7,0.14660137502636128,8.0,45.0,0.9938,2.93,0.43,10.5,4
5.9,0.439,0.06,2.8,0.045,23.0,38.0,0.9938,3.35,0.82,10.7,4
7.1,0.371,0.2,3.5,0.13133652663122974,23.0,7.0,0.99739,3.71,0.43,9.6,4
6.6,0.434,0.22,2.3,0.09700653371277171,17.0,10.0,0.9938,3.53,0.72,10.5,4
8.6,0.35,0.22,2.8,0.10817692959495526,37.0,7.0,0.99447,3.7,0.55,10.3,4
8.1,0.436,0.31,2.3,0.09606211017810809,20.0,39.0,1.001,3.17,0.82,10.8,4
10.0,0.35,0.07,3.9,0.08318185035782202,6.0,7.0,0.99692,3.7,0.63,10.4,4
5.6,0.817,0.21,2.3,0.10443461225582762,41.0,7.0,0.9938,3.21,0.41,10.0,4
9.4,0.418,0.13,3.1,0.11428606697105226,24.0,7.0,0.9938,3.39,0.83,10.5,4
8.3,0.87,0.24,3.3,0.15655078098467512,28.0,7.0,0.99549,3.6,0.71,11.0,4
6.4,0.73,0.23,3.7,0.0893853367490414,12.0,105.0,0.99441,3.75,0.87,9.6,4
10.2,0.469,0.0,1.6,0.09242788761407714,20.0,8.0,0.9938,3.73,0.92,11.8,4
7.2,0.564,0.92,3.9,0.045,18.0,54.0,0.99638,3.64,0.71,10.2,4
5.7,0.918,0.01,3.3,0.15628905096205875,15.0,7.0,0.9962,3.62,0.56,12.0,4
8.5,0.37,0.2,5.6,0.08496752513922844,7.0,22.0,1.00041,3.52,0.79,12.0,4
7.8,0.612,0.22,6.3,0.045,19.0,7.0,0.99673,3.62,0.55,10.7,4
9.3,0.532,0.39,6.3,0.11158738712514059,13.0,11.0,0.9938,3.51,0.66,9.8,4
5.9,0.35,0.97,6.3,0.1288458526213236,28.0,7.0,1.00062,3.4,0.46,10.9,4
6.4,0.685,0.1,5.3,0.045,13.0,7.0,0.99532,3.73,0.63,10.5,4
5.9,0.769,1.0,2.3,0.1606475223096453,37.0,66.0,0.99619,3.54,0.72,10.6,4
6.0,0.35,0.18,6.3,0.045,11.0,7.0,0.9967,3.62,0.62,10.6,4
7.2,0.35,0.03,1.7,0.052588372487277366,3.0,31.0,0.99527,3.69,0.63,10.4,4
6.8,0.879,1.0,2.7,0.1143197478529927,41.0,8.0,0.9938,3.62,0.53,10.9,4
8.4,0.604,0.0,2.3,0.09207178539283901,33.0,7.0,0.99468,3.11,0.93,10.8,4
6.7,0.35,0.26,5.9,0.045,15.0,35.0,0.99634,3.69,0.78,10.3,4
7.2,0.35,1.0,6.3,0.11727584024813983,36.0,63.0,0.99512,3.09,0.41,10.9,4
6.1,0.35,0.56,2.5,0.10511237362003767,14.0,21.0,0.99597,3.24,0.61,10.3,4
8.2,0.35,0.3,1.3,0.12510672069935835,41.0,7.0,0.99399,3.57,0.71,9.2,4
8.1,0.35,0.26,1.9,0.11329548712168352,37.0,31.0,0.9938,3.57,0.68,11.1,4
5.4,0.878,0.93,5.6,0.0640168884397571,20.0,35.0,0.9938,3.34,0.89,10.8,4
7.9,0.35,0.14,2.8,0.08856970226515562,13.0,12.0,0.99787,3.75,0.79,11.1,4
7.2,0.47,0.27,3.0,0.13329513515351518,33.0,7.0,0.9938,3.29,0.62,12.0,4
8.0,0.35,0.19,1.4,0.08745201511432141,23.0,7.0,0.99708,3.54,1.71,9.8,4
10.7,0.797,0.36,5.8,0.13089455111018536,24.0,7.0,0.99548,3.3,0.63,9.4,4
7.7,0.55,0.03,1.6,0.09451486638894421,22.0,20.0,0.9938,3.61,0.41,9.9,4
5.9,0.35,1.0,3.1,0.14741586621575836,41.0,30.0,0.99395,3.01,0.58,10.9,4
6.3,0.35,0.0,3.5,0.045,9.0,7.0,0.9938,3.61,0.77,9.8,4
10.3,0.35,0.29,3.1,0.04816337861133425,31.0,12.0,0.99756,3.64,0.7,11.6,4
7.5,0.35,0.12,4.8,0.0707121447199412,23.0,7.0,0.99733,3.74,0.76,10.2,4
6.1,0.35,0.19,5.0,0.09671969218970139,20.0,7.0,0.99465,3.4,0.44,11.1,4
7.2,0.747,1.0,3.7,0.11365196552368889,12.0,7.0,0.99428,3.6,1.65,10.2,4
8.8,0.35,0.44,3.4,0.09878005474104555,7.0,7.0,0.9938,3.01,0.82,10.7,4
7.3,0.828,0.15,5.7,0.4144851765032571,36.0,44.0,0.99816,3.75,0.46,10.6,4
6.1,0.705,0.17,1.6,0.13703273284803752,26.0,56.0,0.99574,3.48,0.76,10.8,4
7.3,0.507,0.02,2.4,0.045,28.0,21.0,0.99397,3.71,0.53,10.2,4
8.9,0.35,0.23,2.2,0.045,41.0,12.0,0.99853,3.45,0.33,12.0,4
5.0,0.624,0.47,2.0,0.045,24.0,12.0,0.9938,3.69,0.51,10.5,4
8.8,0.625,0.0,3.5,0.07740783987768708,33.0,7.0,0.99446,3.64,0.57,9.0,4
8.6,0.81,0.02,1.3,0.14300539504830234,41.0,18.0,0.99561,3.6,0.69,10.7,4
9.0,0.402,0.11,1.7,0.059154575816450394,33.0,7.0,0.99804,3.67,0.67,9.0,4
7.5,0.354,0.3,2.7,0.15943725944873355,38.0,18.0,0.99405,3.75,0.53,11.6,4
8.6,0.654,0.18,3.4,0.045,13.0,22.0,0.99605,3.48,0.6,12.0,4
8.0,0.43,0.36,6.3,0.10132700998330067,16.0,8.0,0.9965,3.55,0.6,11.3,4
8.9,0.916,0.36,6.3,0.11072451531907258,41.0,16.0,0.99476,3.47,0.5,12.0,4
7.9,0.464,0.14,2.3,0.1452893614146546,41.0,12.0,0.9938,3.35,0.86,9.4,4
5.9,0.429,0.17,3.7,0.08976942222979321,12.0,97.0,0.99477,3.64,0.6,11.1,4
9.9,0.35,0.3,3.4,0.09500219013267519,25.0,30.0,0.99653,3.75,0.55,9.9,4
8.8,0.35,0.18,3.6,0.09798682309217636,19.0,7.0,0.9938,3.36,0.51,10.4,4
7.2,0.35,0.3,2.2,0.1306577653965708,20.0,7.0,0.99434,3.3,0.6,10.3,4
6.4,0.35,0.0,3.4,0.15612411495542183,41.0,23.0,0.9938,3.52,0.62,10.0,4
7.9,0.35,0.17,6.1,0.07224878332581935,16.0,7.0,0.99819,3.58,2.0,11.8,4
9.6,0.657,0.2,6.3,0.1288147550112314,24.0,7.0,0.99692,3.69,0.48,10.7,4
8.3,0.468,0.05,4.8,0.11810393951043305,12.0,39.0,0.9938,3.67,0.7,9.4,4
8.3,0.35,0.26,2.8,0.07428187359110427,27.0,7.0,0.99655,3.27,0.43,12.0,4
6.1,0.366,0.23,3.7,0.059661537999276565,8.0,68.0,0.9938,3.33,0.76,11.2,4
7.8,0.839,0.25,6.3,0.13572364344761087,21.0,7.0,0.99422,3.47,0.86,11.1,4
5.0,0.719,0.12,2.0,0.07352264942120329,37.0,7.0,0.9938,3.3,0.78,10.9,4
8.2,0.409,0.27,2.9,0.11150107699668742,19.0,12.0,0.9971,3.46,0.53,10.6,4
9.5,0.83,0.2,3.2,0.04799132877232334,8.0,7.0,0.99517,3.14,0.66,10.6,4
6.5,0.973,1.0,2.8,0.09745832271640209,19.0,7.0,0.99726,3.17,0.67,12.0,4
8.7,0.485,0.01,6.2,0.07923857086019047,10.0,52.0,0.9938,3.75,0.64,9.1,4
9.2,0.794,0.81,6.3,0.08883101103087795,26.0,7.0,0.99532,3.72,0.8,12.0,4
9.7,0.495,0.21,2.8,0.04787252121514956,11.0,79.0,0.99491,3.66,0.64,10.2,4
8.4,0.528,0.33,1.8,0.052173432807518065,26.0,7.0,0.99425,3.02,0.68,10.6,4
10.5,0.35,0.0,3.0,0.61,18.0,62.0,0.9938,3.47,0.75,10.0,4
10.7,0.367,0.22,5.6,0.045,15.0,31.0,0.99538,3.58,0.83,12.0,4
8.3,0.35,0.15,2.5,0.04980654275918375,41.0,9.0,0.99504,3.41,0.66,10.8,4
7.9,0.35,0.79,3.6,0.12676398138140524,20.0,7.0,0.9996,3.24,0.41,11.7,4
9.3,0.705,0.23,3.2,0.045,17.0,27.0,0.9938,3.6,0.48,10.5,4
7.0,0.529,0.41,3.6,0.05939553475984012,16.0,21.0,1.00029,3.44,0.68,12.0,4
9.5,0.737,0.26,6.3,0.045,26.0,7.0,1.00054,3.54,0.73,12.0,4
9.3,0.683,0.39,3.2,0.11584215715499094,28.0,27.0,0.9938,3.71,0.6,10.7,4
7.0,0.695,0.1,5.5,0.045,21.0,7.0,0.9938,3.06,0.59,11.0,4
9.0,0.591,0.16,2.6,0.10532624263079017,9.0,7.0,0.9938,3.71,0.89,10.8,4
8.3,0.56,0.0,2.4,0.108169144773728,41.0,7.0,0.9938,3.6,0.4,9.7,4
7.6,0.783,0.41,3.0,0.5344719102598732,41.0,8.0,0.99829,3.61,0.51,9.3,4
7.2,0.79,0.24,2.4,0.09215381492837864,23.0,23.0,0.9938,3.73,0.77,12.0,4
7.7,0.447,1.0,3.3,0.1171449588455128,8.0,24.0,0.99783,3.66,0.69,12.0,4
10.4,0.35,0.26,2.6,0.04990041256388324,10.0,7.0,0.9958,3.31,0.63,10.8,4
7.9,0.759,0.07,5.5,0.05383585347673395,17.0,7.0,0.9963,3.48,0.74,9.9,4
8.8,0.35,0.09,3.5,0.11599000357261131,34.0,26.0,0.99743,3.58,0.79,12.0,4
8.5,0.53,0.32,6.3,0.10576877053927926,28.0,7.0,0.99697,3.75,0.43,12.0,4
5.0,0.459,0.25,2.3,0.12151398620242856,41.0,7.0,0.9959,2.85,0.79,11.9,4
7.2,0.462,0.8,2.9,0.045,17.0,7.0,0.99893,3.68,0.78,10.0,4
7.1,0.801,0.09,3.1,0.08854441209932638,29.0,14.0,0.9938,3.6,0.76,12.0,4
9.0,0.562,0.29,2.2,0.14407946571928476,32.0,26.0,0.9938,3.75,0.87,11.5,4
7.3,0.383,0.22,2.3,0.045,11.0,11.0,0.99745,3.37,0.7,10.5,4
6.9,0.35,0.0,6.3,0.05190523477048972,14.0,7.0,1.00023,3.48,0.87,12.0,4
6.5,1.024,0.34,1.9,0.09622353844251445,27.0,7.0,1.001,3.36,0.63,11.6,4
6.0,0.635,0.19,2.3,0.045,25.0,7.0,0.99418,2.97,0.76,10.2,4
7.6,0.409,0.99,6.3,0.05641661089668888,25.0,7.0,0.9938,3.46,0.7,11.4,4
6.7,0.35,0.14,6.3,0.1381980113735408,16.0,29.0,0.99382,3.0,0.61,12.0,4
8.4,0.559,0.0,2.3,0.045,15.0,7.0,0.99457,3.52,0.65,10.6,4
7.7,0.603,0.91,1.7,0.045,13.0,18.0,0.99426,3.25,0.71,10.9,4
7.7,0.35,0.0,2.5,0.045,32.0,61.0,0.9938,3.23,0.68,12.0,4
9.6,0.379,0.22,2.4,0.045,30.0,72.0,0.99695,3.38,0.74,11.5,4
8.2,0.716,0.13,2.9,0.05753231060011444,34.0,83.0,0.99507,3.61,0.55,10.6,4
11.4,0.824,0.87,2.0,0.045,19.0,54.0,0.99599,3.75,0.86,9.6,4
6.2,0.35,0.0,3.2,0.14404407358365803,41.0,12.0,0.9938,3.43,0.34,10.1,4
7.3,0.565,0.18,2.4,0.05422482111180052,3.0,12.0,0.9956,3.06,0.61,10.6,4
6.6,0.693,0.0,3.0,0.10162522544251001,9.0,39.0,1.00059,3.54,0.92,10.8,4
8.9,0.721,0.0,3.1,0.1458770164209695,7.0,7.0,0.99594,3.23,2.0,10.8,4
7.9,0.368,0.4,5.0,0.10457165351607253,29.0,7.0,0.9943,3.21,0.48,12.0,4
10.1,0.365,0.1,3.0,0.045,28.0,41.0,0.99933,3.52,0.63,12.0,4
8.0,0.641,0.27,4.8,0.1279269651222717,5.0,7.0,0.99875,3.75,0.86,10.0,4
7.4,0.409,0.35,3.2,0.08445100927621976,18.0,7.0,0.99549,3.07,0.53,12.0,4
7.0,0.433,0.37,3.0,0.045,27.0,7.0,0.99874,3.5,0.52,10.4,4
9.1,0.35,0.15,5.8,0.12699692824814884,18.0,63.0,0.99679,3.26,0.82,10.2,4
7.9,0.35,0.11,6.3,0.61,17.0,7.0,0.9938,3.37,0.81,9.7,4
8.1,0.35,0.28,3.4,0.06831645840267903,8.0,7.0,0.99571,3.75,0.64,10.3,4
9.1,0.374,0.19,5.0,0.09628019011866909,13.0,28.0,0.99658,3.48,0.77,12.0,4
7.8,0.451,0.12,1.9,0.0637206956692919,17.0,7.0,0.99647,3.11,0.59,10.5,4
7.3,0.779,0.19,3.4,0.5830435024154109,28.0,7.0,0.9938,3.14,0.86,11.5,4
7.4,0.35,0.24,1.3,0.08044691524528984,18.0,45.0,0.99714,3.43,0.75,11.9,4
5.5,0.35,0.24,3.5,0.08285677321509023,17.0,7.0,0.9938,3.61,0.43,9.5,4
7.6,0.576,0.11,3.0,0.15983060520506073,16.0,7.0,0.99853,3.65,0.6,12.0,4
6.0,0.491,0.11,3.0,0.09857656635251072,16.0,61.0,0.99734,3.61,0.55,12.0,4
9.5,0.35,0.76,4.4,0.07976820881910326,24.0,19.0,0.99944,3.64,0.49,9.7,4
7.5,0.35,0.24,3.9,0.07908146288642294,13.0,7.0,0.99823,3.59,0.89,10.8,4
7.4,0.931,0.46,2.9,0.1196681171710845,19.0,7.0,1.001,3.61,0.77,10.5,4
7.5,0.504,0.3,2.8,0.04894202198644103,16.0,15.0,0.9948,3.19,0.79,11.3,4
6.1,0.447,0.1,1.3,0.12868101168433593,33.0,11.0,0.9938,3.5,0.85,10.8,4
7.6,0.35,0.14,2.6,0.08089553706194992,7.0,9.0,0.9938,3.06,0.73,9.7,4
12.4,0.739,0.04,3.0,0.14033288230377752,22.0,33.0,0.99754,3.44,0.52,10.4,4
7.8,0.585,0.17,2.6,0.13118453648820808,16.0,42.0,0.9938,3.71,0.69,10.0,4
5.0,0.35,0.21,5.4,0.062386893077458955,21.0,7.0,0.99428,3.52,0.53,10.1,4
6.9,0.847,0.36,6.3,0.06609958580214469,19.0,7.0,0.99663,3.74,1.62,9.7,4
6.4,0.35,0.38,6.3,0.061357133058680915,17.0,19.0,0.99491,3.59,0.6,10.5,4
5.1,0.398,0.2,4.5,0.06741989751901116,3.0,13.0,0.99714,3.43,0.43,12.0,4
6.3,0.654,0.08,2.9,0.15386378487082844,26.0,32.0,0.99434,3.63,0.71,9.4,4
8.1,0.35,0.01,2.8,0.16355163783276927,22.0,7.0,0.9938,3.43,0.59,10.5,4
7.0,0.662,0.72,2.9,0.08657897700252948,20.0,24.0,0.99825,3.75,0.48,10.7,4
10.2,0.436,0.4,4.6,0.04632650841403013,41.0,7.0,0.99679,3.6,0.65,12.0,4
7.0,1.09,0.21,2.2,0.045,41.0,24.0,0.99405,3.22,0.4,10.6,4
8.2,0.35,0.71,4.7,0.13555308849687764,12.0,7.0,0.9995,3.62,0.63,9.6,4
6.7,0.836,0.1,3.3,0.11813463717234568,27.0,35.0,0.99499,3.45,0.55,12.0,4
7.7,0.423,0.24,4.9,0.11937102451721529,21.0,18.0,0.99591,3.31,0.66,9.5,4
8.5,0.594,0.18,3.3,0.1574900494495654,22.0,119.0,0.9938,3.49,0.63,10.4,4
8.0,0.35,0.09,5.8,0.10108393819891322,41.0,7.0,0.99744,3.75,0.33,11.7,4
7.7,0.591,0.58,2.3,0.1350499471304717,24.0,16.0,0.99463,3.64,0.42,10.2,4
6.6,0.883,0.28,3.3,0.10964141630967629,22.0,7.0,0.99665,3.26,0.62,12.0,4
8.3,0.35,0.08,3.2,0.0999971757297575,13.0,29.0,0.99945,3.27,0.54,10.3,4
9.2,0.35,0.29,2.5,0.1576177115971734,29.0,85.0,0.9938,3.75,0.33,11.2,4
5.1,0.672,0.16,2.3,0.07790596222226599,7.0,7.0,0.99696,3.56,1.74,9.6,4
7.1,0.35,0.19,6.3,0.09905172937679863,17.0,7.0,0.9938,3.35,0.8,12.0,4
7.9,0.35,0.1,4.9,0.07843202510648388,27.0,76.0,0.9938,3.57,0.53,10.0,4
5.6,0.35,0.17,2.2,0.11081440858982289,16.0,7.0,0.99429,3.31,0.68,10.9,4
8.3,0.554,0.29,2.2,0.045,22.0,7.0,0.9938,3.31,0.88,10.7,4
7.7,0.35,0.21,5.5,0.0824994113209997,26.0,22.0,0.99941,3.75,0.58,10.1,4
7.1,0.457,1.0,6.3,0.0668809452187823,11.0,24.0,0.9938,3.65,0.47,10.3,4
7.0,1.09,0.09,2.9,0.08072458390461476,15.0,7.0,1.001,3.4,0.84,10.2,4
6.4,0.573,0.3,2.2,0.09485653195611916,19.0,56.0,0.9938,3.75,0.84,12.0,4
12.5,0.35,0.49,4.4,0.13088446061431105,19.0,7.0,0.99983,3.52,0.66,10.2,4
8.0,0.384,0.28,3.3,0.09750626404572825,23.0,67.0,0.99488,3.34,0.77,10.3,4
9.4,0.69,0.05,6.3,0.07881789795810881,12.0,7.0,0.99763,3.41,0.82,10.3,4
7.3,0.41,0.26,2.8,0.10490602822463004,22.0,46.0,0.9938,3.31,0.43,12.0,4
8.2,0.674,0.21,1.8,0.1381932251084412,15.0,7.0,0.99851,3.49,0.69,10.2,4
10.8,1.009,0.0,3.1,0.09554542466494949,25.0,7.0,0.99716,3.18,0.77,12.0,4
7.5,0.394,0.1,3.1,0.10986728540494728,41.0,42.0,0.9938,3.69,0.6,12.0,4
7.6,0.35,0.27,3.2,0.13317008578212935,39.0,28.0,0.99603,3.39,0.55,9.0,4
8.1,0.609,0.0,6.3,0.12935471783626643,11.0,40.0,0.9938,3.75,0.44,12.0,4
6.2,0.651,0.7,3.2,0.1256483783867608,18.0,7.0,0.99597,3.17,0.71,12.0,4
9.2,0.701,1.0,2.7,0.12200904337038548,41.0,11.0,0.9938,3.56,0.85,11.8,4
8.1,0.81,0.04,2.8,0.045,11.0,69.0,0.9972,3.72,0.6,12.0,4
8.5,0.35,0.18,6.3,0.1345168719376108,4.0,7.0,0.99957,3.75,0.7,10.0,4
6.5,0.35,0.78,3.4,0.09497500021299307,12.0,20.0,0.9938,3.75,0.67,12.0,4
8.6,0.603,0.06,2.8,0.12665216308258234,41.0,52.0,0.9938,3.63,1.35,10.4,4
5.3,0.35,0.57,3.8,0.09035405631604695,12.0,7.0,1.00079,3.75,0.67,12.0,4
7.0,0.35,0.1,2.4,0.61,16.0,7.0,0.9938,3.32,0.67,12.0,4
9.5,0.667,0.04,3.6,0.09737172410073744,17.0,13.0,0.99889,3.75,0.46,12.0,4
5.5,0.448,0.41,3.8,0.0540242470997544,12.0,7.0,0.99641,3.55,0.53,10.7,4
7.4,0.35,0.27,3.1,0.16424324658313044,27.0,7.0,0.99665,3.48,0.5,9.3,4
10.0,0.641,0.27,2.3,0.13699565568483466,27.0,7.0,1.001,3.49,0.62,10.3,4
9.2,0.765,0.37,3.1,0.12768692081447292,13.0,29.0,0.99682,3.75,0.33,11.3,4
6.0,0.737,0.17,3.2,0.09934720584663077,39.0,7.0,0.9977,3.45,0.56,12.0,4
9.4,0.364,0.3,1.4,0.045,16.0,34.0,0.99829,3.59,0.47,9.8,4
8.9,0.363,0.2,2.6,0.15044772912134832,35.0,31.0,0.9938,3.33,0.59,10.7,4
8.3,0.35,0.26,3.5,0.10123317460037073,37.0,40.0,0.9961,3.23,0.56,12.0,4
6.3,0.437,0.85,3.5,0.045,18.0,27.0,0.99972,3.35,0.68,9.4,4
6.6,0.461,1.0,6.3,0.1454939906389803,41.0,7.0,0.99419,3.43,0.75,9.7,4
8.0,0.466,0.31,4.0,0.10249003961985988,15.0,7.0,0.9955,3.58,0.79,10.5,4
9.2,0.499,0.26,6.3,0.10255898970253578,40.0,7.0,0.99949,3.44,0.53,12.0,4
8.2,0.542,0.25,5.8,0.11121884799073703,15.0,34.0,0.99631,3.35,0.85,9.9,4
6.5,0.35,0.71,3.5,0.1298762281656708,10.0,7.0,0.99413,3.6,0.71,10.1,4
7.4,0.35,0.24,2.8,0.045,14.0,56.0,0.99418,3.67,0.85,11.8,4
5.6,0.427,0.23,2.7,0.07117972512013641,16.0,7.0,0.9938,3.39,0.54,10.0,4
9.7,0.607,0.21,2.3,0.08069674222511751,8.0,11.0,0.9938,3.67,0.44,12.0,4
9.1,0.35,0.19,3.8,0.08273315992812576,41.0,7.0,0.99827,3.64,0.38,10.1,4
7.7,0.779,0.28,2.3,0.10527745878767594,10.0,14.0,0.9938,3.05,0.61,11.6,4
7.7,0.667,0.28,5.4,0.1250233741213504,41.0,95.0,0.99824,3.74,0.33,10.9,4
12.0,0.35,0.14,2.5,0.04561340736641364,22.0,7.0,0.9938,3.35,0.83,10.6,4
6.7,0.906,0.13,3.3,0.142187251873069,22.0,23.0,0.9938,3.54,0.69,10.3,4
8.3,0.613,0.02,2.9,0.045,41.0,30.0,0.99943,3.35,0.67,10.4,4
9.7,0.599,0.01,6.1,0.12486836469739948,33.0,77.0,0.99486,3.65,0.74,12.0,4
6.9,0.621,0.0,2.5,0.11994416992809817,40.0,7.0,0.9938,3.47,0.87,12.0,4
6.5,0.35,0.02,3.3,0.13483780412559243,24.0,7.0,0.9938,3.62,0.76,10.3,4
7.4,0.556,0.15,6.3,0.12302162364789344,39.0,11.0,0.9966,3.56,0.55,10.5,4
6.6,0.917,0.2,2.1,0.11064399460443164,41.0,7.0,0.9979,3.75,0.86,10.8,4
7.0,0.413,0.23,3.3,0.13711556146037032,4.0,20.0,0.99587,3.55,0.74,11.6,4
5.0,0.543,0.92,6.3,0.08357768103808447,20.0,7.0,0.99889,3.58,0.82,9.9,4
6.6,0.35,0.24,1.8,0.13720334025099104,15.0,7.0,0.9948,3.75,0.51,9.6,4
5.9,1.09,0.41,2.2,0.045,23.0,7.0,0.99472,3.57,0.77,9.5,4
5.0,0.758,0.17,2.5,0.06305806513149767,11.0,41.0,0.99524,3.33,0.53,10.6,4
7.6,1.04,0.17,2.4,0.045,13.0,7.0,0.9938,3.08,0.64,12.0,4
8.7,0.35,1.0,6.3,0.10488038072805023,24.0,7.0,0.99688,3.34,0.4,12.0,4
8.8,0.869,0.26,2.1,0.61,3.0,7.0,0.99609,3.42,0.64,10.6,4
6.3,0.694,0.09,6.3,0.11354638248255053,13.0,7.0,0.99681,3.43,0.63,9.4,4
7.2,0.367,0.31,6.3,0.054657053632929865,36.0,7.0,0.99596,3.48,0.6,12.0,4
6.9,0.619,0.62,5.1,0.05148250921428419,20.0,42.0,0.99488,3.69,0.66,10.7,4
8.1,0.475,0.29,6.2,0.045,9.0,41.0,0.99662,3.33,0.86,9.9,4
10.0,0.504,0.05,3.7,0.045,19.0,7.0,0.99587,3.75,0.81,10.3,4
7.6,0.35,0.03,6.3,0.06009520639993579,23.0,10.0,0.99565,3.75,0.47,12.0,4
6.6,0.35,0.19,5.8,0.045,21.0,7.0,0.99815,3.54,0.79,12.0,4
6.9,0.434,0.23,3.0,0.09178923183877571,19.0,7.0,0.99577,3.29,0.78,11.0,4
6.0,0.76,0.2,2.9,0.13336184454290645,14.0,8.0,0.9938,3.57,0.44,10.9,4
9.6,0.35,0.04,3.1,0.07458146182326597,11.0,7.0,0.99831,3.75,0.6,10.6,4
7.1,0.504,0.07,2.1,0.11974899521647603,41.0,73.0,0.99449,3.69,0.64,10.3,4
9.5,0.35,0.27,2.0,0.1333026063166398,23.0,7.0,0.99556,3.75,0.48,10.5,4
12.5,0.35,0.24,6.0,0.06999511549276609,19.0,7.0,0.99736,3.63,0.53,11.1,4
8.9,0.501,0.06,3.2,0.11715802272662364,16.0,7.0,0.99624,3.62,0.63,10.1,4
9.5,0.675,0.08,2.7,0.09057502276785465,8.0,20.0,0.9938,3.39,0.63,10.6,4
9.7,0.35,0.28,5.8,0.06417218962918325,14.0,22.0,0.99722,3.65,0.34,12.0,4
7.9,0.35,0.25,6.3,0.10224109154767037,22.0,7.0,0.99799,3.75,0.48,10.4,4
9.2,0.537,0.11,2.2,0.08991519514558108,17.0,14.0,0.99888,3.21,0.56,10.5,4
7.4,0.702,0.0,2.5,0.15584671483200002,25.0,7.0,0.99571,3.73,0.53,12.0,4
7.2,0.35,0.0,5.6,0.07787492894810025,12.0,7.0,0.9938,3.48,0.61,12.0,4
10.5,0.35,0.0,6.3,0.15044871260047837,41.0,10.0,0.99525,3.75,0.75,9.8,4
8.7,0.35,0.09,2.6,0.07713292303906862,23.0,14.0,0.9938,3.39,0.78,12.0,4
9.6,0.77,0.34,2.4,0.08874924293687374,13.0,7.0,0.99912,3.23,0.76,10.6,4
7.6,0.619,0.12,6.3,0.045,20.0,7.0,0.9998,3.59,0.81,10.4,4
8.3,0.779,0.17,5.8,0.12737119450935305,16.0,7.0,0.99481,3.33,0.78,9.4,4
7.6,0.451,0.0,6.3,0.10274902409657154,18.0,7.0,0.99761,3.65,0.85,10.5,4
5.9,0.862,0.66,6.3,0.14304390153450755,18.0,7.0,0.99825,3.6,0.73,10.5,4
7.2,0.663,0.29,2.5,0.12679265635457374,8.0,7.0,0.99603,3.75,0.8,10.3,4
7.8,0.352,0.37,5.6,0.09154968910533325,12.0,11.0,0.99528,3.32,0.77,9.9,4
5.8,0.35,0.0,5.8,0.08224917898897953,3.0,49.0,0.99929,3.44,0.36,9.5,4
7.9,0.573,0.21,5.9,0.045,11.0,7.0,0.9948,3.49,0.7,10.6,4
9.2,0.404,0.16,2.7,0.05472189605110593,21.0,30.0,0.9938,3.63,0.79,9.9,4
7.0,0.748,0.16,6.3,0.045,5.0,26.0,0.9938,3.58,0.48,11.9,4
8.8,0.35,0.43,3.3,0.13941914495710334,41.0,7.0,0.99816,3.64,0.44,10.1,4
7.4,0.626,0.11,6.3,0.13439651048341156,4.0,7.0,0.99742,3.61,1.88,12.0,4
7.0,0.35,0.15,2.1,0.14328918122954196,16.0,16.0,0.9938,3.75,0.72,10.4,4
7.8,0.753,0.04,3.2,0.07246326537189626,17.0,37.0,0.99601,3.75,0.76,10.1,4
7.6,0.35,0.98,2.4,0.17080002974239547,13.0,14.0,0.9938,3.45,0.61,11.9,4
7.8,0.35,0.31,2.0,0.045,19.0,7.0,0.9938,3.7,0.76,9.5,4
5.0,0.551,0.61,3.3,0.1028650057903783,15.0,33.0,0.99841,3.68,0.72,12.0,4
6.3,0.802,0.86,2.7,0.056740665630908405,41.0,98.0,0.99595,3.65,0.59,12.0,4
6.6,0.35,0.21,3.0,0.07285363446472316,34.0,29.0,0.99481,3.45,0.74,9.8,4
5.4,0.35,0.19,2.4,0.10914651977664394,13.0,7.0,0.9938,3.43,0.57,11.0,4
5.5,0.439,0.57,3.9,0.06405190521418253,41.0,17.0,1.001,3.75,0.85,12.0,4
9.5,0.931,0.3,3.0,0.08001724481535145,3.0,7.0,0.99721,3.08,0.75,12.0,4
8.1,0.519,0.29,2.1,0.14649355948759768,6.0,52.0,0.99463,3.54,0.66,10.7,4
7.3,0.35,0.11,1.3,0.045,29.0,7.0,0.99445,3.24,2.0,10.7,4
6.6,0.462,0.25,5.4,0.0918048298177783,15.0,54.0,0.99677,3.63,0.46,11.7,4
7.4,0.55,1.0,2.6,0.61,19.0,7.0,0.9938,3.28,1.8,10.5,4
11.8,0.35,0.33,2.6,0.09514823678348758,17.0,25.0,0.99412,3.29,0.77,12.0,4
6.9,0.762,0.35,4.3,0.2608811725469704,21.0,7.0,0.99584,3.47,0.57,12.0,4
8.3,0.726,0.25,1.6,0.0897853914721674,41.0,23.0,0.9938,3.7,0.75,12.0,4
6.4,0.726,0.11,1.4,0.08127348030575161,10.0,7.0,0.99866,3.66,0.71,10.8,4
9.4,0.35,0.89,3.6,0.05233822784881297,7.0,19.0,0.99908,3.31,0.71,10.9,4
9.4,0.743,0.33,3.0,0.0980498395174343,28.0,24.0,0.99533,3.47,0.72,12.0,4
6.5,0.35,0.06,5.1,0.0700593711017279,16.0,7.0,0.99982,3.75,0.74,11.7,4
7.7,0.673,0.31,2.5,0.532805690278967,25.0,7.0,0.9938,3.11,0.34,9.7,4
5.8,0.597,0.35,1.4,0.08703982343916465,3.0,7.0,0.9938,3.52,0.84,11.7,4
5.9,0.559,0.21,3.1,0.10593161337450102,29.0,7.0,0.9938,3.52,0.53,10.4,4
9.0,0.444,0.36,3.1,0.14362658669295192,24.0,7.0,0.99836,3.68,0.6,10.4,4
8.2,0.35,0.25,3.2,0.045,41.0,19.0,1.00007,3.58,0.85,9.7,4
6.7,0.814,0.15,3.6,0.3211309208111134,41.0,7.0,0.99547,3.29,0.66,10.5,4
7.5,0.35,0.21,4.2,0.09911597023357346,40.0,7.0,0.9938,3.4,0.58,12.0,4
6.7,0.863,0.0,5.0,0.1442684445123876,22.0,25.0,0.99638,3.75,0.49,10.6,4
7.9,0.35,0.0,2.5,0.060029824707370075,8.0,7.0,0.99756,3.73,0.7,9.0,4
8.1,1.07,0.43,1.9,0.08466167665262099,10.0,48.0,0.99615,3.48,0.58,9.2,4
7.7,0.35,0.0,5.3,0.08988595139364904,17.0,13.0,0.9938,3.74,1.67,10.7,4
6.9,0.884,0.36,2.6,0.1355536654713006,27.0,22.0,0.99533,3.75,0.57,10.8,4
7.1,0.404,0.4,6.3,0.09539652264639618,14.0,12.0,0.9938,3.32,0.67,10.7,4
9.7,0.567,0.12,2.3,0.045,21.0,7.0,0.99759,3.44,0.84,10.4,4
8.8,0.776,0.13,2.5,0.09040294342446985,16.0,7.0,0.99481,3.49,0.6,9.7,4
7.7,0.792,0.24,3.6,0.15095829247692236,34.0,50.0,0.9938,3.57,0.93,9.9,4
9.5,0.35,0.1,4.8,0.045,17.0,49.0,0.99412,3.34,0.62,12.0,4
7.7,0.35,0.34,6.3,0.045,14.0,13.0,0.9938,3.41,0.65,10.3,4
5.9,0.757,0.07,6.3,0.053225735807088725,7.0,7.0,0.99752,3.49,0.62,10.2,4
5.1,0.662,0.0,2.3,0.09007186255143206,8.0,7.0,0.99459,3.23,0.64,12.0,4
7.0,0.35,0.07,3.5,0.09369729690987007,39.0,7.0,0.9938,3.38,0.67,10.6,4
8.4,0.594,0.0,3.1,0.13185032563314164,18.0,7.0,0.99436,3.75,0.86,10.4,4
7.0,0.827,0.16,3.4,0.12337848232849577,25.0,37.0,0.99577,3.59,0.56,11.4,4
10.0,0.482,0.35,6.3,0.08413210346502902,25.0,7.0,0.99664,3.6,0.7,11.3,4
7.8,1.09,0.43,2.2,0.08820655341595067,18.0,35.0,0.99599,3.41,0.65,12.0,4
7.7,0.502,0.18,6.3,0.1460455978569151,29.0,33.0,0.99587,3.62,0.82,10.9,4
8.1,0.42,0.16,3.2,0.30937272733044985,18.0,17.0,0.99845,3.19,0.66,10.9,4
7.4,0.819,0.13,3.5,0.059470089034425425,26.0,25.0,0.9938,3.04,0.6,11.2,4
6.6,1.09,0.13,1.7,0.11627371107552054,41.0,7.0,0.99434,3.45,0.6,12.0,4
6.1,0.35,0.0,5.2,0.0929314559743387,41.0,7.0,0.9938,3.05,0.75,10.9,4
9.9,0.541,0.0,4.0,0.11428125120157878,30.0,7.0,0.99681,3.5,0.67,10.7,4
10.0,0.771,0.91,3.7,0.08677612563872224,14.0,66.0,0.9999,3.61,0.79,10.3,4
7.7,0.35,0.41,2.0,0.08725323513212169,26.0,47.0,0.99434,3.37,0.71,11.9,4
7.5,0.35,0.07,3.0,0.1319247061597473,14.0,7.0,0.99999,3.55,0.41,10.0,4
5.5,0.35,0.2,3.8,0.1406101709662313,3.0,24.0,0.9938,3.43,0.77,11.1,4
5.0,0.35,0.0,2.5,0.08317118534622259,15.0,41.0,0.9938,3.52,0.43,10.2,4
7.2,0.423,0.22,4.9,0.045,17.0,12.0,1.00063,3.62,0.59,12.0,4
5.1,0.689,0.0,1.7,0.11220357613928197,26.0,10.0,0.99625,3.54,0.69,10.4,4
7.5,0.35,0.16,2.8,0.10578584045871316,15.0,7.0,0.99514,3.46,0.88,12.0,4
6.8,0.35,0.19,3.3,0.13854397310538216,17.0,28.0,0.99542,3.45,0.83,12.0,4
7.8,0.35,0.34,2.8,0.1493224388572729,9.0,7.0,0.99809,3.5,0.82,10.7,4
5.1,0.421,0.0,6.3,0.18374106127579912,41.0,7.0,0.99797,3.75,0.91,9.9,4
5.2,0.783,0.04,3.6,0.09671402571078042,11.0,7.0,0.99691,3.64,0.84,10.6,4
5.9,0.35,0.19,3.4,0.16739782145804044,36.0,7.0,0.9986,3.42,0.82,9.7,4
9.4,0.615,1.0,1.9,0.10049246729357375,31.0,55.0,0.9938,3.38,0.69,10.0,4
5.0,0.35,0.24,6.3,0.05351760290851361,6.0,7.0,0.99402,3.63,2.0,9.8,4
6.6,0.474,0.16,3.4,0.045,20.0,71.0,0.99671,3.49,0.74,12.0,4
8.2,0.724,0.0,6.3,0.11566583901655561,25.0,7.0,0.9994,3.46,0.7,10.4,4
6.8,1.045,0.11,2.6,0.07885365746416892,19.0,7.0,0.99786,3.5,0.59,12.0,4
9.3,0.522,0.77,2.9,0.14691100703913862,25.0,7.0,0.9942,3.75,0.66,10.0,4
5.5,0.723,0.33,3.7,0.13705935890635174,36.0,13.0,0.9938,3.75,2.0,10.6,4
8.2,0.35,0.0,3.2,0.14334544934883586,36.0,7.0,0.99599,3.52,0.53,12.0,4
6.6,0.83,0.1,2.7,0.07204817980939934,26.0,41.0,0.99606,3.39,0.74,9.0,4
8.7,0.35,0.12,2.4,0.053861494416786226,17.0,7.0,0.99877,3.54,0.6,12.0,4
10.1,0.674,0.22,4.3,0.10832832742745409,41.0,12.0,0.9938,3.75,0.78,12.0,4
8.3,0.35,0.15,1.6,0.10052413859982512,24.0,24.0,0.9938,3.11,0.54,10.6,4
8.3,0.35,0.03,3.7,0.09942139623393796,10.0,7.0,0.99484,3.42,0.71,12.0,4
6.6,0.525,0.17,3.6,0.12455282853157809,15.0,27.0,0.9938,3.34,0.63,10.7,4
7.3,0.552,0.0,2.4,0.07241552401665989,30.0,53.0,0.99419,3.53,0.68,10.0,4
9.5,0.35,0.16,4.0,0.0807372309339985,19.0,7.0,0.99461,3.49,0.56,11.3,4
8.1,0.35,0.03,5.5,0.0513319254464185,17.0,70.0,0.99773,3.5,0.63,12.0,4
5.1,0.36,0.0,3.8,0.09038432124714235,12.0,98.0,0.99463,3.75,0.54,10.9,4
6.7,0.517,0.76,2.5,0.15262357179214292,41.0,43.0,0.99558,3.43,0.55,12.0,4
6.5,0.35,0.13,1.8,0.10444508630856265,22.0,53.0,0.99472,3.48,0.62,9.8,4
9.2,0.35,0.0,2.6,0.11653182845146587,29.0,35.0,0.99713,3.71,0.72,12.0,4
9.2,0.613,0.09,3.6,0.06259085681423998,24.0,7.0,0.99545,3.39,0.6,10.4,4
7.3,0.641,0.25,2.8,0.045,3.0,46.0,0.99524,3.66,0.72,12.0,4
7.3,0.492,0.2,5.1,0.11871690599129164,12.0,7.0,0.99644,3.75,0.63,9.0,4
7.0,0.695,0.73,3.1,0.08967846153192405,24.0,7.0,0.99924,3.53,0.5,10.1,4
7.0,0.36,0.1,1.5,0.13250793878824074,30.0,46.0,0.9938,3.59,0.76,12.0,4
8.8,0.428,0.36,3.3,0.1129955391000734,24.0,68.0,0.99732,3.66,0.75,12.0,4
7.0,0.766,0.24,3.5,0.11010405472724301,21.0,7.0,0.99926,3.44,0.62,10.6,4
7.1,0.35,0.0,3.6,0.048396197625790935,18.0,67.0,0.99586,3.22,0.47,10.1,4
8.2,0.706,0.23,2.8,0.12942994087666015,41.0,7.0,0.99473,3.16,0.61,12.0,4
5.8,0.535,0.0,2.1,0.0628233365283968,27.0,7.0,0.9938,3.05,0.81,9.3,4
8.0,0.709,0.21,4.5,0.37528693186820994,20.0,7.0,1.00015,3.61,0.42,9.7,4
