9.1,0.66,0.15,3.2,0.0969999999999999,9.0,59.0,0.99976,3.28,0.54,9.6,5
7.1,0.67,0.0,2.3,0.083,18.0,27.0,0.99768,3.44,0.54,9.4,5
7.4,0.64,0.07,1.8,0.1,8.0,23.0,0.9961,3.3,0.58,9.6,5
7.1,0.735,0.16,1.9,0.1,15.0,77.0,0.9966,3.27,0.64,9.3,5
6.6,0.88,0.04,2.2,0.066,12.0,20.0,0.99636,3.53,0.56,9.9,5
8.4,0.65,0.6,2.1,0.1119999999999999,12.0,90.0,0.9973,3.2,0.52,9.2,5
9.9,0.49,0.58,3.5,0.094,9.0,43.0,1.0004,3.29,0.58,9.0,5
7.3,0.69,0.32,2.2,0.069,35.0,104.0,0.99632,3.33,0.51,9.5,5
7.2,0.66,0.03,2.3,0.078,16.0,86.0,0.99743,3.53,0.57,9.7,5
8.6,0.49,0.51,2.0,0.422,16.0,62.0,0.9979,3.03,1.17,9.0,5
7.8,0.6,0.26,2.0,0.08,31.0,131.0,0.99622,3.21,0.52,9.9,5
6.4,0.795,0.0,2.2,0.065,28.0,52.0,0.99378,3.49,0.52,11.6,5
7.2,1.0,0.0,3.0,0.102,7.0,16.0,0.99586,3.43,0.46,10.0,5
7.9,0.43,0.21,1.6,0.106,10.0,37.0,0.9966,3.17,0.91,9.5,5
10.7,0.9,0.34,6.6,0.1119999999999999,23.0,99.0,1.00289,3.22,0.68,9.3,5
7.2,0.725,0.05,4.65,0.086,4.0,11.0,0.9962,3.41,0.39,10.9,5
9.9,0.63,0.24,2.4,0.077,6.0,33.0,0.9974,3.09,0.57,9.4,5
10.2,0.24,0.49,2.4,0.075,10.0,28.0,0.9978,3.14,0.61,10.4,5
9.6,0.88,0.28,2.4,0.086,30.0,147.0,0.9979,3.24,0.53,9.4,5
9.6,0.6,0.5,2.3,0.079,28.0,71.0,0.9997,3.5,0.57,9.7,5
8.1,0.87,0.0,2.2,0.084,10.0,31.0,0.99656,3.25,0.5,9.8,5
13.2,0.38,0.55,2.7,0.081,5.0,16.0,1.0006,2.98,0.54,9.4,5
9.9,0.59,0.07,3.4,0.102,32.0,71.0,1.00015,3.31,0.71,9.8,5
9.4,0.615,0.28,3.2,0.087,18.0,72.0,1.0001,3.31,0.53,9.7,5
7.1,0.68,0.0,2.2,0.073,12.0,22.0,0.9969,3.48,0.5,9.3,5
9.9,0.72,0.55,1.7,0.136,24.0,52.0,0.99752,3.35,0.94,10.0,5
8.4,0.59,0.29,2.6,0.109,31.0,119.0,0.99801,3.15,0.5,9.1,5
8.9,0.75,0.14,2.5,0.086,9.0,30.0,0.99824,3.34,0.64,10.5,5
7.7,0.66,0.04,1.6,0.039,4.0,9.0,0.9962,3.4,0.47,9.4,5
8.6,0.47,0.27,2.3,0.055,14.0,28.0,0.99516,3.18,0.8,11.2,5
13.5,0.53,0.79,4.8,0.12,23.0,77.0,1.0018,3.18,0.77,13.0,5
7.6,0.39,0.31,2.3,0.0819999999999999,23.0,71.0,0.9982,3.52,0.65,9.7,5
7.5,0.6,0.03,1.8,0.095,25.0,99.0,0.995,3.35,0.54,10.1,5
8.6,0.635,0.68,1.8,0.4029999999999999,19.0,56.0,0.99632,3.02,1.15,9.3,5
7.9,0.18,0.4,1.8,0.062,7.0,20.0,0.9941,3.28,0.7,11.1,5
9.9,0.54,0.45,2.3,0.071,16.0,40.0,0.9991,3.39,0.62,9.4,5
7.1,0.43,0.42,5.5,0.071,28.0,128.0,0.9973,3.42,0.71,10.5,5
7.2,0.34,0.32,2.5,0.09,43.0,113.0,0.9966,3.32,0.79,11.1,5
5.9,0.46,0.0,1.9,0.077,25.0,44.0,0.99385,3.5,0.53,11.2,5
8.1,0.67,0.55,1.8,0.1169999999999999,32.0,141.0,0.9968,3.17,0.62,9.4,5
8.6,0.725,0.24,6.6,0.1169999999999999,31.0,134.0,1.0014,3.32,1.07,9.3,5
8.4,0.62,0.09,2.2,0.084,11.0,108.0,0.9964,3.15,0.66,9.8,5
10.8,0.89,0.3,2.6,0.132,7.0,60.0,0.99786,2.99,1.18,10.2,5
7.6,0.95,0.03,2.0,0.09,7.0,20.0,0.9959,3.2,0.56,9.6,5
7.2,0.62,0.06,2.7,0.077,15.0,85.0,0.99746,3.51,0.54,9.5,5
9.9,0.5,0.5,13.8,0.205,48.0,82.0,1.00242,3.16,0.75,8.8,5
8.9,0.61,0.49,2.0,0.27,23.0,110.0,0.9972,3.12,1.02,9.3,5
8.3,0.78,0.1,2.6,0.081,45.0,87.0,0.9983,3.48,0.53,10.0,5
7.7,0.54,0.26,1.9,0.089,23.0,147.0,0.99636,3.26,0.59,9.7,5
5.6,0.5,0.09,2.3,0.049,17.0,99.0,0.9937,3.63,0.63,13.0,5
6.9,0.63,0.33,6.7,0.235,66.0,115.0,0.99787,3.22,0.56,9.5,5
7.8,0.76,0.04,2.3,0.092,15.0,54.0,0.997,3.26,0.65,9.8,5
9.4,0.685,0.26,2.4,0.0819999999999999,23.0,143.0,0.9978,3.28,0.55,9.4,5
7.2,0.41,0.3,2.1,0.083,35.0,72.0,0.997,3.44,0.52,9.4,5
8.4,0.56,0.08,2.1,0.105,16.0,44.0,0.9958,3.13,0.52,11.0,5
9.0,0.47,0.31,2.7,0.084,24.0,125.0,0.9984,3.31,0.61,9.4,5
12.7,0.6,0.49,2.8,0.075,5.0,19.0,0.9994,3.14,0.57,11.4,5
9.6,0.68,0.24,2.2,0.087,5.0,28.0,0.9988,3.14,0.6,10.2,5
6.8,0.64,0.1,2.1,0.085,18.0,101.0,0.9956,3.34,0.52,10.2,5
7.7,0.64,0.21,2.2,0.077,32.0,133.0,0.9956,3.27,0.45,9.9,5
7.5,0.42,0.32,2.7,0.067,7.0,25.0,0.99628,3.24,0.44,10.4,5
7.7,0.69,0.22,1.9,0.084,18.0,94.0,0.9961,3.31,0.48,9.5,5
6.1,0.59,0.01,2.1,0.0559999999999999,5.0,13.0,0.99472,3.52,0.56,11.4,5
7.4,0.7,0.0,1.9,0.076,11.0,34.0,0.9978,3.51,0.56,9.4,5
8.5,0.49,0.11,2.3,0.084,9.0,67.0,0.9968,3.17,0.53,9.4,5
8.6,0.8,0.11,2.3,0.084,12.0,31.0,0.9979,3.4,0.48,9.9,5
7.7,0.935,0.43,2.2,0.114,22.0,114.0,0.997,3.25,0.73,9.2,5
8.7,0.625,0.16,2.0,0.1009999999999999,13.0,49.0,0.9962,3.14,0.57,11.0,5
8.8,0.64,0.17,2.9,0.084,25.0,130.0,0.99818,3.23,0.54,9.6,5
7.8,0.44,0.28,2.7,0.1,18.0,95.0,0.9966,3.22,0.67,9.4,5
7.4,0.6,0.26,7.3,0.07,36.0,121.0,0.9982,3.37,0.49,9.4,5
6.1,0.32,0.25,1.8,0.086,5.0,32.0,0.99464,3.36,0.44,10.1,5
7.4,0.64,0.17,5.4,0.168,52.0,98.0,0.99736,3.28,0.5,9.5,5
7.3,0.45,0.36,5.9,0.074,12.0,87.0,0.9978,3.33,0.83,10.5,5
10.2,0.67,0.39,1.9,0.054,6.0,17.0,0.9976,3.17,0.47,10.0,5
9.7,0.55,0.17,2.9,0.087,20.0,53.0,1.0004,3.14,0.61,9.4,5
7.2,0.695,0.13,2.0,0.076,12.0,20.0,0.99546,3.29,0.54,10.1,5
7.6,0.62,0.32,2.2,0.0819999999999999,7.0,54.0,0.9966,3.36,0.52,9.4,5
7.4,0.5,0.47,2.0,0.086,21.0,73.0,0.997,3.36,0.57,9.1,5
6.9,0.58,0.2,1.75,0.0579999999999999,8.0,22.0,0.99322,3.38,0.49,11.7,5
5.6,0.605,0.05,2.4,0.073,19.0,25.0,0.99258,3.56,0.55,12.9,5
8.3,0.65,0.1,2.9,0.089,17.0,40.0,0.99803,3.29,0.55,9.5,5
6.8,0.48,0.08,1.8,0.074,40.0,64.0,0.99529,3.12,0.49,9.6,5
8.9,0.31,0.57,2.0,0.111,26.0,85.0,0.9971,3.26,0.53,9.7,5
7.3,0.59,0.26,2.0,0.08,17.0,104.0,0.99584,3.28,0.52,9.9,5
9.0,0.45,0.49,2.6,0.084,21.0,75.0,0.9987,3.35,0.57,9.7,5
6.2,0.58,0.0,1.6,0.065,8.0,18.0,0.9966,3.56,0.84,9.4,5
6.6,0.735,0.02,7.9,0.122,68.0,124.0,0.9994,3.47,0.53,9.9,5
7.9,0.35,0.21,1.9,0.073,46.0,102.0,0.9964,3.27,0.58,9.5,5
5.8,0.68,0.02,1.8,0.087,21.0,94.0,0.9944,3.54,0.52,10.0,5
8.4,1.035,0.15,6.0,0.073,11.0,54.0,0.999,3.37,0.49,9.9,5
7.8,0.7,0.06,1.9,0.079,20.0,35.0,0.99628,3.4,0.69,10.9,5
8.9,0.59,0.39,2.3,0.095,5.0,22.0,0.9986,3.37,0.58,10.3,5
9.2,0.53,0.24,2.6,0.078,28.0,139.0,0.99788,3.21,0.57,9.5,5
7.2,0.695,0.13,2.0,0.076,12.0,20.0,0.99546,3.29,0.54,10.1,5
6.1,0.715,0.1,2.6,0.053,13.0,27.0,0.99362,3.57,0.5,11.9,5
7.2,0.635,0.07,2.6,0.077,16.0,86.0,0.99748,3.51,0.54,9.7,5
5.3,0.715,0.19,1.5,0.161,7.0,62.0,0.99395,3.62,0.61,11.0,5
9.3,0.27,0.41,2.0,0.091,6.0,16.0,0.998,3.28,0.7,9.7,5
7.7,0.56,0.2,2.0,0.075,9.0,39.0,0.9987,3.48,0.62,9.3,5
8.0,0.39,0.3,1.9,0.074,32.0,84.0,0.99717,3.39,0.61,9.0,5
11.9,0.38,0.49,2.7,0.098,12.0,42.0,1.0004,3.16,0.61,10.3,5
9.5,0.55,0.66,2.3,0.387,12.0,37.0,0.9982,3.17,0.67,9.6,5
7.0,0.51,0.09,2.1,0.062,4.0,9.0,0.99584,3.35,0.54,10.5,5
7.9,0.33,0.23,1.7,0.077,18.0,45.0,0.99625,3.29,0.65,9.3,5
7.4,0.55,0.19,1.8,0.0819999999999999,15.0,34.0,0.99655,3.49,0.68,10.5,5
7.5,0.4,0.18,1.6,0.079,24.0,58.0,0.9965,3.34,0.58,9.4,5
8.4,0.29,0.4,1.7,0.067,8.0,20.0,0.99603,3.39,0.6,10.5,5
8.5,0.46,0.59,1.4,0.414,16.0,45.0,0.99702,3.03,1.34,9.2,5
7.3,0.38,0.21,2.0,0.08,7.0,35.0,0.9961,3.33,0.47,9.5,5
8.0,0.6,0.22,2.1,0.08,25.0,105.0,0.99613,3.3,0.49,9.9,5
7.1,0.43,0.42,5.5,0.071,28.0,128.0,0.9973,3.42,0.71,10.5,5
10.0,0.32,0.59,2.2,0.077,3.0,15.0,0.9994,3.2,0.78,9.6,5
6.7,0.675,0.07,2.4,0.089,17.0,82.0,0.9958,3.35,0.54,10.1,5
11.3,0.37,0.41,2.3,0.088,6.0,16.0,0.9988,3.09,0.8,9.3,5
9.2,0.43,0.49,2.4,0.086,23.0,116.0,0.9976,3.23,0.64,9.5,5
7.9,0.66,0.0,1.4,0.096,6.0,13.0,0.99569,3.43,0.58,9.5,5
7.8,0.6,0.26,2.0,0.08,31.0,131.0,0.99622,3.21,0.52,9.9,5
8.5,0.66,0.2,2.1,0.0969999999999999,23.0,113.0,0.99733,3.13,0.48,9.2,5
7.8,0.56,0.19,1.8,0.104,12.0,47.0,0.9964,3.19,0.93,9.5,5
7.6,0.54,0.13,2.5,0.0969999999999999,24.0,66.0,0.99785,3.39,0.61,9.4,5
8.7,0.675,0.1,1.6,0.09,4.0,11.0,0.99745,3.31,0.65,9.55,5
6.2,0.6,0.08,2.0,0.09,32.0,44.0,0.9949,3.45,0.58,10.5,5
8.8,0.52,0.34,2.7,0.087,24.0,122.0,0.9982,3.26,0.61,9.5,5
10.2,0.42,0.57,3.4,0.07,4.0,10.0,0.9971,3.04,0.63,9.6,5
9.0,0.66,0.17,3.0,0.077,5.0,13.0,0.9976,3.29,0.55,10.4,5
9.3,0.39,0.44,2.1,0.107,34.0,125.0,0.9978,3.14,1.22,9.5,5
7.1,0.685,0.35,2.0,0.088,9.0,92.0,0.9963,3.28,0.62,9.4,5
7.6,0.79,0.21,2.3,0.087,21.0,68.0,0.9955,3.12,0.44,9.2,5
9.3,0.655,0.26,2.0,0.096,5.0,35.0,0.99738,3.25,0.42,9.6,5
10.8,0.5,0.46,2.5,0.073,5.0,27.0,1.0001,3.05,0.64,9.5,5
7.4,0.61,0.01,2.0,0.074,13.0,38.0,0.99748,3.48,0.65,9.8,5
7.2,0.725,0.05,4.65,0.086,4.0,11.0,0.9962,3.41,0.39,10.9,5
8.0,0.57,0.23,3.2,0.073,17.0,119.0,0.99675,3.26,0.57,9.3,5
7.4,0.49,0.19,3.0,0.077,16.0,37.0,0.9966,3.37,0.51,10.5,5
10.4,0.28,0.54,2.7,0.105,5.0,19.0,0.9988,3.25,0.63,9.5,5
8.0,1.18,0.21,1.9,0.083,14.0,41.0,0.99532,3.34,0.47,10.5,5
7.3,1.07,0.09,1.7,0.178,10.0,89.0,0.9962,3.3,0.57,9.0,5
7.1,0.72,0.0,1.8,0.123,6.0,14.0,0.99627,3.45,0.58,9.8,5
8.6,0.38,0.36,3.0,0.081,30.0,119.0,0.997,3.2,0.56,9.4,5
5.2,0.32,0.25,1.8,0.103,13.0,50.0,0.9957,3.38,0.55,9.2,5
12.7,0.6,0.49,2.8,0.075,5.0,19.0,0.9994,3.14,0.57,11.4,5
8.4,0.745,0.11,1.9,0.09,16.0,63.0,0.9965,3.19,0.82,9.6,5
7.9,0.72,0.01,1.9,0.076,7.0,32.0,0.99668,3.39,0.54,9.6,5
6.0,0.5,0.0,1.4,0.057,15.0,26.0,0.99448,3.36,0.45,9.5,5
7.4,0.39,0.48,2.0,0.0819999999999999,14.0,67.0,0.9972,3.34,0.55,9.2,5
9.0,0.54,0.49,2.9,0.094,41.0,110.0,0.9982,3.08,0.61,9.2,5
7.8,0.63,0.48,1.7,0.1,14.0,96.0,0.9961,3.19,0.62,9.5,5
8.9,0.635,0.37,1.7,0.263,5.0,62.0,0.9971,3.0,1.09,9.3,5
7.6,0.645,0.03,1.9,0.086,14.0,57.0,0.9969,3.37,0.46,10.3,5
10.4,0.575,0.61,2.6,0.076,11.0,24.0,1.0,3.16,0.69,9.0,5
6.8,0.61,0.2,1.8,0.077,11.0,65.0,0.9971,3.54,0.58,9.3,5
8.1,0.33,0.44,1.5,0.042,6.0,12.0,0.99542,3.35,0.61,10.7,5
9.0,0.48,0.32,2.8,0.084,21.0,122.0,0.9984,3.32,0.62,9.4,5
7.0,0.49,0.49,5.6,0.06,26.0,121.0,0.9974,3.34,0.76,10.5,5
9.3,0.48,0.29,2.1,0.127,6.0,16.0,0.9968,3.22,0.72,11.2,5
7.0,0.62,0.18,1.5,0.062,7.0,50.0,0.9951,3.08,0.6,9.3,5
12.3,0.5,0.49,2.2,0.089,5.0,14.0,1.0002,3.19,0.44,9.6,5
8.1,0.38,0.48,1.8,0.157,5.0,17.0,0.9976,3.3,1.05,9.4,5
7.1,0.43,0.42,5.5,0.07,29.0,129.0,0.9973,3.42,0.72,10.5,5
9.3,0.43,0.44,1.9,0.085,9.0,22.0,0.99708,3.28,0.55,9.5,5
15.9,0.36,0.65,7.5,0.096,22.0,71.0,0.9976,2.98,0.84,14.9,5
6.2,0.65,0.06,1.6,0.05,6.0,18.0,0.99348,3.57,0.54,11.95,5
8.0,0.52,0.03,1.7,0.07,10.0,35.0,0.99575,3.34,0.57,10.0,5
7.6,0.43,0.29,2.1,0.075,19.0,66.0,0.99718,3.4,0.64,9.5,5
6.6,0.64,0.31,6.1,0.083,7.0,49.0,0.99718,3.35,0.68,10.3,5
7.1,0.66,0.0,3.9,0.086,17.0,45.0,0.9976,3.46,0.54,9.5,5
6.3,0.57,0.28,2.1,0.048,13.0,49.0,0.99374,3.41,0.6,12.8,5
6.6,0.63,0.0,4.3,0.093,51.0,77.5,0.99558,3.2,0.45,9.5,5
6.6,0.61,0.01,1.9,0.08,8.0,25.0,0.99746,3.69,0.73,10.5,5
8.4,0.56,0.04,2.0,0.0819999999999999,10.0,22.0,0.9976,3.22,0.44,9.6,5
7.0,0.655,0.16,2.1,0.074,8.0,25.0,0.99606,3.37,0.55,9.7,5
6.5,0.52,0.11,1.8,0.073,13.0,38.0,0.9955,3.34,0.52,9.3,5
7.4,0.74,0.07,1.7,0.086,15.0,48.0,0.99502,3.12,0.48,10.0,5
8.1,0.87,0.0,2.2,0.084,10.0,31.0,0.99656,3.25,0.5,9.8,5
6.7,0.75,0.12,2.0,0.086,12.0,80.0,0.9958,3.38,0.52,10.1,5
7.7,0.665,0.0,2.4,0.09,8.0,19.0,0.9974,3.27,0.73,9.3,5
9.8,0.39,0.43,1.65,0.068,5.0,11.0,0.99478,3.19,0.46,11.4,5
6.7,0.48,0.08,2.1,0.064,18.0,34.0,0.99552,3.33,0.64,9.7,5
7.1,0.52,0.03,2.6,0.076,21.0,92.0,0.99745,3.5,0.6,9.8,5
7.3,0.735,0.0,2.2,0.08,18.0,28.0,0.99765,3.41,0.6,9.4,5
7.8,0.5,0.17,1.6,0.0819999999999999,21.0,102.0,0.996,3.39,0.48,9.5,5
7.0,0.59,0.0,1.7,0.052,3.0,8.0,0.996,3.41,0.47,10.3,5
11.1,0.35,0.48,3.1,0.09,5.0,21.0,0.9986,3.17,0.53,10.5,5
8.8,0.61,0.14,2.4,0.067,10.0,42.0,0.9969,3.19,0.59,9.5,5
9.1,0.34,0.42,1.8,0.0579999999999999,9.0,18.0,0.99392,3.18,0.55,11.4,5
6.7,0.58,0.08,1.8,0.0969999999999999,15.0,65.0,0.9959,3.28,0.54,9.2,5
8.3,0.6,0.25,2.2,0.118,9.0,38.0,0.99616,3.15,0.53,9.8,5
8.1,0.82,0.0,4.1,0.095,5.0,14.0,0.99854,3.36,0.53,9.6,5
7.7,0.39,0.12,1.7,0.0969999999999999,19.0,27.0,0.99596,3.16,0.49,9.4,5
7.7,0.96,0.2,2.0,0.047,15.0,60.0,0.9955,3.36,0.44,10.9,5
6.6,0.735,0.02,7.9,0.122,68.0,124.0,0.9994,3.47,0.53,9.9,5
8.3,0.56,0.22,2.4,0.0819999999999999,10.0,86.0,0.9983,3.37,0.62,9.5,5
6.2,0.45,0.2,1.6,0.069,3.0,15.0,0.9958,3.41,0.56,9.2,5
8.8,0.47,0.49,2.9,0.085,17.0,110.0,0.9982,3.29,0.6,9.8,5
10.0,0.32,0.59,2.2,0.077,3.0,15.0,0.9994,3.2,0.78,9.6,5
7.7,0.51,0.28,2.1,0.087,23.0,54.0,0.998,3.42,0.74,9.2,5
7.5,0.58,0.2,2.0,0.073,34.0,44.0,0.99494,3.1,0.43,9.3,5
9.5,0.37,0.52,2.0,0.0819999999999999,6.0,26.0,0.998,3.18,0.51,9.5,5
6.4,0.64,0.21,1.8,0.081,14.0,31.0,0.99689,3.59,0.66,9.8,5
7.4,0.47,0.46,2.2,0.114,7.0,20.0,0.99647,3.32,0.63,10.5,5
9.9,0.59,0.07,3.4,0.102,32.0,71.0,1.00015,3.31,0.71,9.8,5
9.8,0.45,0.38,2.5,0.081,34.0,66.0,0.99726,3.15,0.58,9.8,5
8.2,0.5,0.35,2.9,0.077,21.0,127.0,0.9976,3.23,0.62,9.4,5
11.9,0.58,0.66,2.5,0.072,6.0,37.0,0.9992,3.05,0.56,10.0,5
10.8,0.26,0.45,3.3,0.06,20.0,49.0,0.9972,3.13,0.54,9.6,5
7.0,0.42,0.19,2.3,0.071,18.0,36.0,0.99476,3.39,0.56,10.9,5
7.6,0.55,0.21,2.2,0.071,7.0,28.0,0.9964,3.28,0.55,9.7,5
7.5,0.77,0.2,8.1,0.098,30.0,92.0,0.99892,3.2,0.58,9.2,5
11.9,0.38,0.49,2.7,0.098,12.0,42.0,1.0004,3.16,0.61,10.3,5
9.0,0.45,0.49,2.6,0.084,21.0,75.0,0.9987,3.35,0.57,9.7,5
9.2,0.92,0.24,2.6,0.087,12.0,93.0,0.9998,3.48,0.54,9.8,5
6.0,0.64,0.05,1.9,0.066,9.0,17.0,0.99496,3.52,0.78,10.6,5
7.0,0.685,0.0,1.9,0.099,9.0,22.0,0.99606,3.34,0.6,9.7,5
8.6,0.37,0.65,6.4,0.08,3.0,8.0,0.99817,3.27,0.58,11.0,5
7.1,0.48,0.28,2.8,0.068,6.0,16.0,0.99682,3.24,0.53,10.3,5
11.3,0.37,0.5,1.8,0.09,20.0,47.0,0.99734,3.15,0.57,10.5,5
8.3,0.43,0.3,3.4,0.079,7.0,34.0,0.99788,3.36,0.61,10.5,5
11.6,0.42,0.53,3.3,0.105,33.0,98.0,1.001,3.2,0.95,9.2,5
9.5,0.885,0.27,2.3,0.084,31.0,145.0,0.9978,3.24,0.53,9.4,5
8.0,0.81,0.25,3.4,0.076,34.0,85.0,0.99668,3.19,0.42,9.2,5
7.2,0.65,0.02,2.3,0.094,5.0,31.0,0.9993,3.67,0.8,9.7,5
8.3,0.85,0.14,2.5,0.093,13.0,54.0,0.99724,3.36,0.54,10.1,5
6.1,0.32,0.25,2.3,0.071,23.0,58.0,0.99633,3.42,0.97,10.6,5
6.2,0.46,0.17,1.6,0.073,7.0,11.0,0.99425,3.61,0.54,11.4,5
7.6,0.43,0.29,2.1,0.075,19.0,66.0,0.99718,3.4,0.64,9.5,5
7.7,0.6,0.0,2.6,0.055,7.0,13.0,0.99639,3.38,0.56,10.8,5
8.1,0.78,0.1,3.3,0.09,4.0,13.0,0.99855,3.36,0.49,9.5,5
7.4,0.53,0.12,1.9,0.165,4.0,12.0,0.99702,3.26,0.86,9.2,5
9.9,0.35,0.41,2.3,0.083,11.0,61.0,0.9982,3.21,0.5,9.5,5
6.7,0.64,0.23,2.1,0.08,11.0,119.0,0.99538,3.36,0.7,10.9,5
7.1,0.34,0.28,2.0,0.0819999999999999,31.0,68.0,0.99694,3.45,0.48,9.4,5
7.7,0.775,0.42,1.9,0.092,8.0,86.0,0.9959,3.23,0.59,9.5,5
9.3,0.4,0.49,2.5,0.085,38.0,142.0,0.9978,3.22,0.55,9.4,5
7.8,0.53,0.01,1.6,0.077,3.0,19.0,0.995,3.16,0.46,9.8,5
7.1,0.34,0.28,2.0,0.0819999999999999,31.0,68.0,0.99694,3.45,0.48,9.4,5
7.1,0.56,0.14,1.6,0.078,7.0,18.0,0.99592,3.27,0.62,9.3,5
7.0,0.57,0.02,2.0,0.072,17.0,26.0,0.99575,3.36,0.61,10.2,5
8.3,0.6,0.25,2.2,0.118,9.0,38.0,0.99616,3.15,0.53,9.8,5
7.5,0.42,0.31,1.6,0.08,15.0,42.0,0.9978,3.31,0.64,9.0,5
7.4,0.41,0.24,1.8,0.066,18.0,47.0,0.9956,3.37,0.62,10.4,5
6.7,0.7,0.08,3.75,0.067,8.0,16.0,0.99334,3.43,0.52,12.6,5
12.5,0.38,0.6,2.6,0.081,31.0,72.0,0.9996,3.1,0.73,10.5,5
10.3,0.44,0.5,4.5,0.107,5.0,13.0,0.998,3.28,0.83,11.5,5
8.8,0.44,0.49,2.8,0.083,18.0,111.0,0.9982,3.3,0.6,9.5,5
9.9,0.74,0.28,2.6,0.078,21.0,77.0,0.998,3.28,0.51,9.8,5
10.7,0.43,0.39,2.2,0.106,8.0,32.0,0.9986,2.89,0.5,9.6,5
6.6,0.695,0.0,2.1,0.075,12.0,56.0,0.9968,3.49,0.67,9.2,5
7.9,0.37,0.23,1.8,0.077,23.0,49.0,0.9963,3.28,0.67,9.3,5
7.3,0.32,0.23,2.3,0.066,35.0,70.0,0.99588,3.43,0.62,10.1,5
9.9,0.54,0.45,2.3,0.071,16.0,40.0,0.9991,3.39,0.62,9.4,5
9.7,0.69,0.32,2.5,0.088,22.0,91.0,0.9979,3.29,0.62,10.1,5
7.1,0.43,0.17,1.8,0.0819999999999999,27.0,51.0,0.99634,3.49,0.64,10.4,5
10.6,0.83,0.37,2.6,0.086,26.0,70.0,0.9981,3.16,0.52,9.9,5
8.8,0.59,0.18,2.9,0.089,12.0,74.0,0.99738,3.14,0.54,9.4,5
6.0,0.5,0.0,1.4,0.057,15.0,26.0,0.99448,3.36,0.45,9.5,5
7.4,0.53,0.26,2.0,0.1009999999999999,16.0,72.0,0.9957,3.15,0.57,9.4,5
9.9,0.74,0.19,5.8,0.111,33.0,76.0,0.99878,3.14,0.55,9.4,5
8.6,0.47,0.27,2.3,0.055,14.0,28.0,0.99516,3.18,0.8,11.2,5
8.6,0.47,0.3,3.0,0.076,30.0,135.0,0.9976,3.3,0.53,9.4,5
5.6,0.915,0.0,2.1,0.0409999999999999,17.0,78.0,0.99346,3.68,0.73,11.4,5
7.9,0.52,0.26,1.9,0.079,42.0,140.0,0.9964,3.23,0.54,9.5,5
9.9,0.5,0.5,13.8,0.205,48.0,82.0,1.00242,3.16,0.75,8.8,5
7.2,0.415,0.36,2.0,0.081,13.0,45.0,0.9972,3.48,0.64,9.2,5
9.0,0.58,0.25,2.8,0.075,9.0,104.0,0.99779,3.23,0.57,9.7,5
6.9,0.5,0.04,1.5,0.085,19.0,49.0,0.9958,3.35,0.78,9.5,5
9.8,0.98,0.32,2.3,0.078,35.0,152.0,0.998,3.25,0.48,9.4,5
9.2,0.59,0.24,3.3,0.1009999999999999,20.0,47.0,0.9988,3.26,0.67,9.6,5
7.5,0.58,0.14,2.2,0.077,27.0,60.0,0.9963,3.28,0.59,9.8,5
9.1,0.52,0.33,1.3,0.07,9.0,30.0,0.9978,3.24,0.6,9.3,5
6.3,0.39,0.16,1.4,0.08,11.0,23.0,0.9955,3.34,0.56,9.3,5
8.8,0.41,0.64,2.2,0.093,9.0,42.0,0.9986,3.54,0.66,10.5,5
7.7,0.69,0.49,1.8,0.115,20.0,112.0,0.9968,3.21,0.71,9.3,5
8.7,0.82,0.02,1.2,0.07,36.0,48.0,0.9952,3.2,0.58,9.8,5
8.2,0.7,0.23,2.0,0.099,14.0,81.0,0.9973,3.19,0.7,9.4,5
7.6,0.74,0.0,1.9,0.1,6.0,12.0,0.99521,3.36,0.59,11.0,5
8.2,0.885,0.2,1.4,0.086,7.0,31.0,0.9946,3.11,0.46,10.0,5
8.7,0.84,0.0,1.4,0.065,24.0,33.0,0.9954,3.27,0.55,9.7,5
7.9,0.5,0.33,2.0,0.084,15.0,143.0,0.9968,3.2,0.55,9.5,5
8.1,0.575,0.22,2.1,0.077,12.0,65.0,0.9967,3.29,0.51,9.2,5
8.5,0.46,0.31,2.25,0.078,32.0,58.0,0.998,3.33,0.54,9.8,5
9.2,0.46,0.23,2.6,0.091,18.0,77.0,0.99922,3.15,0.51,9.4,5
7.0,0.5,0.14,1.8,0.078,10.0,23.0,0.99636,3.53,0.61,10.4,5
8.5,0.655,0.49,6.1,0.122,34.0,151.0,1.001,3.31,1.14,9.3,5
7.7,0.49,0.26,1.9,0.062,9.0,31.0,0.9966,3.39,0.64,9.6,5
9.9,0.57,0.25,2.0,0.104,12.0,89.0,0.9963,3.04,0.9,10.1,5
7.5,0.59,0.22,1.8,0.0819999999999999,43.0,60.0,0.99499,3.1,0.42,9.2,5
7.7,0.835,0.0,2.6,0.081,6.0,14.0,0.9975,3.3,0.52,9.3,5
8.8,0.42,0.21,2.5,0.092,33.0,88.0,0.99823,3.19,0.52,9.2,5
7.6,0.42,0.25,3.9,0.104,28.0,90.0,0.99784,3.15,0.57,9.1,5
7.0,0.78,0.08,2.0,0.093,10.0,19.0,0.9956,3.4,0.47,10.0,5
6.0,0.5,0.0,1.4,0.057,15.0,26.0,0.99448,3.36,0.45,9.5,5
7.4,0.66,0.0,1.8,0.075,13.0,40.0,0.9978,3.51,0.56,9.4,5
10.6,1.025,0.43,2.8,0.08,21.0,84.0,0.9985,3.06,0.57,10.1,5
10.0,0.38,0.38,1.6,0.1689999999999999,27.0,90.0,0.99914,3.15,0.65,8.5,5
9.9,0.54,0.45,2.3,0.071,16.0,40.0,0.9991,3.39,0.62,9.4,5
7.1,0.755,0.15,1.8,0.107,20.0,84.0,0.99593,3.19,0.5,9.5,5
10.0,0.58,0.22,1.9,0.08,9.0,32.0,0.9974,3.13,0.55,9.5,5
8.7,0.78,0.51,1.7,0.415,12.0,66.0,0.99623,3.0,1.17,9.2,5
13.0,0.32,0.65,2.6,0.093,15.0,47.0,0.9996,3.05,0.61,10.6,5
7.6,0.55,0.21,2.2,0.071,7.0,28.0,0.9964,3.28,0.55,9.7,5
6.5,0.46,0.14,2.4,0.114,9.0,37.0,0.99732,3.66,0.65,9.8,5
8.8,0.6,0.29,2.2,0.098,5.0,15.0,0.9988,3.36,0.49,9.1,5
8.1,1.33,0.0,1.8,0.0819999999999999,3.0,12.0,0.9964,3.54,0.48,10.9,5
6.8,0.775,0.0,3.0,0.102,8.0,23.0,0.9965,3.45,0.56,10.7,5
6.6,0.705,0.07,1.6,0.076,6.0,15.0,0.9962,3.44,0.58,10.7,5
6.4,0.57,0.02,1.8,0.067,4.0,11.0,0.997,3.46,0.68,9.5,5
8.9,0.31,0.36,2.6,0.0559999999999999,10.0,39.0,0.99562,3.4,0.69,11.8,5
12.3,0.5,0.49,2.2,0.089,5.0,14.0,1.0002,3.19,0.44,9.6,5
7.9,0.18,0.4,2.2,0.049,38.0,67.0,0.996,3.33,0.93,11.3,5
8.8,0.4,0.4,2.2,0.079,19.0,52.0,0.998,3.44,0.64,9.2,5
11.5,0.42,0.48,2.6,0.077,8.0,20.0,0.99852,3.09,0.53,11.0,5
8.6,0.47,0.47,2.4,0.074,7.0,29.0,0.9979,3.08,0.46,9.5,5
8.4,0.56,0.04,2.0,0.0819999999999999,10.0,22.0,0.9976,3.22,0.44,9.6,5
6.7,0.64,0.23,2.1,0.08,11.0,119.0,0.99538,3.36,0.7,10.9,5
9.5,0.57,0.27,2.3,0.0819999999999999,23.0,144.0,0.99782,3.27,0.55,9.4,5
12.3,0.39,0.63,2.3,0.091,6.0,18.0,1.0004,3.16,0.49,9.5,5
8.0,0.6,0.22,2.1,0.08,25.0,105.0,0.99613,3.3,0.49,9.9,5
7.8,0.43,0.32,2.8,0.08,29.0,58.0,0.9974,3.31,0.64,10.3,5
8.0,0.745,0.56,2.0,0.118,30.0,134.0,0.9968,3.24,0.66,9.4,5
9.3,0.61,0.26,3.4,0.09,25.0,87.0,0.99975,3.24,0.62,9.7,5
7.1,0.63,0.06,2.0,0.083,8.0,29.0,0.99855,3.67,0.73,9.6,5
6.8,0.48,0.25,2.0,0.076,29.0,61.0,0.9953,3.34,0.6,10.4,5
7.8,0.61,0.29,1.6,0.114,9.0,29.0,0.9974,3.26,1.56,9.1,5
7.2,0.66,0.03,2.3,0.078,16.0,86.0,0.99743,3.53,0.57,9.7,5
8.2,0.28,0.6,3.0,0.104,10.0,22.0,0.99828,3.39,0.68,10.6,5
8.4,0.745,0.11,1.9,0.09,16.0,63.0,0.9965,3.19,0.82,9.6,5
8.6,0.55,0.09,3.3,0.068,8.0,17.0,0.99735,3.23,0.44,10.0,5
7.1,0.71,0.0,1.9,0.08,14.0,35.0,0.9972,3.47,0.55,9.4,5
7.0,0.58,0.12,1.9,0.091,34.0,124.0,0.9956,3.44,0.48,10.5,5
6.9,0.55,0.15,2.2,0.076,19.0,40.0,0.9961,3.41,0.59,10.1,5
8.2,0.28,0.6,3.0,0.104,10.0,22.0,0.99828,3.39,0.68,10.6,5
7.0,0.62,0.1,1.4,0.071,27.0,63.0,0.996,3.28,0.61,9.2,5
8.8,0.6,0.29,2.2,0.098,5.0,15.0,0.9988,3.36,0.49,9.1,5
8.3,0.65,0.1,2.9,0.089,17.0,40.0,0.99803,3.29,0.55,9.5,5
7.9,0.69,0.21,2.1,0.08,33.0,141.0,0.9962,3.25,0.51,9.9,5
7.1,0.62,0.06,1.3,0.07,5.0,12.0,0.9942,3.17,0.48,9.8,5
8.5,0.21,0.52,1.9,0.09,9.0,23.0,0.99648,3.36,0.67,10.4,5
8.2,0.73,0.21,1.7,0.074,5.0,13.0,0.9968,3.2,0.52,9.5,5
8.8,0.24,0.54,2.5,0.083,25.0,57.0,0.9983,3.39,0.54,9.2,5
8.2,0.56,0.23,3.4,0.078,14.0,104.0,0.9976,3.28,0.62,9.4,5
8.6,0.63,0.17,2.9,0.099,21.0,119.0,0.998,3.09,0.52,9.3,5
7.8,0.6,0.26,2.0,0.08,31.0,131.0,0.99622,3.21,0.52,9.9,5
10.0,0.69,0.11,1.4,0.084,8.0,24.0,0.99578,2.88,0.47,9.7,5
7.7,1.005,0.15,2.1,0.102,11.0,32.0,0.99604,3.23,0.48,10.0,5
8.9,0.875,0.13,3.45,0.088,4.0,14.0,0.9994,3.44,0.52,11.5,5
7.3,0.73,0.24,1.9,0.108,18.0,102.0,0.9967,3.26,0.59,9.3,5
12.3,0.39,0.63,2.3,0.091,6.0,18.0,1.0004,3.16,0.49,9.5,5
7.0,0.62,0.08,1.8,0.076,8.0,24.0,0.9978,3.48,0.53,9.0,5
7.6,0.685,0.23,2.3,0.111,20.0,84.0,0.9964,3.21,0.61,9.3,5
15.5,0.645,0.49,4.2,0.095,10.0,23.0,1.00315,2.92,0.74,11.1,5
7.6,0.46,0.11,2.6,0.079,12.0,49.0,0.9968,3.21,0.57,10.0,5
8.1,0.725,0.22,2.2,0.072,11.0,41.0,0.9967,3.36,0.55,9.1,5
6.2,0.63,0.31,1.7,0.088,15.0,64.0,0.9969,3.46,0.79,9.3,5
7.8,0.88,0.0,2.6,0.098,25.0,67.0,0.9968,3.2,0.68,9.8,5
7.8,0.53,0.01,1.6,0.077,3.0,19.0,0.995,3.16,0.46,9.8,5
11.2,0.4,0.5,2.0,0.099,19.0,50.0,0.99783,3.1,0.58,10.4,5
8.1,0.575,0.22,2.1,0.077,12.0,65.0,0.9967,3.29,0.51,9.2,5
7.8,0.87,0.26,3.8,0.107,31.0,67.0,0.99668,3.26,0.46,9.2,5
7.3,0.59,0.26,7.2,0.07,35.0,121.0,0.9981,3.37,0.49,9.4,5
8.9,0.595,0.41,7.9,0.086,30.0,109.0,0.9998,3.27,0.57,9.3,5
6.1,0.34,0.25,1.8,0.084,4.0,28.0,0.99464,3.36,0.44,10.1,5
8.9,0.48,0.24,2.85,0.094,35.0,106.0,0.9982,3.1,0.53,9.2,5
7.2,0.655,0.03,1.8,0.078,7.0,12.0,0.99587,3.34,0.39,9.5,5
7.8,0.82,0.29,4.3,0.083,21.0,64.0,0.99642,3.16,0.53,9.4,5
5.6,0.66,0.0,2.5,0.066,7.0,15.0,0.99256,3.52,0.58,12.9,5
7.2,0.73,0.02,2.5,0.076,16.0,42.0,0.9972,3.44,0.52,9.3,5
6.6,0.57,0.02,2.1,0.115,6.0,16.0,0.99654,3.38,0.69,9.5,5
7.1,0.69,0.04,2.1,0.068,19.0,27.0,0.99712,3.44,0.67,9.8,5
7.8,0.41,0.68,1.7,0.467,18.0,69.0,0.9973,3.08,1.31,9.3,5
7.7,0.39,0.12,1.7,0.0969999999999999,19.0,27.0,0.99596,3.16,0.49,9.4,5
7.1,0.31,0.3,2.2,0.053,36.0,127.0,0.9965,2.94,1.62,9.5,5
8.1,0.78,0.23,2.6,0.059,5.0,15.0,0.997,3.37,0.56,11.3,5
7.6,0.41,0.24,1.8,0.08,4.0,11.0,0.9962,3.28,0.59,9.5,5
9.3,0.43,0.44,1.9,0.085,9.0,22.0,0.99708,3.28,0.55,9.5,5
8.8,0.61,0.14,2.4,0.067,10.0,42.0,0.9969,3.19,0.59,9.5,5
7.8,0.815,0.01,2.6,0.074,48.0,90.0,0.99621,3.38,0.62,10.8,5
7.7,0.965,0.1,2.1,0.1119999999999999,11.0,22.0,0.9963,3.26,0.5,9.5,5
7.0,0.23,0.4,1.6,0.063,21.0,67.0,0.9952,3.5,0.63,11.1,5
7.2,0.54,0.27,2.6,0.084,12.0,78.0,0.9964,3.39,0.71,11.0,5
7.2,0.695,0.13,2.0,0.076,12.0,20.0,0.99546,3.29,0.54,10.1,5
7.4,0.36,0.29,2.6,0.087,26.0,72.0,0.99645,3.39,0.68,11.0,5
6.7,0.54,0.13,2.0,0.076,15.0,36.0,0.9973,3.61,0.64,9.8,5
6.2,0.64,0.09,2.5,0.081,15.0,26.0,0.99538,3.57,0.63,12.0,5
7.2,0.62,0.06,2.5,0.078,17.0,84.0,0.99746,3.51,0.53,9.7,5
8.1,0.78,0.23,2.6,0.059,5.0,15.0,0.997,3.37,0.56,11.3,5
7.8,0.56,0.19,1.8,0.104,12.0,47.0,0.9964,3.19,0.93,9.5,5
8.6,0.52,0.38,1.5,0.096,5.0,18.0,0.99666,3.2,0.52,9.4,5
7.2,0.49,0.24,2.2,0.07,5.0,36.0,0.996,3.33,0.48,9.4,5
6.8,0.59,0.1,1.7,0.063,34.0,53.0,0.9958,3.41,0.67,9.7,5
10.6,0.28,0.39,15.5,0.069,6.0,23.0,1.0026,3.12,0.66,9.2,5
8.0,0.52,0.25,2.0,0.078,19.0,59.0,0.99612,3.3,0.48,10.2,5
5.0,1.04,0.24,1.6,0.05,32.0,96.0,0.9934,3.74,0.62,11.5,5
6.2,0.46,0.29,2.1,0.074,32.0,98.0,0.99578,3.33,0.62,9.8,5
6.8,0.915,0.29,4.8,0.07,15.0,39.0,0.99577,3.53,0.54,11.1,5
9.3,0.715,0.24,2.1,0.07,5.0,20.0,0.9966,3.12,0.59,9.9,5
8.3,0.615,0.22,2.6,0.087,6.0,19.0,0.9982,3.26,0.61,9.3,5
7.3,0.695,0.0,2.5,0.075,3.0,13.0,0.998,3.49,0.52,9.2,5
6.1,0.6,0.08,1.8,0.071,14.0,45.0,0.99336,3.38,0.54,11.0,5
7.6,0.9,0.06,2.5,0.079,5.0,10.0,0.9967,3.39,0.56,9.8,5
7.1,0.36,0.3,1.6,0.08,35.0,70.0,0.99693,3.44,0.5,9.4,5
8.2,0.73,0.21,1.7,0.074,5.0,13.0,0.9968,3.2,0.52,9.5,5
6.4,0.64,0.21,1.8,0.081,14.0,31.0,0.99689,3.59,0.66,9.8,5
7.8,0.64,0.0,1.9,0.072,27.0,55.0,0.9962,3.31,0.63,11.0,5
7.8,0.55,0.35,2.2,0.074,21.0,66.0,0.9974,3.25,0.56,9.2,5
11.1,0.39,0.54,2.7,0.095,21.0,101.0,1.0001,3.13,0.51,9.5,5
8.0,0.64,0.22,2.4,0.094,5.0,33.0,0.99612,3.37,0.58,11.0,5
15.6,0.645,0.49,4.2,0.095,10.0,23.0,1.00315,2.92,0.74,11.1,5
9.0,0.58,0.25,2.0,0.104,8.0,21.0,0.99769,3.27,0.72,9.6,5
7.1,0.59,0.01,2.5,0.077,20.0,85.0,0.99746,3.55,0.59,9.8,5
7.5,0.61,0.26,1.9,0.073,24.0,88.0,0.99612,3.3,0.53,9.8,5
6.6,0.7,0.08,2.6,0.106,14.0,27.0,0.99665,3.44,0.58,10.2,5
9.5,0.86,0.26,1.9,0.079,13.0,28.0,0.99712,3.25,0.62,10.0,5
8.9,0.565,0.34,3.0,0.093,16.0,112.0,0.9998,3.38,0.61,9.5,5
7.1,0.46,0.14,2.8,0.076,15.0,37.0,0.99624,3.36,0.49,10.7,5
8.7,0.765,0.22,2.3,0.064,9.0,42.0,0.9963,3.1,0.55,9.4,5
8.3,0.705,0.12,2.6,0.092,12.0,28.0,0.9994,3.51,0.72,10.0,5
7.7,0.69,0.05,2.7,0.075,15.0,27.0,0.9974,3.26,0.61,9.1,5
8.0,0.62,0.35,2.8,0.086,28.0,52.0,0.997,3.31,0.62,10.8,5
7.3,0.58,0.3,2.4,0.074,15.0,55.0,0.9968,3.46,0.59,10.2,5
9.0,0.785,0.24,1.7,0.078,10.0,21.0,0.99692,3.29,0.67,10.0,5
7.0,0.805,0.0,2.5,0.068,7.0,20.0,0.9969,3.48,0.56,9.6,5
7.6,0.41,0.33,2.5,0.078,6.0,23.0,0.9957,3.3,0.58,11.2,5
9.6,0.41,0.37,2.3,0.091,10.0,23.0,0.99786,3.24,0.56,10.5,5
6.8,0.69,0.0,5.6,0.124,21.0,58.0,0.9997,3.46,0.72,10.2,5
6.8,0.67,0.0,1.9,0.08,22.0,39.0,0.99701,3.4,0.74,9.7,5
12.5,0.56,0.49,2.4,0.064,5.0,27.0,0.9999,3.08,0.87,10.9,5
5.9,0.645,0.12,2.0,0.075,32.0,44.0,0.99547,3.57,0.71,10.2,5
8.1,0.66,0.22,2.2,0.069,9.0,23.0,0.9968,3.3,1.2,10.3,5
9.1,0.47,0.49,2.6,0.094,38.0,106.0,0.9982,3.08,0.59,9.1,5
7.5,0.6,0.03,1.8,0.095,25.0,99.0,0.995,3.35,0.54,10.1,5
7.5,0.49,0.19,1.9,0.076,10.0,44.0,0.9957,3.39,0.54,9.7,5
7.3,0.835,0.03,2.1,0.092,10.0,19.0,0.9966,3.39,0.47,9.6,5
8.7,0.78,0.51,1.7,0.415,12.0,66.0,0.99623,3.0,1.17,9.2,5
8.2,0.57,0.26,2.2,0.06,28.0,65.0,0.9959,3.3,0.43,10.1,5
7.9,0.885,0.03,1.8,0.0579999999999999,4.0,8.0,0.9972,3.36,0.33,9.1,4
7.6,0.68,0.02,1.3,0.072,9.0,20.0,0.9965,3.17,1.08,9.2,4
8.5,0.4,0.4,6.3,0.05,3.0,10.0,0.99566,3.28,0.56,12.0,4
6.2,0.785,0.0,2.1,0.06,6.0,13.0,0.99664,3.59,0.61,10.0,4
9.2,0.52,1.0,3.4,0.61,32.0,69.0,0.9996,2.74,2.0,9.4,4
8.3,0.845,0.01,2.2,0.07,5.0,14.0,0.9967,3.32,0.58,11.0,4
5.0,1.02,0.04,1.4,0.045,41.0,85.0,0.9938,3.75,0.48,10.5,4
8.4,0.67,0.19,2.2,0.093,11.0,75.0,0.99736,3.2,0.59,9.2,4
8.8,0.61,0.3,2.8,0.088,17.0,46.0,0.9976,3.26,0.51,9.3,4
6.4,0.53,0.09,3.9,0.123,14.0,31.0,0.9968,3.5,0.67,11.0,4
12.5,0.46,0.49,4.5,0.07,26.0,49.0,0.9981,3.05,0.57,9.6,4
7.3,0.55,0.03,1.6,0.072,17.0,42.0,0.9956,3.37,0.48,9.0,4
9.9,0.5,0.24,2.3,0.103,6.0,14.0,0.9978,3.34,0.52,10.0,4
7.3,0.35,0.24,2.0,0.067,28.0,48.0,0.99576,3.43,0.54,10.0,4
8.1,0.87,0.0,3.3,0.096,26.0,61.0,1.00025,3.6,0.72,9.8,4
11.6,0.47,0.44,1.6,0.147,36.0,51.0,0.99836,3.38,0.86,9.9,4
10.1,0.935,0.22,3.4,0.105,11.0,86.0,1.001,3.43,0.64,11.3,4
6.5,0.67,0.0,4.3,0.057,11.0,20.0,0.99488,3.45,0.56,11.8,4
6.9,1.09,0.06,2.1,0.061,12.0,31.0,0.9948,3.51,0.43,11.4,4
8.8,0.955,0.05,1.8,0.075,5.0,19.0,0.99616,3.3,0.44,9.6,4
6.7,1.04,0.08,2.3,0.067,19.0,32.0,0.99648,3.52,0.57,11.0,4
7.5,0.38,0.48,2.6,0.073,22.0,84.0,0.9972,3.32,0.7,9.6,4
6.9,0.39,0.24,2.1,0.102,4.0,7.0,0.99462,3.44,0.58,11.4,4
6.3,1.02,0.0,2.0,0.083,17.0,24.0,0.99437,3.59,0.55,11.2,4
7.5,0.685,0.07,2.5,0.0579999999999999,5.0,9.0,0.99632,3.38,0.55,10.9,4
8.1,0.73,0.0,2.5,0.081,12.0,24.0,0.99798,3.38,0.46,9.6,4
8.3,0.675,0.26,2.1,0.084,11.0,43.0,0.9976,3.31,0.53,9.2,4
9.1,0.765,0.04,1.6,0.078,4.0,14.0,0.998,3.29,0.54,9.7,4
4.6,0.52,0.15,2.1,0.054,8.0,65.0,0.9934,3.9,0.56,13.1,4
11.2,1.09,0.0,6.3,0.07835552412866618,3.0,86.0,0.99865,3.07,0.53,9.5,4
6.3,0.581,0.33,1.7,0.04917722565004908,41.0,61.0,0.99923,3.19,1.14,11.0,4
5.3,1.042,0.0,2.2,0.045,41.0,86.0,1.001,3.22,0.52,10.5,4
7.3,0.634,0.09,4.8,0.09381198482865549,14.0,86.0,1.00048,3.45,0.42,13.0,4
11.1,1.09,0.0,2.9,0.16048951689445887,18.0,62.0,0.99683,3.11,0.5,12.1,4
9.4,1.09,0.0,1.8,0.15180131930687096,23.0,52.0,0.99672,3.25,0.33,10.2,4
5.6,0.938,0.0,5.0,0.09652966609481003,21.0,25.0,1.001,3.34,0.76,12.9,4
10.6,1.057,0.0,6.0,0.10763634393649418,5.0,76.0,0.99895,3.62,0.33,12.4,4
8.6,0.917,0.03,2.2,0.045,25.0,48.0,0.99643,3.63,0.45,12.1,4
11.3,0.378,0.03,3.1,0.0790554945308727,24.0,86.0,0.99419,3.45,0.56,11.7,4
4.6,0.973,0.0,2.5,0.10851642427806221,3.0,73.0,0.99497,2.74,0.33,10.2,4
7.0,0.827,0.41,6.3,0.09666783913522418,37.0,86.0,0.99818,3.43,0.92,10.2,4
7.7,0.766,0.0,5.1,0.045,41.0,45.0,1.00029,3.57,0.4,10.1,4
12.1,0.873,0.0,5.5,0.045,34.0,78.0,1.001,3.11,0.33,12.8,4
10.1,1.09,0.0,3.6,0.14831730801579388,41.0,35.0,1.00051,2.96,1.11,11.1,4
8.3,1.09,0.0,2.3,0.07072226447203576,10.0,70.0,1.001,2.99,0.41,9.0,4
9.6,1.09,0.0,4.9,0.07123224735195212,18.0,50.0,0.99628,2.74,0.33,11.1,4
10.6,0.742,0.04,4.3,0.045,15.0,34.0,1.001,3.32,0.42,11.5,4
6.8,0.731,0.0,3.6,0.05618252685478878,21.0,30.0,0.99845,3.0,0.33,12.0,4
8.7,1.09,0.1,2.1,0.045,34.0,54.0,1.001,3.1,0.55,12.3,4
6.2,1.056,0.0,1.6,0.11141214058092179,30.0,68.0,0.99994,3.3,0.57,13.1,4
11.5,0.983,0.19,4.3,0.045,13.0,36.0,0.99736,2.9,0.75,9.5,4
7.4,1.09,0.0,2.8,0.045,41.0,22.0,0.99611,3.41,0.35,12.6,4
4.6,1.083,0.0,1.3,0.07398743152212482,36.0,86.0,1.001,3.4,0.65,10.4,4
8.5,0.931,0.32,5.7,0.10660002958446683,10.0,74.0,0.99545,3.38,0.99,10.0,4
9.5,1.09,0.0,6.3,0.12361263592096734,16.0,86.0,0.99457,3.47,0.33,10.1,4
10.8,0.899,0.15,2.6,0.11755090891361905,3.0,43.0,0.99901,3.11,0.53,12.6,4
8.6,1.09,0.0,2.5,0.05878438831814682,3.0,40.0,1.001,3.13,0.43,10.8,4
6.7,1.09,0.0,2.9,0.15901412656405878,41.0,86.0,0.9934,3.2,0.46,11.0,4
8.7,1.09,0.18,2.2,0.045,41.0,52.0,0.99799,3.28,0.39,13.1,4
6.4,1.09,0.0,2.4,0.0916326687133419,9.0,41.0,0.99881,2.95,0.56,10.0,4
8.3,0.926,0.0,2.4,0.0684550997148068,19.0,86.0,0.997,3.25,0.47,10.1,4
9.4,1.09,0.21,4.2,0.09332636979976895,3.0,64.0,0.99877,3.05,0.53,10.6,4
6.2,1.09,0.0,2.8,0.045,11.0,86.0,0.99873,3.39,0.61,10.2,4
9.1,0.774,0.0,1.8,0.61,27.0,86.0,0.99808,3.19,0.33,9.7,4
10.4,0.91,0.0,2.3,0.12991135741642396,31.0,45.0,0.99567,3.17,0.66,11.2,4
4.6,1.09,0.0,1.6,0.114836398072376,41.0,16.0,0.9958,3.09,0.37,13.1,4
10.6,0.66,0.08,1.3,0.12210841911175671,24.0,50.0,1.001,3.11,0.83,9.9,4
5.3,1.09,0.0,3.8,0.045,41.0,22.0,0.99619,3.33,0.33,13.1,4
4.6,1.09,0.0,3.1,0.045,11.0,12.0,1.00018,3.19,0.63,10.6,4
4.6,1.082,0.0,3.7,0.3937792856747679,41.0,86.0,0.9934,3.0,0.54,12.6,4
4.6,0.881,0.0,3.0,0.0820272772153149,10.0,41.0,1.001,3.61,0.46,10.5,4
6.2,0.924,0.28,3.8,0.12156028051642903,24.0,19.0,0.99966,3.26,0.45,13.1,4
9.8,0.85,0.0,3.2,0.16329126282019632,17.0,34.0,0.99841,3.05,0.33,11.0,4
8.7,0.89,0.0,4.1,0.13550434232658493,29.0,62.0,0.99867,3.33,0.42,10.8,4
9.0,0.992,0.0,2.4,0.08860375275639909,41.0,20.0,0.99416,3.23,0.33,10.1,4
4.6,1.01,0.01,3.3,0.12234721830327619,11.0,86.0,0.9934,3.35,0.51,11.8,4
5.0,0.98,0.0,2.5,0.61,38.0,33.0,0.99621,3.42,0.45,10.9,4
12.5,1.023,0.0,6.3,0.11308373143757468,9.0,29.0,0.99347,3.26,0.95,9.0,4
11.2,0.476,0.02,6.1,0.13304708882101632,18.0,44.0,0.9943,3.21,1.44,11.1,4
10.1,0.943,0.0,4.2,0.12550827129935935,19.0,53.0,0.9936,2.84,0.33,9.6,4
4.6,1.09,0.0,4.8,0.045,21.0,86.0,0.99636,3.16,0.35,11.0,4
9.2,1.09,0.0,1.5,0.1349476714558636,20.0,27.0,1.001,3.04,0.33,9.7,4
11.0,0.56,0.05,2.6,0.045,10.0,86.0,0.99841,3.12,0.63,12.4,4
4.6,1.09,0.0,3.5,0.045,14.0,23.0,0.99897,3.08,0.33,9.4,4
6.2,1.09,0.0,2.0,0.10036003062954102,29.0,46.0,0.99763,3.03,1.3,10.3,4
11.8,0.76,0.15,3.3,0.045,20.0,60.0,1.001,3.09,0.56,10.0,4
4.7,1.09,0.0,1.3,0.12063607726684843,16.0,32.0,0.99895,3.09,0.33,10.9,4
6.5,0.74,0.08,2.1,0.21061674431994354,12.0,65.0,0.99688,3.14,0.54,10.8,4
10.6,1.09,0.0,5.7,0.053862091120084235,16.0,57.0,1.001,2.76,0.39,10.4,4
7.0,0.903,0.0,4.4,0.050414868951922306,7.0,64.0,0.99903,3.1,0.38,9.9,4
4.6,1.044,0.0,3.5,0.049985570773015575,41.0,51.0,0.99698,3.23,0.33,10.7,4
6.3,1.09,0.0,6.3,0.054213161677287736,18.0,86.0,0.9952,3.24,0.33,10.0,4
7.9,1.09,0.0,3.4,0.1361407894496393,16.0,45.0,1.00063,3.27,0.48,10.6,4
9.3,0.352,0.12,6.3,0.06125856178919083,24.0,86.0,1.00099,3.49,0.54,12.7,4
10.9,0.996,0.0,3.6,0.06113530368179432,26.0,32.0,1.001,2.9,0.44,11.0,4
6.5,0.671,0.0,2.1,0.0813576111813542,26.0,17.0,0.99764,3.12,0.33,10.8,4
10.9,1.09,0.0,1.3,0.11295089411776704,37.0,29.0,1.001,3.01,0.97,10.4,4
5.4,1.088,0.0,5.5,0.12754372938431452,5.0,34.0,0.99371,3.3,0.48,9.6,4
6.1,0.35,0.0,5.5,0.10725097182053686,24.0,86.0,0.99817,3.34,0.33,9.5,4
5.7,0.35,0.0,2.8,0.07167084297611094,41.0,86.0,0.99743,3.36,0.65,13.1,4
10.2,1.033,0.0,2.2,0.11174706287497727,41.0,32.0,1.00017,3.12,0.33,11.7,4
6.9,0.976,0.0,2.6,0.11416414256773896,39.0,86.0,1.001,3.45,0.43,10.9,4
6.7,0.928,0.0,3.2,0.06698523498210956,41.0,78.0,1.00086,3.22,0.37,10.6,4
6.5,0.835,0.0,2.8,0.045,8.0,43.0,0.99729,3.09,0.33,10.2,4
8.4,0.883,0.0,4.0,0.1348705151590618,14.0,83.0,0.99862,3.25,0.33,9.3,4
5.8,1.09,0.91,1.3,0.045,36.0,38.0,0.99787,3.21,0.42,12.8,4
11.2,0.713,0.0,5.0,0.11772543557902096,22.0,27.0,1.00043,3.18,0.47,9.7,4
6.3,1.034,0.2,3.4,0.08824316569848602,16.0,38.0,0.99671,3.12,0.38,9.7,4
6.0,1.062,0.2,2.2,0.045,23.0,34.0,0.9964,3.12,0.5,9.2,4
11.5,1.09,0.0,2.7,0.045,41.0,32.0,0.99823,3.13,0.33,10.0,4
6.6,1.09,0.0,6.3,0.05593173405034867,41.0,86.0,0.99612,2.9,0.33,9.3,4
9.5,0.747,0.0,6.3,0.09603923445884643,18.0,55.0,0.99585,2.91,0.59,10.0,4
11.7,0.532,0.0,2.6,0.06139076676600787,21.0,21.0,1.0001,3.19,0.52,13.1,4
8.9,1.09,0.19,3.2,0.045,18.0,39.0,0.99792,3.09,1.16,9.5,4
4.6,1.025,0.18,6.3,0.045,15.0,63.0,0.99361,3.52,0.42,10.1,4
6.6,1.09,0.28,5.3,0.08171089297928409,4.0,60.0,0.99718,3.08,0.59,9.5,4
7.0,1.09,0.34,5.7,0.06225139080217131,3.0,86.0,1.00067,3.21,0.33,9.7,4
8.2,0.581,0.0,3.1,0.13149198146600127,21.0,86.0,0.99855,3.11,0.6,9.9,4
6.7,0.582,0.47,2.4,0.09898324922384652,41.0,86.0,1.0004,3.09,0.73,9.9,4
5.9,1.09,0.0,4.0,0.07626640219266771,7.0,7.0,0.99566,3.01,0.33,9.9,4
5.2,1.09,0.01,3.3,0.15397880894387703,3.0,20.0,0.99956,2.74,0.58,10.7,4
7.0,1.09,0.0,6.3,0.089790846942843,41.0,33.0,0.99459,3.35,0.53,11.2,4
7.1,1.09,0.0,2.0,0.09502583600775893,3.0,86.0,0.99695,3.32,0.55,13.1,4
6.1,1.09,0.0,1.8,0.10730311311638875,16.0,86.0,0.99668,3.34,0.46,10.8,4
9.7,0.957,0.23,4.9,0.06469605319166291,13.0,55.0,0.99934,3.11,0.33,10.4,4
4.6,0.654,0.0,1.3,0.045,22.0,43.0,0.99654,2.9,0.59,9.6,4
9.3,0.676,0.0,2.4,0.2470854486315207,10.0,86.0,1.001,3.52,0.52,13.1,4
5.2,1.09,0.0,1.4,0.09464952399068326,16.0,58.0,1.001,3.16,0.51,9.9,4
9.6,0.836,0.0,5.5,0.15161603410067054,22.0,42.0,1.001,3.54,0.69,13.1,4
12.2,1.09,0.06,3.2,0.07984248776204973,19.0,47.0,1.001,3.2,1.45,12.1,4
11.3,0.438,0.0,1.6,0.045,30.0,40.0,1.001,3.43,0.33,13.1,4
4.6,1.09,0.0,5.3,0.045,20.0,45.0,0.99373,3.43,0.5,10.2,4
7.5,0.66,0.0,2.3,0.13503427979968174,22.0,86.0,0.99923,3.17,0.56,11.4,4
7.7,1.09,0.0,6.2,0.12359600686810746,15.0,86.0,1.00081,2.74,1.26,10.8,4
5.9,0.719,0.0,2.5,0.045,41.0,31.0,1.00053,3.18,0.41,13.1,4
8.2,1.035,0.0,2.4,0.045,14.0,86.0,1.001,3.29,0.89,10.4,4
7.4,1.09,0.0,3.1,0.1296554936741172,28.0,86.0,1.001,3.76,0.69,11.2,4
5.8,1.09,0.0,3.7,0.07806355820698752,3.0,35.0,1.00018,3.32,1.28,11.2,4
8.4,0.35,0.15,6.3,0.06554902727123361,41.0,52.0,0.99655,3.37,0.67,11.4,4
10.1,0.8,0.0,2.0,0.08464881578152672,3.0,25.0,0.99973,3.18,0.57,10.4,4
8.3,1.072,0.08,1.3,0.045,23.0,40.0,1.001,3.23,0.33,10.6,4
11.5,1.09,0.0,4.4,0.151818091203051,3.0,58.0,0.99362,3.25,0.33,9.4,4
7.9,1.09,0.0,4.2,0.07416782347361295,31.0,10.0,0.99597,2.81,0.33,12.6,4
4.6,1.09,0.0,2.1,0.04637604375328634,5.0,49.0,0.998,3.16,0.33,10.5,4
6.3,1.09,0.37,4.9,0.12100021276187398,3.0,86.0,0.9934,3.27,0.44,13.1,4
9.2,0.975,0.0,1.6,0.050861111484188364,24.0,86.0,0.9987,3.41,0.52,13.0,4
4.6,1.09,0.15,1.7,0.1111670980911151,24.0,12.0,1.00049,3.01,0.43,10.9,4
7.4,1.085,0.03,3.3,0.06565773887685908,32.0,74.0,0.99592,3.33,0.45,10.4,4
4.6,1.09,0.0,6.3,0.05893626386534872,38.0,86.0,0.99709,3.42,0.35,9.5,4
4.8,1.09,0.05,4.5,0.045,30.0,86.0,1.001,3.9,0.33,9.8,4
10.9,1.033,0.04,6.3,0.04666322153856496,20.0,51.0,0.9985,3.41,0.47,9.5,4
8.3,0.864,0.13,2.4,0.07776203544660375,19.0,50.0,1.00068,3.2,0.53,9.0,4
8.9,1.09,0.0,5.8,0.04618619452880676,6.0,82.0,1.00007,2.91,0.57,12.1,4
7.8,0.993,0.0,2.0,0.15054735702666217,36.0,84.0,0.99803,2.74,0.33,9.9,4
11.5,0.796,0.26,1.3,0.06130318290683236,34.0,27.0,1.001,2.74,0.44,11.0,4
7.2,0.931,0.0,1.3,0.1001220048823406,37.0,25.0,0.99849,3.3,0.41,11.0,4
9.1,1.09,0.0,2.1,0.08891764137155694,15.0,86.0,0.99728,3.05,0.33,13.1,4
4.6,0.485,0.07,4.2,0.045,22.0,27.0,0.99946,2.79,0.72,13.1,4
4.6,0.886,0.0,1.6,0.045,15.0,12.0,1.001,3.34,0.33,10.5,4
7.9,1.09,0.0,1.4,0.14255842278317699,41.0,51.0,1.00022,3.38,0.7,12.1,4
6.0,1.055,0.02,3.9,0.07840674772151057,3.0,55.0,0.99563,3.3,0.6,11.3,4
8.8,0.956,0.0,3.9,0.08740376086333727,41.0,43.0,0.99879,3.31,0.39,9.9,4
5.2,0.875,0.0,1.3,0.045,36.0,86.0,0.99815,2.75,0.33,11.6,4
6.6,1.04,0.0,2.5,0.045,41.0,14.0,0.99785,3.34,0.5,11.0,4
4.8,0.84,0.0,3.1,0.0707136651299613,41.0,86.0,1.001,3.26,0.52,13.1,4
5.5,1.09,0.0,1.3,0.14133225572268662,34.0,49.0,1.00027,2.74,0.63,12.9,4
8.4,1.018,0.0,3.1,0.045,41.0,57.0,0.99429,3.17,0.77,10.1,4
11.4,1.088,0.38,6.3,0.06242449426034646,3.0,24.0,0.99973,3.39,0.39,11.1,4
6.6,1.09,0.0,2.8,0.045,20.0,79.0,0.99882,3.38,0.33,12.2,4
6.5,1.09,0.0,2.6,0.045,29.0,27.0,0.9983,3.34,0.4,9.2,4
10.5,1.09,0.0,4.2,0.08332575478716887,6.0,42.0,0.99819,3.22,0.33,9.9,4
9.2,1.083,0.0,2.7,0.0898532616348023,12.0,34.0,1.001,3.09,0.75,10.7,4
4.6,1.09,0.0,4.7,0.045,36.0,86.0,0.99923,3.21,0.43,13.0,4
6.1,1.09,0.15,1.6,0.07412454151209819,11.0,85.0,0.9982,3.46,0.48,10.8,4
11.6,1.044,0.0,3.9,0.08196496290562788,9.0,86.0,0.9962,2.74,0.33,10.0,4
9.7,1.084,0.0,1.5,0.045,3.0,86.0,0.99546,3.08,0.5,13.1,4
9.0,1.09,0.47,5.8,0.045,3.0,86.0,0.99531,2.74,0.35,10.8,4
10.4,1.08,0.0,6.3,0.09867758716453728,32.0,86.0,0.99385,3.69,1.09,9.7,4
5.6,0.908,0.02,5.4,0.045,12.0,86.0,0.99771,3.07,0.56,10.2,4
8.7,0.986,0.0,5.4,0.09729228741938283,3.0,45.0,0.99495,2.74,0.33,10.8,4
4.6,0.35,0.0,5.9,0.10630173615008923,41.0,86.0,1.00019,3.34,0.69,9.8,4
6.0,1.09,0.0,2.2,0.0621303624441631,41.0,55.0,0.99634,3.35,0.36,9.5,4
9.0,0.477,0.18,3.1,0.08459871305147298,20.0,86.0,1.0,3.11,0.53,9.7,4
8.9,0.867,0.69,3.2,0.045,7.0,73.0,0.99945,2.99,0.58,12.5,4
12.1,0.843,0.4,2.7,0.1315760290820063,3.0,81.0,0.99529,3.22,0.5,9.0,4
4.6,0.664,0.0,2.2,0.17526711825367727,3.0,30.0,0.99746,3.2,0.49,9.3,4
7.5,1.09,0.03,3.1,0.045,27.0,42.0,0.99908,3.34,0.5,9.7,4
5.5,0.639,0.0,1.7,0.09437393916023205,41.0,82.0,0.99908,3.03,0.67,10.1,4
4.6,0.952,0.03,4.6,0.045,6.0,58.0,0.99593,3.43,0.46,11.9,4
7.4,0.934,0.78,2.8,0.07945400025723148,4.0,47.0,0.99707,3.34,0.4,11.0,4
9.1,1.09,0.0,2.0,0.09819694552198166,12.0,42.0,1.00081,3.15,0.44,10.8,4
6.2,1.015,0.0,3.7,0.09131170674084721,25.0,86.0,0.99952,2.74,0.43,9.9,4
8.5,1.09,0.0,3.5,0.045,4.0,62.0,0.99715,3.01,0.47,13.0,4
7.5,0.479,0.0,5.5,0.045,22.0,29.0,0.99728,3.04,0.42,10.0,4
11.7,0.928,0.0,3.5,0.1120022890483183,15.0,13.0,1.00056,3.2,0.33,11.2,4
4.7,0.975,0.0,1.3,0.045,30.0,48.0,0.99934,3.34,1.33,10.1,4
6.6,0.712,0.0,1.3,0.09171497956361244,8.0,80.0,1.001,3.35,0.44,10.3,4
4.6,0.898,0.0,5.0,0.045,17.0,86.0,0.99989,3.22,0.64,10.5,4
12.0,1.09,0.06,3.0,0.04881555333130092,20.0,83.0,1.001,3.2,0.33,13.1,4
6.5,0.669,0.0,4.2,0.14144806333154114,20.0,65.0,0.99735,3.26,0.56,13.1,4
7.0,0.35,0.0,5.0,0.1052497717445428,32.0,85.0,0.99537,2.79,0.35,10.5,4
4.6,0.757,0.0,2.5,0.3459295780364178,14.0,11.0,0.99818,3.46,1.34,12.8,4
4.6,1.09,0.0,2.0,0.122316932035413,22.0,86.0,0.99944,3.13,0.37,10.4,4
9.4,1.09,0.0,2.6,0.06550469096923661,26.0,57.0,1.001,3.26,0.53,10.6,4
9.7,0.711,0.0,1.9,0.08701561114159898,26.0,52.0,0.99832,3.21,0.5,12.8,4
9.1,0.516,0.0,6.3,0.09120000326446051,35.0,86.0,0.99698,2.84,0.49,10.5,4
8.7,1.09,0.0,2.0,0.61,19.0,86.0,0.99611,3.34,0.44,10.8,4
4.6,1.072,0.0,1.3,0.045,11.0,41.0,1.001,3.13,0.33,9.4,4
5.7,0.806,0.22,6.3,0.117247945199468,30.0,47.0,1.00098,2.74,0.66,12.8,4
5.3,0.79,0.0,3.7,0.09583984608776507,31.0,86.0,0.99708,3.12,0.35,12.8,4
4.6,0.895,0.0,5.7,0.045,41.0,56.0,0.99752,3.45,0.43,10.4,4
8.8,1.09,0.0,2.8,0.09300278264576788,37.0,41.0,1.001,2.81,0.54,13.1,4
7.0,1.089,0.0,1.5,0.14103070998978717,3.0,63.0,0.99643,3.62,0.53,12.4,4
10.1,1.09,0.0,5.4,0.06919169132825881,30.0,70.0,1.00095,3.21,1.26,9.7,4
10.1,0.928,0.0,2.6,0.14671087810103045,20.0,86.0,0.99343,3.28,0.33,10.6,4
4.6,0.551,0.0,1.8,0.15323414929582196,41.0,86.0,0.99874,2.74,0.61,10.0,4
4.6,1.09,0.0,3.3,0.045,26.0,86.0,0.99871,3.22,0.37,10.6,4
4.6,1.09,0.0,1.3,0.1053835479978819,31.0,27.0,1.001,3.32,0.71,9.6,4
9.3,0.955,0.11,2.3,0.045,27.0,83.0,1.001,2.95,1.09,9.5,4
6.5,0.821,0.0,6.3,0.06510051492376995,21.0,86.0,0.99802,3.16,0.33,9.9,4
9.7,0.657,0.06,2.8,0.16280962687671371,39.0,53.0,0.99793,3.68,0.36,12.7,4
6.4,0.615,0.0,3.7,0.0539329083090548,41.0,43.0,0.99503,3.38,0.46,10.7,4
8.1,1.09,0.0,1.7,0.045,10.0,86.0,1.001,2.75,0.33,10.9,4
7.1,0.736,0.12,2.7,0.08876153365549656,34.0,29.0,0.99879,3.52,0.54,13.1,4
4.6,0.908,0.0,4.1,0.045,36.0,81.0,0.99629,3.14,0.34,10.8,4
6.8,1.09,0.0,6.1,0.10233047409991029,12.0,80.0,0.99907,3.64,0.51,12.0,4
4.6,0.902,0.0,2.1,0.07484394053837225,7.0,71.0,1.001,3.4,1.37,13.1,4
7.3,0.803,0.0,1.6,0.045,4.0,70.0,0.99724,3.04,0.46,13.1,4
7.9,0.462,0.0,1.3,0.11034957092984728,33.0,38.0,0.99968,3.29,1.0,9.0,4
6.8,1.09,0.0,5.4,0.09263318949071614,41.0,86.0,0.99786,3.02,0.43,11.2,4
6.9,1.09,0.0,3.2,0.0871423340705059,40.0,86.0,0.99705,3.67,0.34,9.0,4
11.6,1.09,0.0,1.8,0.09752337307161217,16.0,27.0,0.99984,3.59,0.33,9.8,4
5.6,1.09,0.0,2.4,0.05669025995241218,8.0,86.0,1.001,3.42,0.45,10.7,4
12.3,1.02,0.0,1.5,0.09940706012886799,40.0,80.0,1.001,2.74,0.34,9.5,4
9.6,0.525,0.01,2.7,0.3602842979630463,40.0,48.0,0.99555,2.74,0.79,10.1,4
4.6,1.09,0.0,1.7,0.0457758614136425,17.0,29.0,1.001,2.74,0.36,11.3,4
9.2,1.09,0.0,3.2,0.045,41.0,17.0,1.001,3.13,0.38,12.5,4
7.0,0.797,0.45,4.1,0.06842168657182487,12.0,86.0,0.9982,3.4,0.5,10.7,4
4.9,0.756,0.88,3.3,0.08815584662205037,15.0,7.0,0.99484,3.1,1.61,11.9,4
10.9,1.09,0.27,5.9,0.12337345697525517,6.0,26.0,0.99856,3.24,0.57,10.4,4
7.2,0.967,0.54,4.4,0.12530725590802122,8.0,56.0,0.99967,2.89,0.81,9.4,4
9.7,0.533,0.11,6.3,0.08917135810908161,36.0,54.0,0.99609,3.22,0.75,13.1,4
9.8,1.071,0.0,5.8,0.09095223978360341,41.0,86.0,0.99789,2.9,0.52,13.0,4
4.8,0.956,0.01,1.3,0.1162972985157356,18.0,70.0,1.00004,3.41,0.98,11.8,4
8.1,0.958,0.0,2.5,0.13804321511171536,36.0,85.0,0.99541,3.0,0.33,10.6,4
6.7,1.0,0.0,6.0,0.045,37.0,57.0,0.99685,3.32,0.44,12.6,4
7.6,0.888,0.34,2.4,0.12999702856870232,8.0,71.0,1.00093,3.21,0.69,10.1,4
4.6,0.499,0.0,1.4,0.04630186277832453,16.0,42.0,0.99968,3.31,0.4,10.7,4
4.6,0.64,0.0,1.9,0.09951634746275348,9.0,86.0,0.99835,3.39,0.33,9.8,4
6.1,0.873,0.0,2.9,0.045,41.0,51.0,1.00058,3.36,1.21,11.0,4
4.6,0.908,0.18,2.6,0.045,34.0,79.0,0.99553,3.51,0.42,11.1,4
8.6,0.868,0.25,4.7,0.05153576745340123,10.0,57.0,0.99586,2.99,0.4,10.6,4
9.9,0.601,0.0,3.5,0.08592351516654459,8.0,17.0,0.9934,3.29,0.39,9.9,4
4.6,1.09,0.0,2.7,0.045,41.0,22.0,0.99685,3.48,0.49,11.3,4
4.6,0.915,0.0,1.9,0.06689815891351741,14.0,41.0,0.99523,3.19,0.57,13.1,4
12.5,0.467,0.0,6.3,0.12292734335037564,24.0,86.0,0.99781,3.18,0.36,10.4,4
6.8,0.429,0.0,3.0,0.0674611262132731,8.0,86.0,0.99887,3.24,0.56,12.3,4
6.0,0.785,0.1,6.3,0.07169966422894636,14.0,74.0,1.001,3.22,0.51,12.8,4
4.6,1.09,0.08,1.3,0.04922212722835585,41.0,86.0,1.00018,3.16,0.49,10.7,4
12.5,0.948,0.15,1.3,0.045,41.0,49.0,0.99931,3.22,0.33,9.5,4
6.0,1.09,0.0,6.3,0.060270908233579584,13.0,34.0,0.99886,3.31,0.47,13.1,4
4.6,1.09,0.0,5.7,0.09759417458265734,30.0,22.0,0.99561,3.49,0.42,11.6,4
10.1,1.09,0.0,3.9,0.61,17.0,81.0,1.00025,3.15,0.64,10.5,4
7.5,0.982,0.0,6.0,0.045,41.0,86.0,1.00039,3.23,0.61,12.5,4
4.6,1.09,0.92,3.7,0.12673767149646273,38.0,7.0,0.99685,3.34,0.59,9.0,4
4.6,1.09,0.06,4.4,0.047327923767149144,36.0,57.0,0.99892,3.43,0.68,11.9,4
6.7,0.629,0.0,2.2,0.06232731725282615,24.0,17.0,0.99974,3.15,0.74,13.1,4
8.7,1.085,0.07,2.2,0.08390284005873506,41.0,40.0,0.99601,3.47,0.33,13.0,4
4.6,1.09,0.0,5.1,0.045,6.0,53.0,0.99759,3.44,0.64,9.7,4
4.6,1.069,0.0,1.8,0.10835094203361659,18.0,45.0,0.9967,3.09,0.6,10.8,4
7.8,0.74,0.0,6.3,0.045,7.0,33.0,0.99845,3.51,0.33,12.8,4
6.1,1.09,0.0,5.8,0.07161983832984957,15.0,26.0,0.99958,3.12,0.35,10.1,4
7.1,0.422,0.0,6.2,0.04964525353063546,41.0,86.0,0.9962,3.26,0.35,12.7,4
7.6,1.09,0.0,1.5,0.06284798289690166,23.0,86.0,0.99926,3.13,0.62,10.6,4
9.1,0.469,0.0,2.6,0.08859417180199627,15.0,86.0,1.00021,3.31,0.49,10.5,4
4.6,1.09,0.0,2.0,0.12221592787210668,5.0,86.0,0.99938,3.8,0.52,10.6,4
4.6,1.042,0.0,3.0,0.08448509599719328,37.0,57.0,0.99804,3.06,0.37,11.8,4
12.5,1.09,0.62,6.1,0.10192681455498552,18.0,86.0,0.99808,2.9,0.33,9.1,4
4.6,0.91,0.38,4.3,0.16042965509135,32.0,46.0,0.99958,3.26,0.78,10.9,4
12.5,1.09,0.13,1.3,0.1287837034710952,40.0,86.0,0.99972,3.45,0.57,12.0,4
6.5,0.824,0.0,6.1,0.10787551939822293,23.0,78.0,1.001,3.16,1.81,11.0,4
6.3,1.09,0.0,4.9,0.10308557524627271,6.0,36.0,1.001,3.25,0.43,11.2,4
9.5,1.09,0.19,1.3,0.05336797517165481,23.0,49.0,0.99985,2.74,0.38,10.6,4
7.8,1.09,0.16,1.3,0.05332179148744977,5.0,16.0,0.99983,3.29,0.43,10.4,4
7.4,1.078,0.03,5.0,0.10988073128112422,23.0,55.0,0.99475,3.21,1.41,13.1,4
9.3,0.98,0.0,3.6,0.13620723249742706,41.0,66.0,0.9994,3.18,0.57,10.0,4
5.1,0.997,0.5,4.6,0.13956856576434692,14.0,42.0,0.99949,2.74,0.6,10.1,4
11.4,1.048,0.0,3.7,0.11045183629515135,3.0,86.0,0.99943,3.3,0.56,10.8,4
5.7,0.811,0.07,4.0,0.11561138379798844,14.0,43.0,0.99483,3.67,0.76,9.0,4
4.6,0.773,0.0,5.2,0.045,35.0,17.0,0.99552,3.28,0.33,9.6,4
7.4,0.779,0.05,2.1,0.045,21.0,57.0,0.99846,3.11,0.64,10.5,4
6.3,0.571,0.11,2.0,0.07513972898867144,10.0,86.0,0.99579,3.19,0.78,11.5,4
5.8,1.09,0.07,6.3,0.057910504241089865,22.0,44.0,0.99631,3.45,0.48,10.2,4
9.4,0.928,1.0,2.8,0.09870905798676301,27.0,78.0,0.99893,3.37,0.54,9.7,4
9.1,1.09,0.0,2.3,0.11920949754415146,3.0,86.0,1.00054,3.9,0.4,11.2,4
9.9,1.024,1.0,3.5,0.12496864059154138,33.0,86.0,0.99758,3.4,0.91,9.8,4
10.0,0.6,0.0,6.3,0.08148347008237315,41.0,60.0,0.99843,2.82,0.38,12.7,4
9.9,0.915,0.0,5.8,0.0946077614814372,22.0,49.0,0.99341,3.04,0.33,11.5,4
9.2,0.908,0.0,3.2,0.05210494582459752,41.0,52.0,0.9934,3.2,0.55,11.5,4
7.4,0.852,0.0,2.7,0.045,34.0,76.0,1.00016,3.42,0.45,11.1,4
12.1,1.071,0.57,6.3,0.07287390817804644,25.0,34.0,1.00056,3.35,0.43,9.8,4
12.5,1.09,0.42,1.8,0.11087822360591132,16.0,86.0,1.001,2.99,0.5,10.3,4
7.8,0.518,0.0,4.4,0.09084585547890198,24.0,48.0,1.001,2.81,0.49,9.6,4
12.5,0.939,0.0,5.8,0.045,22.0,86.0,0.99867,3.23,0.33,9.9,4
4.6,0.919,0.0,1.5,0.045,29.0,86.0,1.001,2.77,0.33,9.4,4
8.0,0.831,0.0,1.7,0.13986439776443887,22.0,63.0,1.001,3.21,0.5,12.7,4
8.6,1.037,0.0,2.3,0.07969373680360245,13.0,24.0,0.99563,2.83,0.41,12.1,4
6.3,1.09,0.23,5.8,0.1375231748426636,37.0,47.0,0.99774,3.28,0.85,12.4,4
9.6,0.528,0.0,2.3,0.11345983789962863,15.0,86.0,0.99985,3.23,1.34,10.5,4
5.5,1.031,0.01,4.3,0.1108639810816936,13.0,45.0,1.00014,3.18,0.6,9.7,4
7.0,1.018,0.13,1.6,0.08434908041351148,12.0,79.0,0.99979,3.05,0.33,10.5,4
11.6,1.09,0.0,5.1,0.09747357998058483,31.0,31.0,1.001,3.15,0.33,10.0,4
9.9,1.027,0.0,2.5,0.1193117594254721,41.0,51.0,1.0,3.37,0.53,12.7,4
5.0,1.09,0.0,3.4,0.04542019548230906,9.0,49.0,0.99629,3.33,0.33,11.2,4
4.6,0.973,0.01,3.2,0.045,41.0,75.0,0.99946,3.13,0.46,9.2,4
10.0,0.683,0.0,1.9,0.045,39.0,86.0,0.99833,3.22,0.45,12.7,4
9.7,1.09,0.0,2.2,0.09250663030902993,7.0,86.0,0.99948,3.11,0.33,11.8,4
6.5,0.905,0.66,2.2,0.10220169213680262,31.0,15.0,0.9934,3.23,0.47,9.8,4
6.3,0.952,0.04,3.8,0.056310462209925576,36.0,54.0,1.00059,3.28,0.33,10.9,4
11.2,0.938,0.0,1.5,0.19048620044274808,41.0,59.0,1.00021,2.84,0.62,12.6,4
4.6,1.09,0.0,1.9,0.14245400083213644,9.0,9.0,0.99837,3.55,0.58,10.5,4
10.8,0.529,0.0,2.4,0.0884783938070008,11.0,21.0,1.00085,2.78,0.38,11.0,4
10.4,0.501,0.07,1.3,0.06008918888440873,39.0,83.0,0.99882,3.02,0.62,10.2,4
5.7,0.912,0.0,1.7,0.1563461687092632,3.0,81.0,0.99851,3.12,0.38,10.5,4
5.4,1.038,0.6,2.2,0.053580947594087686,7.0,16.0,0.99762,2.74,1.32,13.1,4
5.9,0.959,0.23,2.2,0.14934407276926917,3.0,79.0,0.99599,3.18,0.4,9.8,4
11.3,0.633,1.0,3.6,0.045,25.0,29.0,0.99714,3.09,0.69,13.0,4
9.9,1.003,0.0,4.2,0.1274333533056105,26.0,51.0,1.001,3.31,0.52,9.7,4
12.0,0.845,0.04,2.2,0.10646690309403542,30.0,28.0,0.99886,3.41,0.33,10.5,4
4.6,0.841,0.0,3.1,0.3206767302807905,37.0,7.0,1.00018,3.46,0.33,13.1,4
9.6,0.831,0.0,2.3,0.045,35.0,81.0,1.001,2.82,0.8,13.0,4
9.7,0.68,0.05,2.9,0.05310906642783966,31.0,47.0,0.9934,3.38,0.5,9.0,4
8.2,1.032,0.0,2.8,0.10120884221992163,40.0,64.0,0.99977,2.89,0.63,13.1,4
6.4,0.912,0.0,3.5,0.13760996086963612,12.0,62.0,1.00047,3.12,0.65,10.1,4
9.2,1.012,0.0,2.6,0.045,34.0,33.0,1.00046,3.47,0.64,12.6,4
11.3,0.858,0.0,6.1,0.05961708125923846,38.0,54.0,0.99873,3.43,0.33,13.1,4
5.9,0.719,0.0,3.8,0.10484278151146925,41.0,68.0,0.99992,3.3,0.62,10.7,4
4.6,0.603,0.0,6.3,0.12824682162619497,34.0,29.0,0.99772,3.08,0.52,10.2,4
5.6,0.985,0.0,5.4,0.07700639526268169,27.0,71.0,0.99608,3.15,0.45,10.4,4
5.4,0.845,0.0,2.3,0.11549056125111706,39.0,86.0,0.9951,3.18,0.63,9.0,4
8.9,1.09,0.0,5.6,0.07963922629015102,15.0,44.0,0.99898,3.31,0.6,10.0,4
4.6,0.35,0.0,1.8,0.045,41.0,32.0,0.99868,2.95,0.33,12.5,4
6.2,1.09,0.0,2.6,0.09744283208491858,28.0,79.0,0.99937,2.88,0.38,12.2,4
10.0,1.09,0.0,6.3,0.15715356793073137,14.0,84.0,1.001,3.07,0.55,11.6,4
9.6,0.614,0.0,4.3,0.12742133007883083,4.0,86.0,0.99732,3.13,0.33,10.8,4
12.0,1.09,0.0,1.6,0.045,36.0,59.0,1.001,3.09,1.4,13.1,4
6.8,1.09,0.01,1.9,0.045,21.0,86.0,1.001,3.19,0.6,10.2,4
12.2,1.022,0.03,3.4,0.0996577797696563,15.0,39.0,1.001,3.1,0.37,13.1,4
10.4,1.048,0.0,6.3,0.61,4.0,78.0,0.99356,3.18,0.33,13.0,4
8.1,1.061,0.6,4.2,0.045,39.0,86.0,0.99551,2.88,0.5,13.1,4
9.1,0.684,0.0,3.6,0.19994092544776065,24.0,22.0,0.99995,3.23,0.33,10.1,4
5.6,1.09,0.28,2.8,0.08636518976105013,25.0,26.0,0.9967,3.41,0.46,11.1,4
4.6,0.768,0.0,6.3,0.11119020038516787,25.0,48.0,1.001,3.17,0.93,12.0,4
7.9,0.728,0.0,6.2,0.05176956190273901,41.0,36.0,0.99779,3.41,0.6,9.8,4
10.7,0.915,0.65,2.2,0.045,27.0,16.0,1.001,3.08,0.41,11.6,4
4.6,1.09,0.0,2.1,0.09372261194399423,29.0,82.0,0.99843,3.13,0.53,10.8,4
4.6,1.09,0.13,6.3,0.05905210269027039,23.0,43.0,0.9998,2.74,0.38,10.2,4
9.5,0.84,0.01,3.5,0.05554891395224591,27.0,63.0,0.99876,2.88,0.4,10.1,4
10.9,1.04,0.0,5.1,0.0909563021082702,24.0,41.0,0.99628,3.63,0.66,10.2,4
8.0,1.09,0.0,3.1,0.11540388671161397,41.0,86.0,1.00044,3.16,0.55,12.2,4
10.6,1.09,0.02,4.3,0.11730291200587287,9.0,52.0,1.00067,3.51,0.39,9.5,4
5.4,0.583,0.05,3.5,0.07616366496535931,25.0,86.0,0.99741,3.28,0.66,13.1,4
4.6,0.949,0.0,5.1,0.16024581922225198,23.0,86.0,0.99636,3.33,0.81,9.9,4
6.0,0.818,0.0,2.0,0.09779690757782117,9.0,23.0,1.00016,3.2,0.33,12.8,4
4.6,0.854,0.06,1.3,0.15481902728915414,24.0,22.0,0.9973,3.31,1.26,9.5,4
4.6,0.476,0.0,5.2,0.13297033666629113,38.0,35.0,0.99842,3.4,0.33,13.1,4
10.4,0.885,0.0,1.7,0.167024342062763,41.0,62.0,0.99984,3.71,0.51,12.3,4
6.7,0.35,0.0,3.3,0.09778527804116784,36.0,86.0,1.001,3.16,0.7,11.8,4
8.7,1.09,0.25,2.1,0.06152177847850383,6.0,44.0,1.001,3.06,0.58,11.9,4
7.7,0.579,0.62,3.3,0.08877022706512334,39.0,86.0,1.00051,3.17,0.66,12.9,4
8.2,0.896,0.0,6.3,0.1339251501941929,16.0,86.0,1.00093,3.15,0.6,11.0,4
6.2,0.852,0.0,3.5,0.06569782646107636,15.0,50.0,0.99874,3.09,0.33,10.6,4
4.6,1.015,0.0,2.6,0.1549093042675127,18.0,40.0,0.9991,3.02,0.39,13.1,4
5.8,1.09,0.26,4.1,0.5753564212023113,23.0,75.0,0.99818,3.23,0.64,10.3,4
11.3,1.053,0.06,1.6,0.08521034768011371,21.0,86.0,1.00062,3.33,0.68,10.7,4
4.6,1.09,0.0,5.5,0.045,41.0,23.0,0.99744,2.74,0.4,11.2,4
6.5,1.09,0.0,2.1,0.06936530170602145,22.0,52.0,1.001,2.97,0.55,11.2,4
9.5,0.983,0.0,2.0,0.43413143555608624,10.0,43.0,0.99958,3.21,0.77,11.1,4
8.1,1.09,0.13,2.2,0.055700547362600175,33.0,7.0,0.99924,3.14,0.46,10.9,4
8.1,0.985,0.18,2.7,0.1328901736917985,28.0,86.0,0.9934,3.2,0.37,11.6,4
8.1,0.677,0.0,3.9,0.06881702984832798,19.0,56.0,1.001,3.21,0.35,10.3,4
7.3,1.087,0.0,2.8,0.054345032191696535,10.0,52.0,0.99465,2.74,0.42,10.4,4
7.9,1.09,0.05,3.8,0.045,29.0,86.0,1.001,3.08,0.33,12.3,4
7.9,0.639,0.0,3.2,0.0921103568089539,41.0,63.0,0.99963,2.94,0.55,10.4,4
11.0,1.09,0.23,4.9,0.12618345683405194,19.0,63.0,0.99875,3.2,0.44,12.1,4
10.1,1.09,0.41,5.2,0.12167593831399653,3.0,64.0,0.99615,3.27,0.64,10.2,4
5.2,1.09,0.11,4.4,0.3923355730246052,5.0,83.0,0.99599,3.45,0.33,12.4,4
10.1,0.644,0.18,2.2,0.045,41.0,28.0,1.001,3.29,0.33,10.6,4
10.3,1.09,0.0,4.6,0.06814208383749547,32.0,56.0,0.99621,2.96,0.63,10.8,4
4.6,0.545,0.0,2.3,0.07205158313611244,41.0,24.0,0.99846,3.4,0.36,12.2,4
6.0,1.09,0.0,4.2,0.09695709511661237,26.0,51.0,0.99498,2.74,0.33,12.4,4
5.2,1.09,0.0,6.0,0.045,21.0,14.0,0.99688,3.18,0.49,9.4,4
7.5,0.92,0.0,3.3,0.07069645686485797,23.0,86.0,0.99625,3.36,0.53,12.7,4
10.5,0.549,0.0,3.3,0.06682913423401603,10.0,42.0,0.99958,3.04,0.34,12.6,4
9.0,0.449,0.0,5.4,0.09253959663113835,41.0,80.0,0.99709,3.34,0.4,9.1,4
4.7,0.67,0.02,2.9,0.045,18.0,86.0,0.99916,2.74,0.7,12.5,4
4.6,0.874,0.0,6.1,0.18540459904878356,33.0,86.0,1.001,3.01,0.54,10.5,4
7.4,1.09,0.35,2.6,0.0963560557170474,3.0,13.0,1.00006,3.19,0.34,11.3,4
7.5,0.87,0.13,2.8,0.407143261547837,17.0,52.0,0.99489,3.3,0.52,9.3,4
6.1,1.05,0.02,3.9,0.11722463735039348,12.0,45.0,0.9978,3.52,0.69,9.8,4
8.8,0.825,0.0,3.4,0.06601488811413325,8.0,28.0,0.99725,3.33,0.33,11.5,4
8.9,1.056,0.0,6.3,0.053724571326561193,31.0,75.0,0.99414,3.32,0.48,10.1,4
10.1,1.09,0.0,3.3,0.045,27.0,26.0,0.9975,3.24,0.36,13.0,4
7.5,1.07,0.08,5.8,0.09104490154861242,37.0,60.0,0.99813,2.94,0.33,12.4,4
6.1,1.09,0.84,6.2,0.05704475178133335,16.0,62.0,0.99408,3.17,0.42,10.9,4
8.3,0.87,0.0,2.6,0.045,26.0,54.0,1.00069,3.25,0.42,13.1,4
11.6,1.075,0.0,3.0,0.056288614149903715,17.0,70.0,0.99865,3.39,0.39,10.8,4
9.9,1.09,0.14,6.3,0.07986417534108535,8.0,64.0,0.99603,2.74,0.43,10.0,4
9.0,0.704,0.0,4.1,0.13601949456689955,10.0,54.0,0.99572,3.39,0.33,10.7,4
9.1,1.09,0.0,4.8,0.12485334861223289,8.0,76.0,0.99835,3.38,0.53,10.7,4
5.1,0.831,0.0,1.5,0.11935864687432782,19.0,16.0,0.99443,3.35,0.43,11.5,4
5.8,1.063,0.0,3.3,0.12553565192505092,13.0,32.0,0.99952,3.25,0.5,11.2,4
8.9,1.021,0.12,2.7,0.046696796686775885,41.0,86.0,0.99854,2.87,0.49,10.1,4
9.4,0.985,0.0,4.4,0.0945204737608523,32.0,69.0,0.99596,3.26,1.3,11.8,4
7.6,0.806,0.34,4.9,0.05448742956200647,13.0,22.0,0.9981,3.11,0.69,11.6,4
8.5,1.09,0.03,2.0,0.06775976456200922,3.0,77.0,1.001,3.77,0.7,13.1,4
4.6,0.487,0.0,3.4,0.07006500751601843,16.0,52.0,1.001,3.34,0.37,13.1,4
4.8,1.09,0.0,5.5,0.045,4.0,30.0,1.001,3.29,1.41,12.0,4
5.5,1.0,0.0,2.4,0.0892386059570392,15.0,10.0,0.99879,3.19,0.49,12.6,4
5.5,0.578,0.12,2.7,0.10164011930141047,41.0,35.0,1.001,3.29,0.59,10.4,4
6.0,1.087,0.0,5.3,0.045,13.0,86.0,0.99893,3.21,0.38,10.1,4
8.0,1.09,0.0,3.1,0.11277657649137031,15.0,86.0,0.99511,3.29,0.47,11.9,4
4.6,0.622,0.01,4.4,0.10761438961497805,25.0,7.0,0.99694,2.82,0.5,13.1,4
6.2,1.09,0.1,2.0,0.12436383848988367,41.0,86.0,1.00016,3.19,0.51,10.6,4
4.6,0.35,0.04,3.4,0.045,21.0,86.0,0.99943,3.21,0.52,11.9,4
6.2,0.741,0.32,4.6,0.05390654849050506,3.0,27.0,0.99814,3.01,0.86,10.8,4
7.5,0.599,0.0,1.5,0.05033143625899078,41.0,61.0,0.9985,2.85,0.59,10.7,4
8.2,0.778,0.22,2.0,0.0969478695285183,19.0,86.0,1.001,3.03,0.71,10.8,4
5.8,1.07,0.0,6.3,0.06278101550960932,33.0,35.0,0.99868,3.58,0.33,13.1,4
5.9,1.063,0.0,5.0,0.08708141749141686,16.0,38.0,0.9934,2.74,0.48,9.5,4
4.6,1.006,0.0,5.9,0.058079754413603364,18.0,86.0,0.9934,3.28,0.44,10.6,4
8.2,0.572,0.0,2.6,0.61,41.0,15.0,0.9943,3.25,0.33,11.2,4
8.2,0.914,0.0,3.7,0.15801499676706465,3.0,14.0,0.9994,3.02,0.47,13.1,4
9.6,0.831,0.0,3.7,0.13109943408619207,41.0,86.0,1.00066,3.19,0.4,10.4,4
7.5,0.887,0.0,1.3,0.045,16.0,42.0,1.001,3.05,0.33,10.0,4
