9.1,0.66,0.15,3.2,0.0969999999999999,9.0,59.0,0.99976,3.28,0.54,9.6,5
7.1,0.67,0.0,2.3,0.083,18.0,27.0,0.99768,3.44,0.54,9.4,5
7.4,0.64,0.07,1.8,0.1,8.0,23.0,0.9961,3.3,0.58,9.6,5
7.1,0.735,0.16,1.9,0.1,15.0,77.0,0.9966,3.27,0.64,9.3,5
6.6,0.88,0.04,2.2,0.066,12.0,20.0,0.99636,3.53,0.56,9.9,5
8.4,0.65,0.6,2.1,0.1119999999999999,12.0,90.0,0.9973,3.2,0.52,9.2,5
9.9,0.49,0.58,3.5,0.094,9.0,43.0,1.0004,3.29,0.58,9.0,5
7.3,0.69,0.32,2.2,0.069,35.0,104.0,0.99632,3.33,0.51,9.5,5
7.2,0.66,0.03,2.3,0.078,16.0,86.0,0.99743,3.53,0.57,9.7,5
8.6,0.49,0.51,2.0,0.422,16.0,62.0,0.9979,3.03,1.17,9.0,5
7.8,0.6,0.26,2.0,0.08,31.0,131.0,0.99622,3.21,0.52,9.9,5
6.4,0.795,0.0,2.2,0.065,28.0,52.0,0.99378,3.49,0.52,11.6,5
7.2,1.0,0.0,3.0,0.102,7.0,16.0,0.99586,3.43,0.46,10.0,5
7.9,0.43,0.21,1.6,0.106,10.0,37.0,0.9966,3.17,0.91,9.5,5
10.7,0.9,0.34,6.6,0.1119999999999999,23.0,99.0,1.00289,3.22,0.68,9.3,5
7.2,0.725,0.05,4.65,0.086,4.0,11.0,0.9962,3.41,0.39,10.9,5
9.9,0.63,0.24,2.4,0.077,6.0,33.0,0.9974,3.09,0.57,9.4,5
10.2,0.24,0.49,2.4,0.075,10.0,28.0,0.9978,3.14,0.61,10.4,5
9.6,0.88,0.28,2.4,0.086,30.0,147.0,0.9979,3.24,0.53,9.4,5
9.6,0.6,0.5,2.3,0.079,28.0,71.0,0.9997,3.5,0.57,9.7,5
8.1,0.87,0.0,2.2,0.084,10.0,31.0,0.99656,3.25,0.5,9.8,5
13.2,0.38,0.55,2.7,0.081,5.0,16.0,1.0006,2.98,0.54,9.4,5
9.9,0.59,0.07,3.4,0.102,32.0,71.0,1.00015,3.31,0.71,9.8,5
9.4,0.615,0.28,3.2,0.087,18.0,72.0,1.0001,3.31,0.53,9.7,5
7.1,0.68,0.0,2.2,0.073,12.0,22.0,0.9969,3.48,0.5,9.3,5
9.9,0.72,0.55,1.7,0.136,24.0,52.0,0.99752,3.35,0.94,10.0,5
8.4,0.59,0.29,2.6,0.109,31.0,119.0,0.99801,3.15,0.5,9.1,5
8.9,0.75,0.14,2.5,0.086,9.0,30.0,0.99824,3.34,0.64,10.5,5
7.7,0.66,0.04,1.6,0.039,4.0,9.0,0.9962,3.4,0.47,9.4,5
8.6,0.47,0.27,2.3,0.055,14.0,28.0,0.99516,3.18,0.8,11.2,5
13.5,0.53,0.79,4.8,0.12,23.0,77.0,1.0018,3.18,0.77,13.0,5
7.6,0.39,0.31,2.3,0.0819999999999999,23.0,71.0,0.9982,3.52,0.65,9.7,5
7.5,0.6,0.03,1.8,0.095,25.0,99.0,0.995,3.35,0.54,10.1,5
8.6,0.635,0.68,1.8,0.4029999999999999,19.0,56.0,0.99632,3.02,1.15,9.3,5
7.9,0.18,0.4,1.8,0.062,7.0,20.0,0.9941,3.28,0.7,11.1,5
9.9,0.54,0.45,2.3,0.071,16.0,40.0,0.9991,3.39,0.62,9.4,5
7.1,0.43,0.42,5.5,0.071,28.0,128.0,0.9973,3.42,0.71,10.5,5
7.2,0.34,0.32,2.5,0.09,43.0,113.0,0.9966,3.32,0.79,11.1,5
5.9,0.46,0.0,1.9,0.077,25.0,44.0,0.99385,3.5,0.53,11.2,5
8.1,0.67,0.55,1.8,0.1169999999999999,32.0,141.0,0.9968,3.17,0.62,9.4,5
8.6,0.725,0.24,6.6,0.1169999999999999,31.0,134.0,1.0014,3.32,1.07,9.3,5
8.4,0.62,0.09,2.2,0.084,11.0,108.0,0.9964,3.15,0.66,9.8,5
10.8,0.89,0.3,2.6,0.132,7.0,60.0,0.99786,2.99,1.18,10.2,5
7.6,0.95,0.03,2.0,0.09,7.0,20.0,0.9959,3.2,0.56,9.6,5
7.2,0.62,0.06,2.7,0.077,15.0,85.0,0.99746,3.51,0.54,9.5,5
9.9,0.5,0.5,13.8,0.205,48.0,82.0,1.00242,3.16,0.75,8.8,5
8.9,0.61,0.49,2.0,0.27,23.0,110.0,0.9972,3.12,1.02,9.3,5
8.3,0.78,0.1,2.6,0.081,45.0,87.0,0.9983,3.48,0.53,10.0,5
7.7,0.54,0.26,1.9,0.089,23.0,147.0,0.99636,3.26,0.59,9.7,5
5.6,0.5,0.09,2.3,0.049,17.0,99.0,0.9937,3.63,0.63,13.0,5
6.9,0.63,0.33,6.7,0.235,66.0,115.0,0.99787,3.22,0.56,9.5,5
7.8,0.76,0.04,2.3,0.092,15.0,54.0,0.997,3.26,0.65,9.8,5
9.4,0.685,0.26,2.4,0.0819999999999999,23.0,143.0,0.9978,3.28,0.55,9.4,5
7.2,0.41,0.3,2.1,0.083,35.0,72.0,0.997,3.44,0.52,9.4,5
8.4,0.56,0.08,2.1,0.105,16.0,44.0,0.9958,3.13,0.52,11.0,5
9.0,0.47,0.31,2.7,0.084,24.0,125.0,0.9984,3.31,0.61,9.4,5
12.7,0.6,0.49,2.8,0.075,5.0,19.0,0.9994,3.14,0.57,11.4,5
9.6,0.68,0.24,2.2,0.087,5.0,28.0,0.9988,3.14,0.6,10.2,5
6.8,0.64,0.1,2.1,0.085,18.0,101.0,0.9956,3.34,0.52,10.2,5
7.7,0.64,0.21,2.2,0.077,32.0,133.0,0.9956,3.27,0.45,9.9,5
7.5,0.42,0.32,2.7,0.067,7.0,25.0,0.99628,3.24,0.44,10.4,5
7.7,0.69,0.22,1.9,0.084,18.0,94.0,0.9961,3.31,0.48,9.5,5
6.1,0.59,0.01,2.1,0.0559999999999999,5.0,13.0,0.99472,3.52,0.56,11.4,5
7.4,0.7,0.0,1.9,0.076,11.0,34.0,0.9978,3.51,0.56,9.4,5
8.5,0.49,0.11,2.3,0.084,9.0,67.0,0.9968,3.17,0.53,9.4,5
8.6,0.8,0.11,2.3,0.084,12.0,31.0,0.9979,3.4,0.48,9.9,5
7.7,0.935,0.43,2.2,0.114,22.0,114.0,0.997,3.25,0.73,9.2,5
8.7,0.625,0.16,2.0,0.1009999999999999,13.0,49.0,0.9962,3.14,0.57,11.0,5
8.8,0.64,0.17,2.9,0.084,25.0,130.0,0.99818,3.23,0.54,9.6,5
7.8,0.44,0.28,2.7,0.1,18.0,95.0,0.9966,3.22,0.67,9.4,5
7.4,0.6,0.26,7.3,0.07,36.0,121.0,0.9982,3.37,0.49,9.4,5
6.1,0.32,0.25,1.8,0.086,5.0,32.0,0.99464,3.36,0.44,10.1,5
7.4,0.64,0.17,5.4,0.168,52.0,98.0,0.99736,3.28,0.5,9.5,5
7.3,0.45,0.36,5.9,0.074,12.0,87.0,0.9978,3.33,0.83,10.5,5
10.2,0.67,0.39,1.9,0.054,6.0,17.0,0.9976,3.17,0.47,10.0,5
9.7,0.55,0.17,2.9,0.087,20.0,53.0,1.0004,3.14,0.61,9.4,5
7.2,0.695,0.13,2.0,0.076,12.0,20.0,0.99546,3.29,0.54,10.1,5
7.6,0.62,0.32,2.2,0.0819999999999999,7.0,54.0,0.9966,3.36,0.52,9.4,5
7.4,0.5,0.47,2.0,0.086,21.0,73.0,0.997,3.36,0.57,9.1,5
6.9,0.58,0.2,1.75,0.0579999999999999,8.0,22.0,0.99322,3.38,0.49,11.7,5
5.6,0.605,0.05,2.4,0.073,19.0,25.0,0.99258,3.56,0.55,12.9,5
8.3,0.65,0.1,2.9,0.089,17.0,40.0,0.99803,3.29,0.55,9.5,5
6.8,0.48,0.08,1.8,0.074,40.0,64.0,0.99529,3.12,0.49,9.6,5
8.9,0.31,0.57,2.0,0.111,26.0,85.0,0.9971,3.26,0.53,9.7,5
7.3,0.59,0.26,2.0,0.08,17.0,104.0,0.99584,3.28,0.52,9.9,5
9.0,0.45,0.49,2.6,0.084,21.0,75.0,0.9987,3.35,0.57,9.7,5
6.2,0.58,0.0,1.6,0.065,8.0,18.0,0.9966,3.56,0.84,9.4,5
6.6,0.735,0.02,7.9,0.122,68.0,124.0,0.9994,3.47,0.53,9.9,5
7.9,0.35,0.21,1.9,0.073,46.0,102.0,0.9964,3.27,0.58,9.5,5
5.8,0.68,0.02,1.8,0.087,21.0,94.0,0.9944,3.54,0.52,10.0,5
8.4,1.035,0.15,6.0,0.073,11.0,54.0,0.999,3.37,0.49,9.9,5
7.8,0.7,0.06,1.9,0.079,20.0,35.0,0.99628,3.4,0.69,10.9,5
8.9,0.59,0.39,2.3,0.095,5.0,22.0,0.9986,3.37,0.58,10.3,5
9.2,0.53,0.24,2.6,0.078,28.0,139.0,0.99788,3.21,0.57,9.5,5
7.2,0.695,0.13,2.0,0.076,12.0,20.0,0.99546,3.29,0.54,10.1,5
6.1,0.715,0.1,2.6,0.053,13.0,27.0,0.99362,3.57,0.5,11.9,5
7.2,0.635,0.07,2.6,0.077,16.0,86.0,0.99748,3.51,0.54,9.7,5
5.3,0.715,0.19,1.5,0.161,7.0,62.0,0.99395,3.62,0.61,11.0,5
9.3,0.27,0.41,2.0,0.091,6.0,16.0,0.998,3.28,0.7,9.7,5
7.7,0.56,0.2,2.0,0.075,9.0,39.0,0.9987,3.48,0.62,9.3,5
8.0,0.39,0.3,1.9,0.074,32.0,84.0,0.99717,3.39,0.61,9.0,5
11.9,0.38,0.49,2.7,0.098,12.0,42.0,1.0004,3.16,0.61,10.3,5
9.5,0.55,0.66,2.3,0.387,12.0,37.0,0.9982,3.17,0.67,9.6,5
7.0,0.51,0.09,2.1,0.062,4.0,9.0,0.99584,3.35,0.54,10.5,5
7.9,0.33,0.23,1.7,0.077,18.0,45.0,0.99625,3.29,0.65,9.3,5
7.4,0.55,0.19,1.8,0.0819999999999999,15.0,34.0,0.99655,3.49,0.68,10.5,5
7.5,0.4,0.18,1.6,0.079,24.0,58.0,0.9965,3.34,0.58,9.4,5
8.4,0.29,0.4,1.7,0.067,8.0,20.0,0.99603,3.39,0.6,10.5,5
8.5,0.46,0.59,1.4,0.414,16.0,45.0,0.99702,3.03,1.34,9.2,5
7.3,0.38,0.21,2.0,0.08,7.0,35.0,0.9961,3.33,0.47,9.5,5
8.0,0.6,0.22,2.1,0.08,25.0,105.0,0.99613,3.3,0.49,9.9,5
7.1,0.43,0.42,5.5,0.071,28.0,128.0,0.9973,3.42,0.71,10.5,5
10.0,0.32,0.59,2.2,0.077,3.0,15.0,0.9994,3.2,0.78,9.6,5
6.7,0.675,0.07,2.4,0.089,17.0,82.0,0.9958,3.35,0.54,10.1,5
11.3,0.37,0.41,2.3,0.088,6.0,16.0,0.9988,3.09,0.8,9.3,5
9.2,0.43,0.49,2.4,0.086,23.0,116.0,0.9976,3.23,0.64,9.5,5
7.9,0.66,0.0,1.4,0.096,6.0,13.0,0.99569,3.43,0.58,9.5,5
7.8,0.6,0.26,2.0,0.08,31.0,131.0,0.99622,3.21,0.52,9.9,5
8.5,0.66,0.2,2.1,0.0969999999999999,23.0,113.0,0.99733,3.13,0.48,9.2,5
7.8,0.56,0.19,1.8,0.104,12.0,47.0,0.9964,3.19,0.93,9.5,5
7.6,0.54,0.13,2.5,0.0969999999999999,24.0,66.0,0.99785,3.39,0.61,9.4,5
8.7,0.675,0.1,1.6,0.09,4.0,11.0,0.99745,3.31,0.65,9.55,5
6.2,0.6,0.08,2.0,0.09,32.0,44.0,0.9949,3.45,0.58,10.5,5
8.8,0.52,0.34,2.7,0.087,24.0,122.0,0.9982,3.26,0.61,9.5,5
10.2,0.42,0.57,3.4,0.07,4.0,10.0,0.9971,3.04,0.63,9.6,5
9.0,0.66,0.17,3.0,0.077,5.0,13.0,0.9976,3.29,0.55,10.4,5
9.3,0.39,0.44,2.1,0.107,34.0,125.0,0.9978,3.14,1.22,9.5,5
7.1,0.685,0.35,2.0,0.088,9.0,92.0,0.9963,3.28,0.62,9.4,5
7.6,0.79,0.21,2.3,0.087,21.0,68.0,0.9955,3.12,0.44,9.2,5
9.3,0.655,0.26,2.0,0.096,5.0,35.0,0.99738,3.25,0.42,9.6,5
10.8,0.5,0.46,2.5,0.073,5.0,27.0,1.0001,3.05,0.64,9.5,5
7.4,0.61,0.01,2.0,0.074,13.0,38.0,0.99748,3.48,0.65,9.8,5
7.2,0.725,0.05,4.65,0.086,4.0,11.0,0.9962,3.41,0.39,10.9,5
8.0,0.57,0.23,3.2,0.073,17.0,119.0,0.99675,3.26,0.57,9.3,5
7.4,0.49,0.19,3.0,0.077,16.0,37.0,0.9966,3.37,0.51,10.5,5
10.4,0.28,0.54,2.7,0.105,5.0,19.0,0.9988,3.25,0.63,9.5,5
8.0,1.18,0.21,1.9,0.083,14.0,41.0,0.99532,3.34,0.47,10.5,5
7.3,1.07,0.09,1.7,0.178,10.0,89.0,0.9962,3.3,0.57,9.0,5
7.1,0.72,0.0,1.8,0.123,6.0,14.0,0.99627,3.45,0.58,9.8,5
8.6,0.38,0.36,3.0,0.081,30.0,119.0,0.997,3.2,0.56,9.4,5
5.2,0.32,0.25,1.8,0.103,13.0,50.0,0.9957,3.38,0.55,9.2,5
12.7,0.6,0.49,2.8,0.075,5.0,19.0,0.9994,3.14,0.57,11.4,5
8.4,0.745,0.11,1.9,0.09,16.0,63.0,0.9965,3.19,0.82,9.6,5
7.9,0.72,0.01,1.9,0.076,7.0,32.0,0.99668,3.39,0.54,9.6,5
6.0,0.5,0.0,1.4,0.057,15.0,26.0,0.99448,3.36,0.45,9.5,5
7.4,0.39,0.48,2.0,0.0819999999999999,14.0,67.0,0.9972,3.34,0.55,9.2,5
6.6,0.66,0.0,3.0,0.115,21.0,31.0,0.99629,3.45,0.63,10.3,5
7.5,0.41,0.15,3.7,0.104,29.0,94.0,0.99786,3.14,0.58,9.1,5
8.8,0.66,0.26,1.7,0.074,4.0,23.0,0.9971,3.15,0.74,9.2,5
7.0,0.45,0.34,2.7,0.0819999999999999,16.0,72.0,0.998,3.55,0.6,9.5,5
8.7,0.46,0.31,2.5,0.126,24.0,64.0,0.99746,3.1,0.74,9.6,5
7.9,0.6,0.06,1.6,0.069,15.0,59.0,0.9964,3.3,0.46,9.4,5
7.7,0.41,0.76,1.8,0.611,8.0,45.0,0.9968,3.06,1.26,9.4,5
7.7,0.49,0.26,1.9,0.062,9.0,31.0,0.9966,3.39,0.64,9.6,5
11.2,0.5,0.74,5.15,0.1,5.0,17.0,0.9996,3.22,0.62,11.2,5
8.3,0.655,0.12,2.3,0.083,15.0,113.0,0.9966,3.17,0.66,9.8,5
10.0,0.43,0.33,2.7,0.095,28.0,89.0,0.9984,3.22,0.68,10.0,5
7.4,0.7,0.0,1.9,0.076,11.0,34.0,0.9978,3.51,0.56,9.4,5
9.4,0.59,0.14,2.0,0.084,25.0,48.0,0.9981,3.14,0.56,9.7,5
7.5,0.58,0.03,4.1,0.08,27.0,46.0,0.99592,3.02,0.47,9.2,5
8.2,1.33,0.0,1.7,0.081,3.0,12.0,0.9964,3.53,0.49,10.9,5
7.1,0.68,0.07,1.9,0.075,16.0,51.0,0.99685,3.38,0.52,9.5,5
7.0,0.6,0.3,4.5,0.068,20.0,110.0,0.99914,3.3,1.17,10.2,5
9.1,0.775,0.22,2.2,0.079,12.0,48.0,0.9976,3.18,0.51,9.6,5
7.0,0.735,0.05,2.0,0.081,13.0,54.0,0.9966,3.39,0.57,9.8,5
9.0,0.69,0.0,2.4,0.088,19.0,38.0,0.999,3.35,0.6,9.3,5
7.3,0.49,0.1,2.6,0.068,4.0,14.0,0.99562,3.3,0.47,10.5,5
7.8,0.59,0.18,2.3,0.076,17.0,54.0,0.9975,3.43,0.59,10.0,5
5.6,0.615,0.0,1.6,0.089,16.0,59.0,0.9943,3.58,0.52,9.9,5
9.9,0.63,0.24,2.4,0.077,6.0,33.0,0.9974,3.09,0.57,9.4,5
7.6,0.49,0.33,1.9,0.074,27.0,85.0,0.99706,3.41,0.58,9.0,5
6.8,0.61,0.04,1.5,0.057,5.0,10.0,0.99525,3.42,0.6,9.5,5
6.8,0.77,0.0,1.8,0.066,34.0,52.0,0.9976,3.62,0.68,9.9,5
6.8,0.68,0.21,2.1,0.07,9.0,23.0,0.99546,3.38,0.6,10.3,5
9.4,0.34,0.37,2.2,0.075,5.0,13.0,0.998,3.22,0.62,9.2,5
6.4,0.57,0.02,1.8,0.067,4.0,11.0,0.997,3.46,0.68,9.5,5
10.6,0.36,0.6,2.2,0.152,7.0,18.0,0.9986,3.04,1.06,9.4,5
7.2,0.835,0.0,2.0,0.166,4.0,11.0,0.99608,3.39,0.52,10.0,5
8.2,0.43,0.29,1.6,0.081,27.0,45.0,0.99603,3.25,0.54,10.3,5
12.5,0.46,0.63,2.0,0.071,6.0,15.0,0.9988,2.99,0.87,10.2,5
6.5,0.885,0.0,2.3,0.166,6.0,12.0,0.99551,3.56,0.51,10.8,5
7.5,0.61,0.2,1.7,0.076,36.0,60.0,0.99494,3.1,0.4,9.3,5
8.3,0.54,0.24,3.4,0.076,16.0,112.0,0.9976,3.27,0.61,9.4,5
6.9,0.56,0.03,1.5,0.086,36.0,46.0,0.99522,3.53,0.57,10.6,5
6.1,0.705,0.1,2.8,0.081,13.0,28.0,0.99631,3.6,0.66,10.2,5
5.6,0.54,0.04,1.7,0.049,5.0,13.0,0.9942,3.72,0.58,11.4,5
11.5,0.41,0.52,3.0,0.08,29.0,55.0,1.0001,3.26,0.88,11.0,5
6.8,0.66,0.07,1.6,0.07,16.0,61.0,0.99572,3.29,0.6,9.3,5
6.3,0.39,0.08,1.7,0.066,3.0,20.0,0.9954,3.34,0.58,9.4,5
7.0,0.6,0.3,4.5,0.068,20.0,110.0,0.99914,3.3,1.17,10.2,5
9.2,0.63,0.21,2.7,0.0969999999999999,29.0,65.0,0.9988,3.28,0.58,9.6,5
7.0,0.56,0.13,1.6,0.077,25.0,42.0,0.99629,3.34,0.59,9.2,5
7.3,0.74,0.08,1.7,0.094,10.0,45.0,0.99576,3.24,0.5,9.8,5
10.7,0.43,0.39,2.2,0.106,8.0,32.0,0.9986,2.89,0.5,9.6,5
9.0,0.54,0.49,2.9,0.094,41.0,110.0,0.9982,3.08,0.61,9.2,5
7.8,0.63,0.48,1.7,0.1,14.0,96.0,0.9961,3.19,0.62,9.5,5
8.9,0.635,0.37,1.7,0.263,5.0,62.0,0.9971,3.0,1.09,9.3,5
7.6,0.645,0.03,1.9,0.086,14.0,57.0,0.9969,3.37,0.46,10.3,5
10.4,0.575,0.61,2.6,0.076,11.0,24.0,1.0,3.16,0.69,9.0,5
6.8,0.61,0.2,1.8,0.077,11.0,65.0,0.9971,3.54,0.58,9.3,5
8.1,0.33,0.44,1.5,0.042,6.0,12.0,0.99542,3.35,0.61,10.7,5
9.0,0.48,0.32,2.8,0.084,21.0,122.0,0.9984,3.32,0.62,9.4,5
7.0,0.49,0.49,5.6,0.06,26.0,121.0,0.9974,3.34,0.76,10.5,5
9.3,0.48,0.29,2.1,0.127,6.0,16.0,0.9968,3.22,0.72,11.2,5
7.0,0.62,0.18,1.5,0.062,7.0,50.0,0.9951,3.08,0.6,9.3,5
12.3,0.5,0.49,2.2,0.089,5.0,14.0,1.0002,3.19,0.44,9.6,5
8.1,0.38,0.48,1.8,0.157,5.0,17.0,0.9976,3.3,1.05,9.4,5
7.1,0.43,0.42,5.5,0.07,29.0,129.0,0.9973,3.42,0.72,10.5,5
9.3,0.43,0.44,1.9,0.085,9.0,22.0,0.99708,3.28,0.55,9.5,5
15.9,0.36,0.65,7.5,0.096,22.0,71.0,0.9976,2.98,0.84,14.9,5
6.2,0.65,0.06,1.6,0.05,6.0,18.0,0.99348,3.57,0.54,11.95,5
8.0,0.52,0.03,1.7,0.07,10.0,35.0,0.99575,3.34,0.57,10.0,5
7.6,0.43,0.29,2.1,0.075,19.0,66.0,0.99718,3.4,0.64,9.5,5
6.6,0.64,0.31,6.1,0.083,7.0,49.0,0.99718,3.35,0.68,10.3,5
7.1,0.66,0.0,3.9,0.086,17.0,45.0,0.9976,3.46,0.54,9.5,5
6.3,0.57,0.28,2.1,0.048,13.0,49.0,0.99374,3.41,0.6,12.8,5
6.6,0.63,0.0,4.3,0.093,51.0,77.5,0.99558,3.2,0.45,9.5,5
6.6,0.61,0.01,1.9,0.08,8.0,25.0,0.99746,3.69,0.73,10.5,5
8.4,0.56,0.04,2.0,0.0819999999999999,10.0,22.0,0.9976,3.22,0.44,9.6,5
7.0,0.655,0.16,2.1,0.074,8.0,25.0,0.99606,3.37,0.55,9.7,5
6.5,0.52,0.11,1.8,0.073,13.0,38.0,0.9955,3.34,0.52,9.3,5
7.4,0.74,0.07,1.7,0.086,15.0,48.0,0.99502,3.12,0.48,10.0,5
8.1,0.87,0.0,2.2,0.084,10.0,31.0,0.99656,3.25,0.5,9.8,5
6.7,0.75,0.12,2.0,0.086,12.0,80.0,0.9958,3.38,0.52,10.1,5
7.7,0.665,0.0,2.4,0.09,8.0,19.0,0.9974,3.27,0.73,9.3,5
9.8,0.39,0.43,1.65,0.068,5.0,11.0,0.99478,3.19,0.46,11.4,5
6.7,0.48,0.08,2.1,0.064,18.0,34.0,0.99552,3.33,0.64,9.7,5
7.1,0.52,0.03,2.6,0.076,21.0,92.0,0.99745,3.5,0.6,9.8,5
7.3,0.735,0.0,2.2,0.08,18.0,28.0,0.99765,3.41,0.6,9.4,5
7.8,0.5,0.17,1.6,0.0819999999999999,21.0,102.0,0.996,3.39,0.48,9.5,5
7.0,0.59,0.0,1.7,0.052,3.0,8.0,0.996,3.41,0.47,10.3,5
11.1,0.35,0.48,3.1,0.09,5.0,21.0,0.9986,3.17,0.53,10.5,5
8.8,0.61,0.14,2.4,0.067,10.0,42.0,0.9969,3.19,0.59,9.5,5
9.1,0.34,0.42,1.8,0.0579999999999999,9.0,18.0,0.99392,3.18,0.55,11.4,5
6.7,0.58,0.08,1.8,0.0969999999999999,15.0,65.0,0.9959,3.28,0.54,9.2,5
8.3,0.6,0.25,2.2,0.118,9.0,38.0,0.99616,3.15,0.53,9.8,5
8.1,0.82,0.0,4.1,0.095,5.0,14.0,0.99854,3.36,0.53,9.6,5
7.7,0.39,0.12,1.7,0.0969999999999999,19.0,27.0,0.99596,3.16,0.49,9.4,5
7.7,0.96,0.2,2.0,0.047,15.0,60.0,0.9955,3.36,0.44,10.9,5
6.6,0.735,0.02,7.9,0.122,68.0,124.0,0.9994,3.47,0.53,9.9,5
8.3,0.56,0.22,2.4,0.0819999999999999,10.0,86.0,0.9983,3.37,0.62,9.5,5
6.2,0.45,0.2,1.6,0.069,3.0,15.0,0.9958,3.41,0.56,9.2,5
10.3,0.44,0.5,4.5,0.107,5.0,13.0,0.998,3.28,0.83,11.5,5
8.8,0.44,0.49,2.8,0.083,18.0,111.0,0.9982,3.3,0.6,9.5,5
9.9,0.74,0.28,2.6,0.078,21.0,77.0,0.998,3.28,0.51,9.8,5
10.7,0.43,0.39,2.2,0.106,8.0,32.0,0.9986,2.89,0.5,9.6,5
6.6,0.695,0.0,2.1,0.075,12.0,56.0,0.9968,3.49,0.67,9.2,5
7.9,0.37,0.23,1.8,0.077,23.0,49.0,0.9963,3.28,0.67,9.3,5
7.3,0.32,0.23,2.3,0.066,35.0,70.0,0.99588,3.43,0.62,10.1,5
9.9,0.54,0.45,2.3,0.071,16.0,40.0,0.9991,3.39,0.62,9.4,5
9.7,0.69,0.32,2.5,0.088,22.0,91.0,0.9979,3.29,0.62,10.1,5
7.1,0.43,0.17,1.8,0.0819999999999999,27.0,51.0,0.99634,3.49,0.64,10.4,5
10.6,0.83,0.37,2.6,0.086,26.0,70.0,0.9981,3.16,0.52,9.9,5
8.8,0.59,0.18,2.9,0.089,12.0,74.0,0.99738,3.14,0.54,9.4,5
6.0,0.5,0.0,1.4,0.057,15.0,26.0,0.99448,3.36,0.45,9.5,5
7.4,0.53,0.26,2.0,0.1009999999999999,16.0,72.0,0.9957,3.15,0.57,9.4,5
9.9,0.74,0.19,5.8,0.111,33.0,76.0,0.99878,3.14,0.55,9.4,5
8.6,0.47,0.27,2.3,0.055,14.0,28.0,0.99516,3.18,0.8,11.2,5
8.6,0.47,0.3,3.0,0.076,30.0,135.0,0.9976,3.3,0.53,9.4,5
5.6,0.915,0.0,2.1,0.0409999999999999,17.0,78.0,0.99346,3.68,0.73,11.4,5
7.9,0.52,0.26,1.9,0.079,42.0,140.0,0.9964,3.23,0.54,9.5,5
9.9,0.5,0.5,13.8,0.205,48.0,82.0,1.00242,3.16,0.75,8.8,5
7.2,0.415,0.36,2.0,0.081,13.0,45.0,0.9972,3.48,0.64,9.2,5
9.0,0.58,0.25,2.8,0.075,9.0,104.0,0.99779,3.23,0.57,9.7,5
6.9,0.5,0.04,1.5,0.085,19.0,49.0,0.9958,3.35,0.78,9.5,5
9.8,0.98,0.32,2.3,0.078,35.0,152.0,0.998,3.25,0.48,9.4,5
9.2,0.59,0.24,3.3,0.1009999999999999,20.0,47.0,0.9988,3.26,0.67,9.6,5
7.5,0.58,0.14,2.2,0.077,27.0,60.0,0.9963,3.28,0.59,9.8,5
9.1,0.52,0.33,1.3,0.07,9.0,30.0,0.9978,3.24,0.6,9.3,5
6.3,0.39,0.16,1.4,0.08,11.0,23.0,0.9955,3.34,0.56,9.3,5
8.8,0.41,0.64,2.2,0.093,9.0,42.0,0.9986,3.54,0.66,10.5,5
7.7,0.69,0.49,1.8,0.115,20.0,112.0,0.9968,3.21,0.71,9.3,5
8.7,0.82,0.02,1.2,0.07,36.0,48.0,0.9952,3.2,0.58,9.8,5
8.2,0.7,0.23,2.0,0.099,14.0,81.0,0.9973,3.19,0.7,9.4,5
7.6,0.74,0.0,1.9,0.1,6.0,12.0,0.99521,3.36,0.59,11.0,5
8.2,0.885,0.2,1.4,0.086,7.0,31.0,0.9946,3.11,0.46,10.0,5
8.7,0.84,0.0,1.4,0.065,24.0,33.0,0.9954,3.27,0.55,9.7,5
7.9,0.5,0.33,2.0,0.084,15.0,143.0,0.9968,3.2,0.55,9.5,5
8.1,0.575,0.22,2.1,0.077,12.0,65.0,0.9967,3.29,0.51,9.2,5
8.5,0.46,0.31,2.25,0.078,32.0,58.0,0.998,3.33,0.54,9.8,5
9.2,0.46,0.23,2.6,0.091,18.0,77.0,0.99922,3.15,0.51,9.4,5
7.0,0.5,0.14,1.8,0.078,10.0,23.0,0.99636,3.53,0.61,10.4,5
8.5,0.655,0.49,6.1,0.122,34.0,151.0,1.001,3.31,1.14,9.3,5
7.7,0.49,0.26,1.9,0.062,9.0,31.0,0.9966,3.39,0.64,9.6,5
9.9,0.57,0.25,2.0,0.104,12.0,89.0,0.9963,3.04,0.9,10.1,5
7.5,0.59,0.22,1.8,0.0819999999999999,43.0,60.0,0.99499,3.1,0.42,9.2,5
7.7,0.835,0.0,2.6,0.081,6.0,14.0,0.9975,3.3,0.52,9.3,5
8.8,0.42,0.21,2.5,0.092,33.0,88.0,0.99823,3.19,0.52,9.2,5
7.6,0.42,0.25,3.9,0.104,28.0,90.0,0.99784,3.15,0.57,9.1,5
7.0,0.78,0.08,2.0,0.093,10.0,19.0,0.9956,3.4,0.47,10.0,5
6.0,0.5,0.0,1.4,0.057,15.0,26.0,0.99448,3.36,0.45,9.5,5
7.4,0.66,0.0,1.8,0.075,13.0,40.0,0.9978,3.51,0.56,9.4,5
10.6,1.025,0.43,2.8,0.08,21.0,84.0,0.9985,3.06,0.57,10.1,5
10.0,0.38,0.38,1.6,0.1689999999999999,27.0,90.0,0.99914,3.15,0.65,8.5,5
9.9,0.54,0.45,2.3,0.071,16.0,40.0,0.9991,3.39,0.62,9.4,5
7.1,0.755,0.15,1.8,0.107,20.0,84.0,0.99593,3.19,0.5,9.5,5
10.0,0.58,0.22,1.9,0.08,9.0,32.0,0.9974,3.13,0.55,9.5,5
8.7,0.78,0.51,1.7,0.415,12.0,66.0,0.99623,3.0,1.17,9.2,5
13.0,0.32,0.65,2.6,0.093,15.0,47.0,0.9996,3.05,0.61,10.6,5
7.6,0.55,0.21,2.2,0.071,7.0,28.0,0.9964,3.28,0.55,9.7,5
6.5,0.46,0.14,2.4,0.114,9.0,37.0,0.99732,3.66,0.65,9.8,5
8.8,0.6,0.29,2.2,0.098,5.0,15.0,0.9988,3.36,0.49,9.1,5
8.1,1.33,0.0,1.8,0.0819999999999999,3.0,12.0,0.9964,3.54,0.48,10.9,5
6.8,0.775,0.0,3.0,0.102,8.0,23.0,0.9965,3.45,0.56,10.7,5
6.6,0.705,0.07,1.6,0.076,6.0,15.0,0.9962,3.44,0.58,10.7,5
6.4,0.57,0.02,1.8,0.067,4.0,11.0,0.997,3.46,0.68,9.5,5
8.9,0.31,0.36,2.6,0.0559999999999999,10.0,39.0,0.99562,3.4,0.69,11.8,5
12.3,0.5,0.49,2.2,0.089,5.0,14.0,1.0002,3.19,0.44,9.6,5
7.9,0.18,0.4,2.2,0.049,38.0,67.0,0.996,3.33,0.93,11.3,5
8.8,0.4,0.4,2.2,0.079,19.0,52.0,0.998,3.44,0.64,9.2,5
11.5,0.42,0.48,2.6,0.077,8.0,20.0,0.99852,3.09,0.53,11.0,5
8.6,0.47,0.47,2.4,0.074,7.0,29.0,0.9979,3.08,0.46,9.5,5
8.4,0.56,0.04,2.0,0.0819999999999999,10.0,22.0,0.9976,3.22,0.44,9.6,5
6.7,0.64,0.23,2.1,0.08,11.0,119.0,0.99538,3.36,0.7,10.9,5
9.5,0.57,0.27,2.3,0.0819999999999999,23.0,144.0,0.99782,3.27,0.55,9.4,5
12.3,0.39,0.63,2.3,0.091,6.0,18.0,1.0004,3.16,0.49,9.5,5
8.0,0.6,0.22,2.1,0.08,25.0,105.0,0.99613,3.3,0.49,9.9,5
7.8,0.43,0.32,2.8,0.08,29.0,58.0,0.9974,3.31,0.64,10.3,5
8.0,0.745,0.56,2.0,0.118,30.0,134.0,0.9968,3.24,0.66,9.4,5
9.3,0.61,0.26,3.4,0.09,25.0,87.0,0.99975,3.24,0.62,9.7,5
7.1,0.63,0.06,2.0,0.083,8.0,29.0,0.99855,3.67,0.73,9.6,5
6.8,0.48,0.25,2.0,0.076,29.0,61.0,0.9953,3.34,0.6,10.4,5
7.8,0.61,0.29,1.6,0.114,9.0,29.0,0.9974,3.26,1.56,9.1,5
7.2,0.66,0.03,2.3,0.078,16.0,86.0,0.99743,3.53,0.57,9.7,5
8.2,0.28,0.6,3.0,0.104,10.0,22.0,0.99828,3.39,0.68,10.6,5
8.4,0.745,0.11,1.9,0.09,16.0,63.0,0.9965,3.19,0.82,9.6,5
8.6,0.55,0.09,3.3,0.068,8.0,17.0,0.99735,3.23,0.44,10.0,5
7.1,0.71,0.0,1.9,0.08,14.0,35.0,0.9972,3.47,0.55,9.4,5
7.0,0.58,0.12,1.9,0.091,34.0,124.0,0.9956,3.44,0.48,10.5,5
6.9,0.55,0.15,2.2,0.076,19.0,40.0,0.9961,3.41,0.59,10.1,5
8.2,0.28,0.6,3.0,0.104,10.0,22.0,0.99828,3.39,0.68,10.6,5
7.0,0.62,0.1,1.4,0.071,27.0,63.0,0.996,3.28,0.61,9.2,5
8.8,0.6,0.29,2.2,0.098,5.0,15.0,0.9988,3.36,0.49,9.1,5
8.3,0.65,0.1,2.9,0.089,17.0,40.0,0.99803,3.29,0.55,9.5,5
7.9,0.69,0.21,2.1,0.08,33.0,141.0,0.9962,3.25,0.51,9.9,5
7.1,0.62,0.06,1.3,0.07,5.0,12.0,0.9942,3.17,0.48,9.8,5
8.5,0.21,0.52,1.9,0.09,9.0,23.0,0.99648,3.36,0.67,10.4,5
8.2,0.73,0.21,1.7,0.074,5.0,13.0,0.9968,3.2,0.52,9.5,5
8.8,0.24,0.54,2.5,0.083,25.0,57.0,0.9983,3.39,0.54,9.2,5
8.2,0.56,0.23,3.4,0.078,14.0,104.0,0.9976,3.28,0.62,9.4,5
8.6,0.63,0.17,2.9,0.099,21.0,119.0,0.998,3.09,0.52,9.3,5
7.8,0.6,0.26,2.0,0.08,31.0,131.0,0.99622,3.21,0.52,9.9,5
10.0,0.69,0.11,1.4,0.084,8.0,24.0,0.99578,2.88,0.47,9.7,5
7.7,1.005,0.15,2.1,0.102,11.0,32.0,0.99604,3.23,0.48,10.0,5
8.9,0.875,0.13,3.45,0.088,4.0,14.0,0.9994,3.44,0.52,11.5,5
7.3,0.73,0.24,1.9,0.108,18.0,102.0,0.9967,3.26,0.59,9.3,5
12.3,0.39,0.63,2.3,0.091,6.0,18.0,1.0004,3.16,0.49,9.5,5
7.0,0.62,0.08,1.8,0.076,8.0,24.0,0.9978,3.48,0.53,9.0,5
7.6,0.685,0.23,2.3,0.111,20.0,84.0,0.9964,3.21,0.61,9.3,5
15.5,0.645,0.49,4.2,0.095,10.0,23.0,1.00315,2.92,0.74,11.1,5
7.6,0.46,0.11,2.6,0.079,12.0,49.0,0.9968,3.21,0.57,10.0,5
8.1,0.725,0.22,2.2,0.072,11.0,41.0,0.9967,3.36,0.55,9.1,5
6.2,0.63,0.31,1.7,0.088,15.0,64.0,0.9969,3.46,0.79,9.3,5
7.8,0.88,0.0,2.6,0.098,25.0,67.0,0.9968,3.2,0.68,9.8,5
7.8,0.53,0.01,1.6,0.077,3.0,19.0,0.995,3.16,0.46,9.8,5
11.2,0.4,0.5,2.0,0.099,19.0,50.0,0.99783,3.1,0.58,10.4,5
8.1,0.575,0.22,2.1,0.077,12.0,65.0,0.9967,3.29,0.51,9.2,5
7.8,0.87,0.26,3.8,0.107,31.0,67.0,0.99668,3.26,0.46,9.2,5
7.3,0.59,0.26,7.2,0.07,35.0,121.0,0.9981,3.37,0.49,9.4,5
8.9,0.595,0.41,7.9,0.086,30.0,109.0,0.9998,3.27,0.57,9.3,5
6.1,0.34,0.25,1.8,0.084,4.0,28.0,0.99464,3.36,0.44,10.1,5
8.9,0.48,0.24,2.85,0.094,35.0,106.0,0.9982,3.1,0.53,9.2,5
7.2,0.655,0.03,1.8,0.078,7.0,12.0,0.99587,3.34,0.39,9.5,5
7.8,0.82,0.29,4.3,0.083,21.0,64.0,0.99642,3.16,0.53,9.4,5
5.6,0.66,0.0,2.5,0.066,7.0,15.0,0.99256,3.52,0.58,12.9,5
7.2,0.73,0.02,2.5,0.076,16.0,42.0,0.9972,3.44,0.52,9.3,5
6.6,0.57,0.02,2.1,0.115,6.0,16.0,0.99654,3.38,0.69,9.5,5
7.1,0.69,0.04,2.1,0.068,19.0,27.0,0.99712,3.44,0.67,9.8,5
7.8,0.41,0.68,1.7,0.467,18.0,69.0,0.9973,3.08,1.31,9.3,5
7.7,0.39,0.12,1.7,0.0969999999999999,19.0,27.0,0.99596,3.16,0.49,9.4,5
7.1,0.31,0.3,2.2,0.053,36.0,127.0,0.9965,2.94,1.62,9.5,5
8.1,0.78,0.23,2.6,0.059,5.0,15.0,0.997,3.37,0.56,11.3,5
7.6,0.41,0.24,1.8,0.08,4.0,11.0,0.9962,3.28,0.59,9.5,5
9.3,0.43,0.44,1.9,0.085,9.0,22.0,0.99708,3.28,0.55,9.5,5
8.8,0.61,0.14,2.4,0.067,10.0,42.0,0.9969,3.19,0.59,9.5,5
7.8,0.815,0.01,2.6,0.074,48.0,90.0,0.99621,3.38,0.62,10.8,5
7.7,0.965,0.1,2.1,0.1119999999999999,11.0,22.0,0.9963,3.26,0.5,9.5,5
7.0,0.23,0.4,1.6,0.063,21.0,67.0,0.9952,3.5,0.63,11.1,5
7.2,0.54,0.27,2.6,0.084,12.0,78.0,0.9964,3.39,0.71,11.0,5
7.2,0.695,0.13,2.0,0.076,12.0,20.0,0.99546,3.29,0.54,10.1,5
7.4,0.36,0.29,2.6,0.087,26.0,72.0,0.99645,3.39,0.68,11.0,5
6.7,0.54,0.13,2.0,0.076,15.0,36.0,0.9973,3.61,0.64,9.8,5
6.2,0.64,0.09,2.5,0.081,15.0,26.0,0.99538,3.57,0.63,12.0,5
7.2,0.62,0.06,2.5,0.078,17.0,84.0,0.99746,3.51,0.53,9.7,5
8.1,0.78,0.23,2.6,0.059,5.0,15.0,0.997,3.37,0.56,11.3,5
7.8,0.56,0.19,1.8,0.104,12.0,47.0,0.9964,3.19,0.93,9.5,5
8.6,0.52,0.38,1.5,0.096,5.0,18.0,0.99666,3.2,0.52,9.4,5
7.2,0.49,0.24,2.2,0.07,5.0,36.0,0.996,3.33,0.48,9.4,5
6.8,0.59,0.1,1.7,0.063,34.0,53.0,0.9958,3.41,0.67,9.7,5
10.6,0.28,0.39,15.5,0.069,6.0,23.0,1.0026,3.12,0.66,9.2,5
8.0,0.52,0.25,2.0,0.078,19.0,59.0,0.99612,3.3,0.48,10.2,5
5.0,1.04,0.24,1.6,0.05,32.0,96.0,0.9934,3.74,0.62,11.5,5
6.2,0.46,0.29,2.1,0.074,32.0,98.0,0.99578,3.33,0.62,9.8,5
6.8,0.915,0.29,4.8,0.07,15.0,39.0,0.99577,3.53,0.54,11.1,5
9.3,0.715,0.24,2.1,0.07,5.0,20.0,0.9966,3.12,0.59,9.9,5
8.3,0.615,0.22,2.6,0.087,6.0,19.0,0.9982,3.26,0.61,9.3,5
7.3,0.695,0.0,2.5,0.075,3.0,13.0,0.998,3.49,0.52,9.2,5
6.1,0.6,0.08,1.8,0.071,14.0,45.0,0.99336,3.38,0.54,11.0,5
7.6,0.9,0.06,2.5,0.079,5.0,10.0,0.9967,3.39,0.56,9.8,5
7.1,0.36,0.3,1.6,0.08,35.0,70.0,0.99693,3.44,0.5,9.4,5
8.2,0.73,0.21,1.7,0.074,5.0,13.0,0.9968,3.2,0.52,9.5,5
6.4,0.64,0.21,1.8,0.081,14.0,31.0,0.99689,3.59,0.66,9.8,5
7.8,0.64,0.0,1.9,0.072,27.0,55.0,0.9962,3.31,0.63,11.0,5
7.8,0.55,0.35,2.2,0.074,21.0,66.0,0.9974,3.25,0.56,9.2,5
11.1,0.39,0.54,2.7,0.095,21.0,101.0,1.0001,3.13,0.51,9.5,5
8.0,0.64,0.22,2.4,0.094,5.0,33.0,0.99612,3.37,0.58,11.0,5
15.6,0.645,0.49,4.2,0.095,10.0,23.0,1.00315,2.92,0.74,11.1,5
9.0,0.58,0.25,2.0,0.104,8.0,21.0,0.99769,3.27,0.72,9.6,5
7.1,0.59,0.01,2.5,0.077,20.0,85.0,0.99746,3.55,0.59,9.8,5
7.5,0.61,0.26,1.9,0.073,24.0,88.0,0.99612,3.3,0.53,9.8,5
6.6,0.7,0.08,2.6,0.106,14.0,27.0,0.99665,3.44,0.58,10.2,5
9.5,0.86,0.26,1.9,0.079,13.0,28.0,0.99712,3.25,0.62,10.0,5
8.9,0.565,0.34,3.0,0.093,16.0,112.0,0.9998,3.38,0.61,9.5,5
7.1,0.46,0.14,2.8,0.076,15.0,37.0,0.99624,3.36,0.49,10.7,5
8.7,0.765,0.22,2.3,0.064,9.0,42.0,0.9963,3.1,0.55,9.4,5
8.3,0.705,0.12,2.6,0.092,12.0,28.0,0.9994,3.51,0.72,10.0,5
7.7,0.69,0.05,2.7,0.075,15.0,27.0,0.9974,3.26,0.61,9.1,5
8.0,0.62,0.35,2.8,0.086,28.0,52.0,0.997,3.31,0.62,10.8,5
7.3,0.58,0.3,2.4,0.074,15.0,55.0,0.9968,3.46,0.59,10.2,5
9.0,0.785,0.24,1.7,0.078,10.0,21.0,0.99692,3.29,0.67,10.0,5
7.0,0.805,0.0,2.5,0.068,7.0,20.0,0.9969,3.48,0.56,9.6,5
7.6,0.41,0.33,2.5,0.078,6.0,23.0,0.9957,3.3,0.58,11.2,5
9.6,0.41,0.37,2.3,0.091,10.0,23.0,0.99786,3.24,0.56,10.5,5
6.8,0.69,0.0,5.6,0.124,21.0,58.0,0.9997,3.46,0.72,10.2,5
6.8,0.67,0.0,1.9,0.08,22.0,39.0,0.99701,3.4,0.74,9.7,5
12.5,0.56,0.49,2.4,0.064,5.0,27.0,0.9999,3.08,0.87,10.9,5
5.9,0.645,0.12,2.0,0.075,32.0,44.0,0.99547,3.57,0.71,10.2,5
8.1,0.66,0.22,2.2,0.069,9.0,23.0,0.9968,3.3,1.2,10.3,5
9.1,0.47,0.49,2.6,0.094,38.0,106.0,0.9982,3.08,0.59,9.1,5
7.5,0.6,0.03,1.8,0.095,25.0,99.0,0.995,3.35,0.54,10.1,5
7.5,0.49,0.19,1.9,0.076,10.0,44.0,0.9957,3.39,0.54,9.7,5
7.3,0.835,0.03,2.1,0.092,10.0,19.0,0.9966,3.39,0.47,9.6,5
8.7,0.78,0.51,1.7,0.415,12.0,66.0,0.99623,3.0,1.17,9.2,5
8.2,0.57,0.26,2.2,0.06,28.0,65.0,0.9959,3.3,0.43,10.1,5
7.9,0.885,0.03,1.8,0.0579999999999999,4.0,8.0,0.9972,3.36,0.33,9.1,4
7.6,0.68,0.02,1.3,0.072,9.0,20.0,0.9965,3.17,1.08,9.2,4
8.5,0.4,0.4,6.3,0.05,3.0,10.0,0.99566,3.28,0.56,12.0,4
6.2,0.785,0.0,2.1,0.06,6.0,13.0,0.99664,3.59,0.61,10.0,4
9.2,0.52,1.0,3.4,0.61,32.0,69.0,0.9996,2.74,2.0,9.4,4
8.3,0.845,0.01,2.2,0.07,5.0,14.0,0.9967,3.32,0.58,11.0,4
5.0,1.02,0.04,1.4,0.045,41.0,85.0,0.9938,3.75,0.48,10.5,4
8.4,0.67,0.19,2.2,0.093,11.0,75.0,0.99736,3.2,0.59,9.2,4
8.8,0.61,0.3,2.8,0.088,17.0,46.0,0.9976,3.26,0.51,9.3,4
6.4,0.53,0.09,3.9,0.123,14.0,31.0,0.9968,3.5,0.67,11.0,4
6.5,0.88,0.03,5.6,0.079,23.0,47.0,0.99572,3.58,0.5,11.2,4
5.6,0.62,0.03,1.5,0.08,6.0,13.0,0.99498,3.66,0.62,10.1,4
8.3,0.625,0.2,1.5,0.08,27.0,119.0,0.9972,3.16,1.12,9.1,4
7.0,0.975,0.04,2.0,0.087,12.0,67.0,0.99565,3.35,0.6,9.4,4
12.5,0.46,0.49,4.5,0.07,26.0,49.0,0.9981,3.05,0.57,9.6,4
7.3,0.55,0.03,1.6,0.072,17.0,42.0,0.9956,3.37,0.48,9.0,4
9.9,0.5,0.24,2.3,0.103,6.0,14.0,0.9978,3.34,0.52,10.0,4
7.3,0.35,0.24,2.0,0.067,28.0,48.0,0.99576,3.43,0.54,10.0,4
6.5,0.67,0.0,4.3,0.057,11.0,20.0,0.99488,3.45,0.56,11.8,4
6.9,1.09,0.06,2.1,0.061,12.0,31.0,0.9948,3.51,0.43,11.4,4
8.8,0.955,0.05,1.8,0.075,5.0,19.0,0.99616,3.3,0.44,9.6,4
6.7,1.04,0.08,2.3,0.067,19.0,32.0,0.99648,3.52,0.57,11.0,4
7.5,0.38,0.48,2.6,0.073,22.0,84.0,0.9972,3.32,0.7,9.6,4
6.9,0.39,0.24,2.1,0.102,4.0,7.0,0.99462,3.44,0.58,11.4,4
6.3,1.02,0.0,2.0,0.083,17.0,24.0,0.99437,3.59,0.55,11.2,4
7.5,0.685,0.07,2.5,0.0579999999999999,5.0,9.0,0.99632,3.38,0.55,10.9,4
8.1,0.73,0.0,2.5,0.081,12.0,24.0,0.99798,3.38,0.46,9.6,4
8.3,0.675,0.26,2.1,0.084,11.0,43.0,0.9976,3.31,0.53,9.2,4
9.1,0.765,0.04,1.6,0.078,4.0,14.0,0.998,3.29,0.54,9.7,4
4.6,0.52,0.15,2.1,0.054,8.0,65.0,0.9934,3.9,0.56,13.1,4
6.2,0.851,1.0,3.0,0.09555084382700711,13.0,11.0,0.9978,3.32,0.66,12.2,4
11.6,0.546,0.07,2.3,0.10413089122455306,3.0,34.0,0.99712,3.68,0.56,9.0,4
6.5,0.35,0.69,1.3,0.08623726616919977,5.0,99.0,0.99511,3.37,0.55,10.1,4
11.5,0.722,0.11,1.7,0.045,3.0,33.0,0.99782,3.6,0.76,10.9,4
7.3,0.681,0.45,4.6,0.33720274568652897,3.0,66.0,0.99623,3.44,0.33,11.2,4
11.5,1.09,0.25,2.5,0.045,3.0,44.0,0.9968,2.81,0.72,9.0,4
4.6,0.624,0.21,1.5,0.14535093192419218,3.0,37.0,0.99393,3.03,0.69,9.0,4
9.0,0.777,0.0,1.6,0.08731464521377849,3.0,16.0,0.99489,3.29,0.53,9.0,4
8.1,0.404,0.13,2.2,0.045,3.0,20.0,0.99701,3.39,0.69,9.8,4
10.7,0.553,0.05,1.3,0.045,3.0,60.0,0.9935,3.08,1.34,13.1,4
7.1,0.877,0.11,1.5,0.045,3.0,7.0,0.99695,3.0,1.09,9.3,4
7.9,0.58,0.31,1.4,0.61,4.0,51.0,0.9948,3.72,0.71,11.3,4
5.9,0.402,0.16,1.3,0.045,13.0,55.0,0.9934,3.25,0.49,13.1,4
8.9,0.624,0.18,4.6,0.045,3.0,13.0,0.9934,3.65,0.77,10.4,4
6.1,1.001,0.25,1.3,0.4600764499511712,3.0,8.0,0.99681,3.3,0.59,9.9,4
9.3,0.731,0.2,1.8,0.0850334698858187,5.0,42.0,0.99495,3.18,0.53,11.2,4
7.7,0.6,0.09,2.2,0.045,3.0,39.0,0.9984,3.16,0.66,12.1,4
9.9,0.653,0.05,3.1,0.61,3.0,66.0,0.99693,3.31,0.62,10.6,4
10.0,1.078,0.39,3.0,0.045,30.0,55.0,0.99615,3.04,0.55,10.2,4
9.8,0.468,0.32,6.3,0.045,3.0,50.0,0.99755,3.53,0.64,9.8,4
6.6,0.479,0.29,1.8,0.10347592739539424,7.0,23.0,0.9944,3.5,0.61,9.8,4
8.2,0.35,0.16,1.5,0.1893576672787116,3.0,31.0,0.9934,3.62,0.54,10.3,4
7.4,0.75,0.13,5.1,0.5557223977216847,3.0,7.0,0.9996,3.23,0.33,9.6,4
9.4,0.35,0.88,2.4,0.045,3.0,10.0,0.99744,3.21,0.72,12.0,4
9.7,0.762,0.13,1.6,0.12668751835509764,3.0,7.0,0.99857,3.47,1.65,9.5,4
8.4,1.09,0.15,1.3,0.045,9.0,7.0,0.99844,2.98,0.39,11.3,4
8.9,0.942,0.12,2.1,0.3905075031766113,28.0,7.0,0.99844,3.23,0.68,9.2,4
9.0,1.09,0.09,2.7,0.5809848866707049,3.0,36.0,0.99734,3.23,0.72,9.0,4
10.7,0.978,0.23,1.4,0.05367447078398503,8.0,27.0,0.99763,3.02,1.04,9.2,4
6.4,0.846,0.06,1.3,0.10500594104492023,10.0,30.0,0.99645,3.52,0.38,11.3,4
10.9,0.595,0.0,1.9,0.07034761341539009,3.0,26.0,0.99484,3.03,0.36,9.0,4
7.2,0.683,0.12,2.0,0.09328977666252089,3.0,77.0,0.9959,3.56,0.38,11.2,4
11.2,0.449,0.95,1.7,0.07740513011955436,6.0,14.0,0.99906,3.08,0.43,9.0,4
4.6,0.707,0.41,3.4,0.12239920927089284,3.0,7.0,0.99929,3.12,1.51,10.5,4
7.7,0.744,0.24,1.5,0.61,3.0,17.0,0.99829,3.55,0.41,10.3,4
5.1,1.09,0.08,1.9,0.045,3.0,7.0,0.9934,3.68,0.5,11.7,4
9.1,0.991,0.2,1.3,0.045,10.0,7.0,0.99599,3.2,0.52,10.0,4
8.7,0.927,0.21,6.1,0.06331735381309395,3.0,59.0,0.99589,3.05,0.58,10.6,4
7.2,0.35,0.03,1.3,0.08419860689855761,4.0,28.0,0.99703,3.04,0.63,9.0,4
5.7,1.09,0.36,2.2,0.04819352707548208,16.0,7.0,0.99841,3.32,0.53,9.3,4
6.6,0.581,0.27,1.9,0.045,8.0,35.0,0.99437,3.01,0.66,10.3,4
10.1,0.381,0.12,1.5,0.33367462049693564,3.0,30.0,0.99942,3.13,0.75,9.0,4
4.8,0.466,0.27,1.4,0.05203689014681,3.0,7.0,0.99866,3.87,0.73,9.7,4
9.7,0.368,0.15,2.2,0.10013542694030102,3.0,21.0,0.99785,3.51,1.38,10.2,4
6.5,0.867,0.32,1.6,0.045,3.0,42.0,0.99691,2.74,0.71,10.5,4
9.0,0.823,0.06,1.3,0.045,11.0,12.0,0.99548,3.11,0.39,10.3,4
5.0,0.703,0.1,1.3,0.1420217776596674,12.0,7.0,0.99717,3.16,0.35,9.0,4
10.5,0.465,0.0,3.4,0.045,7.0,67.0,0.99592,2.89,0.52,10.8,4
12.5,1.071,0.17,2.8,0.069711454859277,3.0,32.0,0.99921,3.01,0.46,9.9,4
6.3,1.006,0.43,1.3,0.3659936813025951,5.0,7.0,0.99465,3.61,0.33,9.0,4
6.6,0.817,0.0,1.3,0.045,38.0,7.0,0.99676,3.12,0.53,9.0,4
7.2,0.564,0.04,1.9,0.61,11.0,28.0,0.99738,3.51,0.41,11.1,4
10.9,0.906,0.16,1.6,0.09392491178234996,3.0,34.0,0.99877,3.08,0.36,9.6,4
9.1,0.552,0.22,2.0,0.045,8.0,53.0,0.9996,3.1,0.43,11.3,4
10.0,0.555,0.2,2.0,0.045,3.0,7.0,0.9996,3.28,0.48,10.1,4
10.0,0.697,0.36,2.4,0.61,10.0,24.0,0.9996,3.23,0.67,9.4,4
8.8,0.35,0.22,1.6,0.06786287159658722,13.0,49.0,0.99706,3.53,0.61,10.4,4
9.2,0.973,0.18,1.3,0.09355088416253671,11.0,30.0,0.99797,2.96,0.4,9.0,4
7.3,1.09,0.08,2.8,0.11802013084608638,12.0,87.0,0.99946,3.11,0.39,10.3,4
7.2,0.557,0.55,5.2,0.07964577869789011,8.0,29.0,0.99515,3.13,0.49,9.0,4
8.1,0.532,0.17,2.7,0.08085315885163029,12.0,7.0,0.99661,3.57,0.68,13.1,4
9.2,0.926,0.21,4.9,0.09795598840496313,14.0,57.0,0.99749,3.18,0.52,10.2,4
9.1,0.372,0.26,1.3,0.11280868416068246,12.0,7.0,0.99787,3.77,0.59,9.0,4
9.0,0.636,0.96,2.8,0.050396793684994425,3.0,7.0,0.99804,3.49,0.75,9.2,4
10.1,0.35,0.07,3.0,0.1126293881516294,8.0,79.0,0.99541,3.3,0.59,11.9,4
9.9,1.09,0.35,1.5,0.045,8.0,40.0,0.99417,3.25,0.65,9.0,4
9.5,0.95,0.02,1.6,0.07024358531999256,16.0,37.0,0.99575,3.2,0.33,10.9,4
6.7,0.737,0.18,2.5,0.10090368693573049,3.0,7.0,0.9934,3.38,0.61,9.0,4
11.2,0.796,0.2,1.3,0.07743366246137436,3.0,28.0,0.99564,3.15,0.5,9.0,4
9.9,1.047,0.02,4.6,0.08328524900275845,4.0,7.0,0.99578,2.97,0.64,9.0,4
11.4,0.71,0.22,2.3,0.06210117527789916,23.0,33.0,0.99386,3.29,0.56,10.6,4
5.1,0.733,0.39,4.5,0.045,4.0,54.0,0.99393,3.66,0.38,11.0,4
7.5,0.831,0.0,2.1,0.09305844909380095,3.0,50.0,0.99774,3.0,2.0,9.0,4
8.3,0.967,0.15,1.4,0.0813002419783482,3.0,119.0,0.99844,3.05,0.52,9.0,4
9.0,0.557,0.09,2.9,0.12551952095862226,13.0,50.0,0.99413,3.12,0.55,9.0,4
4.6,0.582,0.0,1.7,0.09278451029824161,13.0,26.0,0.9934,3.4,0.39,9.4,4
9.7,0.782,0.37,4.3,0.61,3.0,21.0,0.99828,3.23,0.43,9.9,4
8.1,0.376,0.05,1.9,0.06284937798673085,31.0,36.0,0.99482,3.33,1.91,11.8,4
11.9,0.65,0.29,2.7,0.07176618495522766,4.0,7.0,0.9934,3.36,0.75,9.7,4
9.7,0.689,0.28,3.7,0.045,10.0,7.0,0.99545,3.14,0.61,9.2,4
10.1,0.35,0.34,2.6,0.045,3.0,57.0,0.99821,3.32,0.67,11.1,4
4.6,0.729,0.15,2.0,0.10687204291184046,3.0,100.0,0.9996,3.22,0.49,9.1,4
8.1,0.559,0.36,1.8,0.045,15.0,119.0,0.9978,3.48,0.33,12.6,4
5.0,0.527,0.05,2.1,0.11529057318771095,4.0,38.0,0.99402,3.17,0.52,9.0,4
5.4,0.592,0.03,1.3,0.12371852969517713,11.0,11.0,0.9934,3.65,1.38,10.4,4
7.9,0.489,0.25,1.3,0.06525787085299069,21.0,33.0,0.99465,3.54,0.53,10.8,4
8.0,0.541,0.87,2.5,0.05126936749740647,10.0,7.0,0.9996,3.43,0.61,9.0,4
5.1,0.591,0.36,1.3,0.61,3.0,7.0,0.9996,3.27,0.68,9.1,4
8.2,0.528,0.36,2.2,0.07689664865009721,7.0,33.0,0.99638,2.75,0.33,10.2,4
9.5,1.04,0.04,4.3,0.45485573598926515,3.0,37.0,0.99894,3.3,0.54,9.0,4
5.7,0.556,0.19,1.3,0.08815962237647747,3.0,11.0,0.99519,3.55,0.73,9.0,4
6.7,0.852,0.29,2.5,0.0641240184762848,3.0,23.0,0.99824,3.55,1.24,10.4,4
9.0,0.972,0.32,2.0,0.06683952526878979,3.0,7.0,0.9934,2.74,2.0,10.3,4
7.5,0.768,0.3,1.7,0.4363151608686088,8.0,11.0,0.99468,3.21,0.77,10.5,4
10.5,0.855,0.26,1.7,0.07350436889984623,3.0,25.0,0.99617,3.01,0.51,9.0,4
7.6,0.399,0.35,2.0,0.31538001955620176,3.0,21.0,0.99738,3.11,0.84,9.0,4
9.8,0.35,0.35,4.7,0.11248286274935348,12.0,17.0,0.99515,3.72,0.55,9.7,4
5.4,0.498,0.0,2.5,0.11313138512362964,3.0,15.0,0.9996,3.34,0.74,10.0,4
7.7,0.461,0.28,2.7,0.61,10.0,14.0,0.99551,3.25,0.61,9.4,4
5.5,0.641,0.27,1.3,0.61,3.0,26.0,0.99517,2.86,0.56,11.2,4
7.9,0.35,0.22,1.4,0.09846574963061656,4.0,10.0,0.99575,3.49,0.57,13.1,4
10.7,0.926,0.21,6.3,0.0613876558514359,3.0,68.0,0.99753,3.08,0.65,9.0,4
9.4,0.888,0.25,2.5,0.11748898511098847,3.0,8.0,0.99655,3.3,0.63,10.8,4
4.6,0.852,0.34,2.3,0.04826182301378927,3.0,7.0,0.99855,3.29,0.48,9.0,4
11.0,0.504,0.4,2.3,0.09248333836456,3.0,7.0,0.99741,3.36,0.74,13.1,4
6.0,0.877,0.19,2.9,0.045,3.0,89.0,0.99354,3.25,0.69,9.5,4
8.4,0.607,0.06,2.0,0.3058642110791919,3.0,49.0,0.99885,2.88,0.66,10.0,4
9.1,0.761,0.1,1.8,0.07164009694142588,4.0,48.0,0.99428,3.28,0.76,9.6,4
9.0,0.661,0.0,2.4,0.06900599904895348,13.0,21.0,0.99885,2.74,0.36,9.7,4
8.8,0.6,0.22,3.2,0.11820511326769154,5.0,7.0,0.99808,3.46,0.51,11.1,4
9.3,0.564,0.26,5.0,0.09529791201972697,7.0,18.0,0.99577,3.09,0.35,9.7,4
8.3,0.35,0.17,1.5,0.09727814472861923,3.0,13.0,0.99913,3.1,0.58,10.9,4
10.5,0.886,0.13,1.5,0.05449709235252337,5.0,17.0,0.9938,3.43,0.62,13.0,4
7.3,0.683,0.13,1.3,0.09907970227381227,17.0,7.0,0.99622,2.96,0.64,12.5,4
8.7,1.09,0.31,1.5,0.1020767225681739,13.0,15.0,0.99611,3.13,0.76,10.2,4
9.6,0.529,0.32,1.8,0.05357208291482222,3.0,51.0,0.99886,3.2,0.36,9.4,4
11.5,0.995,0.0,2.6,0.61,3.0,18.0,0.99767,2.74,1.63,9.4,4
5.5,0.874,0.31,1.5,0.055925284414634464,23.0,7.0,0.99668,3.25,0.56,10.1,4
9.7,0.915,0.13,4.2,0.36793488795760915,3.0,54.0,0.99556,3.19,1.52,9.0,4
4.6,0.8,0.36,1.3,0.0944651607914842,23.0,19.0,0.99784,3.27,0.33,9.0,4
10.8,0.497,0.25,1.3,0.07287403685203016,3.0,99.0,0.99777,3.4,0.59,11.9,4
4.7,0.536,0.46,5.3,0.06943677871769172,4.0,27.0,0.99859,3.4,0.42,13.1,4
9.2,0.711,0.23,1.3,0.07384285441350733,16.0,28.0,0.9934,3.45,1.18,10.9,4
7.9,0.79,0.02,1.6,0.10365606102953277,3.0,24.0,0.99816,3.35,1.78,10.1,4
7.7,1.032,0.01,3.7,0.11310888132291777,3.0,7.0,0.99628,3.35,0.37,9.0,4
7.8,0.507,0.28,2.1,0.10811978870509803,3.0,21.0,0.99609,3.35,1.85,9.8,4
8.7,0.605,0.28,1.9,0.06536442030312394,6.0,14.0,0.99645,3.03,0.83,11.1,4
7.5,0.549,0.26,4.3,0.06987482531837114,3.0,119.0,0.99527,3.32,0.53,12.3,4
9.6,0.778,0.25,2.5,0.07982980035762344,3.0,70.0,0.99422,3.3,0.51,11.0,4
6.5,0.92,0.0,1.3,0.0599871747276719,8.0,7.0,0.99555,3.32,0.79,9.0,4
9.1,0.35,0.18,1.8,0.10371236182268988,3.0,7.0,0.99878,2.74,0.69,9.2,4
9.4,1.042,0.34,1.3,0.61,11.0,52.0,0.99566,3.42,0.64,9.3,4
6.4,0.35,0.29,1.5,0.0865631030647953,5.0,41.0,0.99722,3.17,0.96,12.0,4
7.2,0.472,0.0,1.9,0.1408793883807519,3.0,7.0,0.99764,3.39,0.67,10.3,4
9.3,0.487,0.27,2.0,0.06772523342596201,3.0,7.0,0.99928,3.52,2.0,10.2,4
7.9,0.395,0.26,1.5,0.045,3.0,7.0,0.99947,3.33,1.29,11.2,4
8.2,0.35,1.0,1.3,0.05123015539917497,13.0,7.0,0.9991,3.9,0.44,9.6,4
5.1,0.35,0.12,1.7,0.26964906119286064,26.0,10.0,0.99937,3.19,0.51,12.3,4
8.8,0.578,0.28,1.6,0.08875363865782367,3.0,92.0,0.99465,3.02,0.81,9.0,4
8.2,1.014,0.04,5.0,0.08715171312507924,5.0,44.0,0.9996,2.79,0.45,9.1,4
11.0,0.442,0.2,1.5,0.12061333847734394,3.0,20.0,0.99716,3.02,0.74,10.9,4
10.2,0.545,0.27,1.3,0.06255032813491192,10.0,23.0,0.99672,3.06,0.42,10.4,4
4.6,0.481,0.03,5.3,0.045,3.0,7.0,0.9996,3.12,0.66,9.8,4
7.2,0.369,0.0,1.9,0.09694617090204977,3.0,7.0,0.99911,3.15,0.73,10.6,4
5.5,0.35,0.35,6.0,0.5153305488735493,3.0,15.0,0.99569,3.4,0.55,10.1,4
10.1,0.529,0.16,5.1,0.09746305783969793,3.0,61.0,0.99521,3.2,0.68,10.7,4
9.7,1.023,0.16,1.5,0.05596956794226071,8.0,21.0,0.99939,3.38,0.48,9.3,4
7.3,0.734,0.13,1.8,0.22885993010930994,3.0,17.0,0.99515,3.27,0.57,10.0,4
11.4,0.959,0.19,1.9,0.11673140336070675,3.0,9.0,0.9956,3.66,0.51,11.7,4
7.7,0.624,0.34,1.3,0.08878936159808867,7.0,20.0,0.99875,3.21,0.48,10.1,4
11.5,1.025,0.05,6.3,0.11079080993716568,3.0,56.0,0.9934,3.39,0.33,9.0,4
7.2,1.09,0.0,1.8,0.1271948419147893,6.0,14.0,0.99743,3.26,0.7,10.7,4
11.0,1.09,0.09,2.0,0.4890363928534186,11.0,34.0,0.9983,2.74,0.66,13.1,4
7.6,0.812,0.42,1.3,0.045,35.0,15.0,0.99581,3.53,0.61,9.7,4
7.7,1.09,0.04,1.3,0.13744237080555444,3.0,36.0,0.9934,3.21,0.55,11.3,4
12.1,0.516,0.4,1.9,0.07762466881567497,9.0,59.0,0.99785,3.13,0.58,9.3,4
9.6,0.604,0.32,2.5,0.045,16.0,23.0,0.99857,3.28,0.58,9.5,4
9.7,0.645,0.4,1.3,0.1344100441220052,3.0,7.0,0.9996,3.19,0.77,9.5,4
8.9,0.395,0.22,1.5,0.12290146476629032,3.0,16.0,0.99759,3.35,0.43,9.0,4
6.6,0.389,0.3,4.7,0.07564810009439596,3.0,24.0,0.9996,3.46,0.72,11.0,4
6.5,0.789,0.25,2.1,0.1007158701560016,3.0,44.0,0.99747,3.01,0.48,9.4,4
6.5,0.543,0.24,1.3,0.1010498200699206,4.0,58.0,0.99923,2.76,0.35,9.0,4
9.4,0.574,0.38,2.2,0.060477961090693644,14.0,43.0,0.99476,3.1,0.38,9.1,4
6.7,0.493,0.4,2.1,0.045,3.0,39.0,0.999,3.55,0.66,9.4,4
11.3,0.817,0.24,1.5,0.08983643867038514,3.0,10.0,0.99656,3.3,0.33,9.0,4
5.4,1.09,0.39,1.3,0.6033445100983805,6.0,7.0,0.99676,3.45,0.34,12.3,4
7.1,0.831,0.3,1.8,0.06458520113371084,7.0,12.0,0.99872,3.66,0.59,11.3,4
6.7,0.824,0.15,2.0,0.09717797479630245,3.0,9.0,0.99949,3.35,2.0,9.0,4
7.6,0.773,0.0,5.9,0.61,3.0,50.0,0.99732,3.1,1.56,9.0,4
7.4,0.35,0.34,1.7,0.060521575108128334,4.0,76.0,0.99806,3.11,0.38,11.1,4
6.0,0.805,0.08,2.0,0.05557577944895212,3.0,26.0,0.99363,3.55,0.86,9.0,4
10.3,1.022,0.19,1.6,0.09046874975493484,3.0,7.0,0.99856,3.88,0.33,9.0,4
10.4,0.988,0.15,1.3,0.2285215760887053,8.0,7.0,0.9948,3.56,0.55,10.7,4
10.3,0.689,1.0,1.3,0.61,3.0,7.0,0.99948,3.13,0.61,9.0,4
7.0,0.693,0.17,2.1,0.07002051160268706,4.0,23.0,0.99781,3.0,0.71,10.1,4
8.7,0.454,0.26,1.9,0.0936725108642085,10.0,17.0,0.99593,3.51,0.48,10.4,4
9.0,0.772,0.06,1.3,0.07149827064537331,3.0,7.0,0.99535,3.16,0.63,9.9,4
11.6,0.818,0.17,1.3,0.1162553462218993,3.0,54.0,0.9996,3.29,0.58,9.0,4
8.6,0.675,0.39,1.8,0.05964883907959057,14.0,55.0,0.995,3.54,0.59,9.4,4
5.7,0.717,0.24,1.9,0.2823617053558014,3.0,7.0,0.99591,3.22,1.04,9.1,4
9.1,0.634,0.24,1.3,0.048760056571673066,7.0,14.0,0.99422,3.19,0.59,10.8,4
7.3,0.35,0.36,1.4,0.045,3.0,7.0,0.99803,3.39,0.52,10.7,4
6.8,0.401,0.29,2.2,0.057637680603678104,3.0,51.0,0.9934,3.47,0.64,10.4,4
7.0,0.604,0.09,1.9,0.045,41.0,7.0,0.99714,3.17,0.55,10.9,4
9.4,0.944,0.04,1.7,0.045,3.0,20.0,0.99461,3.15,1.97,10.7,4
11.9,0.747,0.0,2.1,0.07965710396417561,4.0,47.0,0.99448,2.91,0.33,10.0,4
8.3,0.35,0.19,3.1,0.045,4.0,18.0,0.99739,2.98,0.57,9.8,4
7.4,0.35,0.14,5.7,0.08141901699426465,5.0,51.0,0.99848,3.36,0.69,11.0,4
6.9,0.35,0.3,3.7,0.045,3.0,42.0,0.99584,3.19,1.29,9.1,4
10.0,0.895,0.12,1.3,0.1107822478751124,3.0,40.0,0.99495,3.63,0.77,9.0,4
4.7,0.557,0.11,2.1,0.04625948024696301,9.0,19.0,0.99672,3.9,0.65,11.6,4
9.7,0.972,0.3,1.6,0.0813230650498893,13.0,26.0,0.99727,3.21,1.22,10.1,4
4.6,0.509,0.1,1.3,0.08339355112439538,16.0,7.0,0.99485,2.74,0.55,10.0,4
4.6,0.525,0.0,1.9,0.5568267306776351,3.0,7.0,0.99784,3.45,0.53,11.9,4
7.7,0.462,0.34,5.0,0.0734331906759236,7.0,43.0,0.99511,2.99,0.79,9.2,4
7.8,0.83,0.35,2.7,0.08013952697989807,3.0,77.0,0.9965,3.37,0.52,9.0,4
4.6,0.454,0.33,1.3,0.28292429489156024,3.0,8.0,0.99553,3.26,0.41,9.0,4
10.2,0.458,0.24,2.9,0.11763085048638042,3.0,38.0,0.9996,3.22,0.58,10.5,4
6.0,0.619,0.13,2.7,0.22623758461515134,24.0,7.0,0.99527,3.34,0.48,9.6,4
7.5,0.838,0.36,1.3,0.045,27.0,10.0,0.99675,3.12,0.61,10.3,4
7.5,0.944,0.11,1.3,0.050320183432898666,3.0,20.0,0.99669,2.74,0.51,11.6,4
8.6,0.394,0.25,1.6,0.61,3.0,12.0,0.99865,2.81,0.43,9.5,4
8.2,0.555,0.63,2.1,0.045,3.0,7.0,0.99421,3.39,0.62,9.0,4
5.7,0.35,1.0,2.6,0.21014974268589975,3.0,7.0,0.99533,3.28,2.0,9.5,4
8.9,0.537,0.25,2.6,0.045,3.0,15.0,0.9934,3.84,0.54,10.8,4
10.1,0.754,0.47,2.4,0.0940808722643739,3.0,51.0,0.99596,3.69,0.39,10.7,4
7.3,0.691,0.28,6.3,0.045,3.0,44.0,0.99674,3.39,0.7,10.9,4
7.7,0.546,0.02,2.2,0.04810542307353388,3.0,95.0,0.99693,3.48,0.63,11.1,4
7.2,0.74,0.23,1.7,0.08578711052159174,3.0,7.0,0.99504,3.54,0.38,11.1,4
8.7,0.765,0.11,1.6,0.07725950612279515,41.0,15.0,0.99484,3.17,1.18,9.8,4
7.2,0.775,0.16,1.5,0.045,3.0,95.0,0.99607,3.32,0.57,11.7,4
7.3,0.524,0.0,1.6,0.05487268609529573,13.0,119.0,0.99501,3.39,0.71,9.3,4
10.7,1.09,0.1,1.3,0.27337958938538465,8.0,26.0,0.99885,3.16,0.33,10.2,4
6.3,0.884,0.15,1.7,0.0494365568035577,17.0,33.0,0.99831,2.9,0.51,11.1,4
9.4,0.453,0.12,6.0,0.1297153383797363,3.0,98.0,0.9996,3.14,0.33,11.6,4
10.7,0.35,0.2,1.3,0.1278551854205534,3.0,60.0,0.99637,3.32,0.55,11.0,4
8.7,0.67,0.44,1.3,0.08549777889039475,14.0,65.0,0.99572,3.46,0.52,11.0,4
6.0,0.568,0.45,2.4,0.045,3.0,45.0,0.99511,3.43,0.76,11.3,4
9.5,0.649,0.08,3.9,0.09033130698100651,3.0,17.0,0.99623,3.43,0.76,9.1,4
7.7,0.731,0.18,2.1,0.07407567999284721,3.0,7.0,0.99793,3.18,0.97,9.7,4
7.8,0.529,0.18,2.7,0.13805994544153824,12.0,7.0,0.9934,3.18,0.67,13.1,4
8.9,1.074,0.19,2.2,0.045,3.0,56.0,0.99735,3.4,0.74,10.6,4
11.2,1.05,0.01,1.9,0.08397786466938616,3.0,7.0,0.9996,3.79,0.41,9.1,4
8.9,0.781,0.05,2.2,0.045,10.0,14.0,0.9992,2.79,0.5,9.0,4
8.2,1.09,0.32,1.4,0.28536043505419445,3.0,39.0,0.99845,3.02,0.33,9.0,4
6.4,0.35,0.02,1.5,0.045,16.0,41.0,0.9996,3.33,0.62,9.7,4
8.1,0.892,0.05,1.3,0.09089828183419718,27.0,26.0,0.9996,3.3,0.33,9.3,4
11.3,0.35,0.3,1.6,0.05869812575942496,3.0,20.0,0.99587,3.14,0.54,9.0,4
4.8,0.878,0.14,2.1,0.1297796644470398,3.0,7.0,0.99566,3.49,0.49,9.0,4
9.5,0.35,0.3,1.9,0.045,3.0,34.0,0.99947,2.96,0.66,12.0,4
10.7,0.35,0.4,2.6,0.0467091344992734,8.0,53.0,0.99814,3.51,0.63,9.2,4
8.3,0.717,0.36,2.4,0.10367984486294568,3.0,7.0,0.99603,3.0,0.59,9.0,4
4.6,0.887,0.33,1.6,0.045,20.0,7.0,0.99617,3.36,1.0,10.5,4
6.0,0.715,0.11,2.1,0.0633722978895633,3.0,108.0,0.99527,3.77,0.34,9.0,4
10.4,1.049,0.0,3.9,0.2982609298742561,3.0,32.0,0.99644,3.02,0.56,9.5,4
10.9,0.598,0.31,1.3,0.61,9.0,31.0,0.99727,3.24,0.56,9.0,4
10.2,0.35,0.42,4.6,0.045,4.0,50.0,0.9976,3.27,0.67,9.0,4
5.2,0.35,0.12,1.3,0.0864286111496628,8.0,100.0,0.99615,3.49,0.51,9.8,4
10.6,0.411,0.24,1.3,0.045,9.0,98.0,0.99866,2.78,0.62,9.0,4
7.0,0.735,0.27,1.9,0.39599489167093854,21.0,17.0,0.99382,3.12,0.54,9.4,4
5.6,0.735,0.21,1.8,0.11375561931981112,12.0,7.0,0.99917,2.96,0.47,9.0,4
8.7,1.025,0.3,1.4,0.06538281708647128,3.0,97.0,0.99352,3.12,0.72,9.5,4
10.6,0.839,0.64,1.3,0.29823737216626156,11.0,7.0,0.99758,3.03,0.47,9.2,4
8.0,0.587,0.18,3.3,0.59209650522948,12.0,92.0,0.99611,2.96,0.47,12.3,4
10.0,0.567,0.33,5.0,0.045,3.0,82.0,0.99926,3.02,0.48,10.0,4
10.8,0.714,0.02,1.3,0.5153716181173222,10.0,7.0,0.99451,3.59,0.65,9.1,4
6.3,0.395,0.02,2.2,0.06605331605905074,3.0,37.0,0.9934,2.95,0.7,11.7,4
10.1,0.872,0.2,2.4,0.0911998150674315,3.0,7.0,0.9996,3.29,1.05,9.2,4
9.5,1.026,0.37,5.3,0.045,17.0,42.0,0.99926,3.06,0.69,9.1,4
8.0,0.962,1.0,2.5,0.05094990790758936,3.0,14.0,0.99728,3.68,0.55,9.1,4
8.0,0.71,0.39,2.7,0.049162042878098125,3.0,12.0,0.99609,3.43,0.81,12.4,4
4.6,0.781,0.29,4.1,0.06347092086991765,5.0,7.0,0.99943,3.9,0.82,11.1,4
11.0,0.688,0.17,1.3,0.0739411489062071,3.0,7.0,0.9996,2.92,0.33,10.3,4
9.3,0.623,0.34,1.3,0.06950565752803242,3.0,16.0,0.99937,3.05,0.35,9.4,4
8.9,0.707,0.03,1.7,0.09483803815149697,3.0,13.0,0.99569,3.2,0.4,9.2,4
4.6,0.595,0.18,2.8,0.045,3.0,106.0,0.99349,3.05,1.77,10.4,4
10.2,0.777,0.15,2.2,0.11551846619864203,16.0,23.0,0.99674,3.16,0.35,9.0,4
7.3,0.728,0.19,6.3,0.06066062972046937,3.0,7.0,0.99881,3.11,0.52,11.0,4
9.5,0.815,0.25,1.3,0.10505608942283684,3.0,72.0,0.99611,3.72,0.63,10.1,4
9.8,0.937,0.24,1.3,0.4259152654355821,3.0,23.0,0.99459,3.18,0.71,10.0,4
6.9,0.512,0.25,2.2,0.046923572419923024,10.0,31.0,0.9934,3.06,1.16,12.8,4
6.8,0.784,0.36,1.3,0.34003871145045045,3.0,10.0,0.9949,3.28,0.64,9.8,4
5.4,0.35,1.0,1.9,0.04934434430955293,7.0,119.0,0.99684,2.93,0.5,13.0,4
11.2,0.35,0.32,2.8,0.06929611521632206,19.0,19.0,0.9977,3.58,0.62,9.8,4
5.9,0.965,0.26,1.7,0.07634678216024181,12.0,43.0,0.99463,2.74,0.6,9.3,4
11.6,1.09,0.12,1.6,0.07682869825057143,3.0,7.0,0.99645,3.11,0.78,9.4,4
8.6,0.514,0.0,1.3,0.1118605132096143,10.0,9.0,0.99619,3.48,0.38,9.9,4
10.5,0.786,0.24,1.3,0.05856309410700147,24.0,33.0,0.9934,3.48,0.5,9.0,4
8.3,0.35,0.11,1.7,0.08681611376810021,3.0,7.0,0.99825,3.52,0.43,10.8,4
9.7,0.995,0.19,1.3,0.12566424723659486,3.0,7.0,0.99567,3.24,0.71,10.2,4
8.2,0.84,0.32,2.4,0.11002574559941267,11.0,7.0,0.9934,3.62,0.59,11.3,4
8.7,0.958,0.2,2.1,0.0633278506711193,9.0,31.0,0.99579,3.2,0.44,12.3,4
10.0,0.491,0.13,1.4,0.17781082016457483,3.0,12.0,0.9981,3.57,0.34,11.6,4
5.5,0.601,0.11,1.8,0.045,3.0,7.0,0.99587,3.23,0.38,9.0,4
12.1,1.09,1.0,1.3,0.07244583752570971,16.0,45.0,0.9934,3.25,0.7,9.0,4
9.8,1.09,0.15,1.3,0.07176098998380186,12.0,8.0,0.99867,3.32,0.43,11.0,4
9.2,1.018,0.46,5.1,0.045,3.0,31.0,0.99595,3.21,0.69,11.9,4
6.4,0.46,0.3,5.5,0.05711399091159457,26.0,56.0,0.9942,3.43,0.35,9.0,4
10.0,0.647,0.04,1.3,0.05673994412078463,10.0,7.0,0.99812,3.41,0.47,9.6,4
7.2,0.548,0.26,2.2,0.61,3.0,46.0,0.99397,3.72,1.26,12.2,4
7.8,0.92,0.4,1.7,0.045,3.0,19.0,0.9934,3.54,0.42,11.8,4
5.1,0.894,0.07,1.6,0.057894101532353026,17.0,7.0,0.99822,3.67,0.34,9.5,4
10.6,0.957,0.3,2.5,0.045,4.0,9.0,0.9934,3.27,0.67,11.1,4
10.7,1.061,0.23,1.6,0.14001573792994584,11.0,41.0,0.9948,3.14,0.81,9.1,4
9.9,0.863,0.38,2.7,0.30239975839277966,4.0,7.0,0.99776,2.74,2.0,9.3,4
10.8,0.541,0.25,4.8,0.06418107947319464,3.0,81.0,0.99753,3.31,0.45,11.3,4
9.9,0.613,0.17,5.1,0.045,3.0,115.0,0.99682,2.96,0.75,10.0,4
9.7,1.036,0.7,2.4,0.05741430752388607,17.0,22.0,0.9985,2.91,0.59,12.6,4
9.1,0.898,0.19,2.0,0.4850282998301685,9.0,28.0,0.9996,3.4,0.36,10.5,4
4.6,0.938,0.27,2.0,0.06290046574348453,3.0,27.0,0.9965,3.16,0.57,11.2,4
6.5,0.551,0.29,1.3,0.045,16.0,12.0,0.99565,3.85,1.49,9.0,4
7.2,0.994,0.35,1.3,0.05952006454554327,8.0,45.0,0.99947,3.1,0.6,10.6,4
8.0,0.446,0.27,1.3,0.08189094831338393,6.0,95.0,0.99953,3.31,0.43,9.0,4
7.3,0.35,0.24,1.3,0.045,5.0,47.0,0.9934,3.43,0.48,12.7,4
9.8,0.35,0.26,2.0,0.045,3.0,7.0,0.99722,3.65,0.48,13.1,4
9.1,1.0,0.0,1.7,0.61,3.0,12.0,0.99884,3.29,0.6,9.9,4
9.3,0.815,0.37,2.3,0.10267757040987774,14.0,43.0,0.99847,3.1,1.14,9.9,4
9.5,0.801,0.19,4.5,0.32092320535449576,21.0,75.0,0.9996,2.74,1.7,9.1,4
8.5,0.707,0.0,2.0,0.11636375083463382,3.0,10.0,0.99865,3.56,0.57,10.0,4
4.6,1.044,0.26,1.6,0.045,3.0,7.0,0.9934,3.69,0.55,10.7,4
6.1,1.02,0.0,2.0,0.06851317466151602,8.0,57.0,0.99789,3.72,2.0,9.0,4
6.5,0.784,0.3,2.9,0.045,4.0,7.0,0.99907,3.54,0.5,11.3,4
7.8,0.636,0.4,1.3,0.61,18.0,8.0,0.9996,3.43,0.44,9.0,4
6.8,0.578,0.31,5.3,0.05641423921012776,3.0,13.0,0.99695,3.21,0.65,10.6,4
7.8,0.869,0.06,1.3,0.09764475317271941,7.0,10.0,0.99855,3.29,0.77,9.6,4
7.6,0.925,0.14,5.9,0.0639817254401978,3.0,79.0,0.99566,3.47,0.44,10.1,4
6.3,0.926,0.17,3.6,0.08771493562434388,10.0,9.0,0.99428,3.48,0.54,9.0,4
7.5,0.605,0.32,1.9,0.045,3.0,32.0,0.99712,3.4,0.33,10.7,4
10.0,1.09,0.0,2.6,0.61,3.0,18.0,0.99885,3.11,0.49,9.0,4
7.2,0.6,0.06,1.7,0.61,40.0,7.0,0.99904,3.58,0.41,9.0,4
10.3,0.473,1.0,3.0,0.05637671714555944,3.0,119.0,0.99583,3.16,0.96,10.2,4
4.6,0.661,0.0,1.3,0.047329602331954365,6.0,7.0,0.99955,3.27,0.58,13.1,4
5.1,0.35,0.31,5.5,0.13192062236797564,17.0,42.0,0.9934,3.9,0.36,11.5,4
6.6,0.422,0.07,3.0,0.06856851248076325,3.0,88.0,0.99407,3.45,0.46,10.1,4
8.7,0.711,0.36,1.8,0.045,11.0,8.0,0.99403,2.74,0.79,9.0,4
8.3,0.413,0.01,2.4,0.1136571924734997,3.0,98.0,0.9996,3.56,0.7,11.9,4
11.7,0.622,0.17,2.7,0.062328706989277526,3.0,40.0,0.99345,3.59,0.81,9.3,4
9.6,0.709,0.64,2.0,0.055698889690828104,13.0,44.0,0.9974,3.23,0.78,9.0,4
8.7,0.79,0.05,2.5,0.61,3.0,7.0,0.99864,3.36,1.56,9.0,4
9.8,1.067,0.24,2.5,0.06414625609508129,16.0,25.0,0.99646,3.1,1.13,9.4,4
11.4,0.361,0.23,6.3,0.0563832721517301,3.0,37.0,0.99552,2.8,0.8,12.8,4
6.9,0.562,0.26,1.3,0.0853072884939758,17.0,19.0,0.99861,3.32,0.6,9.1,4
11.5,0.465,0.2,1.9,0.04781849813976559,3.0,36.0,0.99632,3.16,2.0,10.9,4
6.6,1.09,0.25,1.4,0.12377002594162917,3.0,7.0,0.99629,3.27,0.6,10.6,4
9.0,0.7,0.66,2.4,0.07316842649262861,3.0,45.0,0.9934,3.59,0.71,9.8,4
10.6,0.774,0.27,1.3,0.11067686933046836,5.0,7.0,0.99629,3.22,0.61,9.5,4
5.7,0.883,0.0,1.3,0.10960148849361995,3.0,19.0,0.99477,3.32,0.33,9.8,4
6.9,0.938,0.9,1.3,0.04964726965208424,3.0,28.0,0.99367,3.49,0.64,9.2,4
6.8,0.624,0.29,1.7,0.24569971778423216,3.0,29.0,0.99421,3.75,0.33,9.2,4
11.2,0.963,0.33,2.1,0.46683544750159583,18.0,7.0,0.99831,2.74,0.33,10.3,4
6.0,0.567,0.4,1.3,0.1183631412679722,10.0,35.0,0.9996,3.13,0.48,10.3,4
12.4,0.654,0.28,1.8,0.10191123193819188,11.0,7.0,0.9996,2.74,0.59,10.2,4
8.7,0.489,0.1,2.0,0.20074237793843594,12.0,109.0,0.99537,3.43,0.48,10.2,4
5.0,0.69,0.0,2.9,0.045,28.0,28.0,0.99564,3.36,0.59,13.0,4
7.7,1.09,0.67,1.9,0.059842163834133266,15.0,26.0,0.99695,2.99,0.33,9.0,4
10.5,1.09,0.35,1.7,0.10844747412718059,3.0,33.0,0.9996,3.44,0.61,9.8,4
9.4,1.022,0.0,2.5,0.3690573274821384,6.0,30.0,0.99746,3.06,0.62,10.8,4
8.2,1.09,0.0,2.0,0.40484769782869834,5.0,17.0,0.99418,3.01,1.48,9.7,4
7.6,0.737,0.05,1.3,0.058396608747803204,3.0,13.0,0.9939,3.33,1.95,9.0,4
10.8,0.509,0.05,2.1,0.060468859291349375,3.0,62.0,0.9934,3.87,1.42,10.0,4
11.6,0.35,0.2,1.7,0.045,12.0,7.0,0.9996,3.54,0.62,12.8,4
4.6,0.35,0.09,2.3,0.41614815743475914,3.0,30.0,0.9996,3.07,0.68,10.4,4
5.3,0.866,0.0,1.7,0.05479374877914209,7.0,15.0,0.99791,3.9,0.61,10.1,4
7.8,0.784,1.0,2.7,0.045,26.0,7.0,0.99437,3.45,0.58,9.0,4
5.8,0.672,0.11,3.5,0.06577916859456606,8.0,17.0,0.9978,3.29,0.44,9.5,4
9.3,0.35,0.07,2.7,0.11495415758868119,3.0,7.0,0.99603,3.1,1.22,11.5,4
6.6,0.35,0.0,1.9,0.1027186376341388,8.0,10.0,0.99897,3.49,0.49,10.8,4
8.3,0.487,0.15,3.6,0.045,4.0,7.0,0.99935,3.12,0.43,11.7,4
8.3,0.539,0.49,2.7,0.04704709852495765,3.0,86.0,0.99935,3.09,0.53,10.6,4
8.6,0.797,0.35,1.3,0.045,3.0,22.0,0.99836,3.33,0.49,9.3,4
8.5,0.716,0.04,1.8,0.0893742498719668,3.0,25.0,0.9984,3.04,0.52,9.0,4
6.9,1.09,0.31,1.7,0.07589489831180134,4.0,7.0,0.99745,3.67,0.38,11.9,4
9.9,0.8,0.12,1.3,0.045,3.0,63.0,0.99383,3.7,0.39,10.7,4
9.3,0.675,0.34,3.3,0.05114164589348422,3.0,27.0,0.9996,3.2,2.0,9.0,4
5.0,0.35,0.32,1.3,0.09647123452920174,4.0,7.0,0.99773,3.03,0.38,9.0,4
10.1,0.744,0.28,2.1,0.07820033882187659,3.0,29.0,0.99594,3.37,0.59,11.2,4
9.1,1.09,0.02,1.8,0.12472833687524613,3.0,7.0,0.99926,3.27,0.52,9.9,4
11.8,0.35,0.29,6.3,0.04674925792062126,3.0,60.0,0.99652,3.22,1.31,11.3,4
8.7,0.758,0.33,2.9,0.045,3.0,39.0,0.9996,3.28,0.56,9.0,4
4.6,0.885,0.31,2.0,0.045,3.0,30.0,0.99733,2.9,0.54,9.5,4
7.6,0.694,0.16,1.3,0.07458231164546178,15.0,30.0,0.99381,2.74,0.47,9.2,4
10.3,1.004,0.05,1.7,0.05617944464039383,3.0,65.0,0.99554,3.55,1.36,9.8,4
9.4,0.829,0.3,2.2,0.05542616456682748,16.0,7.0,0.99669,3.09,0.79,9.3,4
7.0,0.362,0.08,2.1,0.5806578023317346,13.0,17.0,0.99823,3.11,0.44,9.1,4
6.2,0.636,0.29,1.3,0.15230638848269457,3.0,7.0,0.99384,3.38,0.72,9.0,4
7.0,0.79,0.31,6.0,0.045,7.0,17.0,0.99584,3.42,0.33,10.8,4
7.5,0.919,0.29,6.3,0.10597863907419544,3.0,7.0,0.99861,3.23,0.44,9.0,4
11.2,0.822,0.07,1.7,0.05689617594614611,3.0,80.0,0.99497,3.68,0.5,10.0,4
11.1,0.7,0.32,1.7,0.045,39.0,7.0,0.99607,3.3,0.61,10.0,4
12.1,0.458,0.3,1.3,0.07736767957755056,6.0,41.0,0.99958,3.59,0.56,11.6,4
10.2,0.877,0.23,4.0,0.045,4.0,53.0,0.9957,2.88,0.62,9.0,4
8.3,0.808,0.08,2.7,0.10932065108864186,3.0,46.0,0.99645,3.39,0.51,10.4,4
9.7,0.726,0.36,2.3,0.61,3.0,22.0,0.99908,3.47,0.35,9.0,4
5.3,0.779,0.26,1.3,0.045,3.0,49.0,0.9996,3.32,0.57,9.4,4
9.3,1.052,0.14,3.0,0.10572709790152024,6.0,31.0,0.99904,3.02,0.88,9.0,4
8.8,0.35,0.09,1.4,0.09340903500875733,3.0,95.0,0.99819,3.06,0.64,12.4,4
9.9,0.436,1.0,1.7,0.05406512408199131,3.0,112.0,0.99692,2.96,0.61,10.5,4
7.5,0.598,0.29,1.3,0.07548996634256572,8.0,16.0,0.99558,3.55,0.48,9.0,4
9.7,0.8,0.22,1.3,0.06979992200414298,12.0,7.0,0.99767,3.36,0.78,10.0,4
9.7,0.58,0.35,1.3,0.10288991276371814,3.0,20.0,0.99592,3.14,0.42,11.6,4
5.6,0.442,0.15,1.3,0.09835340759010347,3.0,75.0,0.99724,3.27,0.51,11.1,4
9.5,0.993,0.27,1.9,0.045,5.0,43.0,0.9996,3.44,0.33,9.2,4
6.8,1.027,0.0,1.9,0.045,3.0,7.0,0.99457,3.04,0.43,11.6,4
6.7,0.522,0.0,1.7,0.0582921607338439,10.0,22.0,0.99655,3.81,0.55,11.1,4
7.3,0.437,0.2,2.4,0.0513513338310347,10.0,26.0,0.99475,3.29,0.43,9.0,4
8.9,0.805,0.27,2.4,0.045,7.0,7.0,0.9996,3.39,0.64,9.2,4
8.2,0.829,0.03,2.1,0.61,3.0,35.0,0.99489,3.32,0.56,9.3,4
4.6,0.745,0.25,3.2,0.2267795676458666,9.0,7.0,0.9934,3.55,0.67,9.0,4
6.6,0.35,0.4,1.8,0.045,3.0,21.0,0.99364,3.6,0.55,11.7,4
8.3,0.787,0.24,1.4,0.07100152173371276,3.0,16.0,0.9952,3.35,0.48,10.6,4
11.7,0.609,0.36,2.7,0.046828765662221494,4.0,28.0,0.99577,3.37,0.71,10.1,4
6.2,0.35,0.36,1.4,0.05935736619553425,8.0,7.0,0.99631,3.75,0.54,10.8,4
8.3,0.778,0.13,2.8,0.09621707430344237,5.0,24.0,0.9996,2.79,0.51,11.3,4
5.9,0.909,0.05,1.3,0.11582045658641243,22.0,7.0,0.9996,3.9,0.77,9.8,4
8.4,0.524,0.34,2.3,0.48394952533008617,3.0,30.0,0.99844,3.14,0.59,9.1,4
8.4,0.783,0.28,1.5,0.11881126184054863,19.0,7.0,0.99583,3.18,0.54,9.0,4
8.7,0.627,0.34,6.3,0.045,17.0,29.0,0.99636,3.65,0.5,11.3,4
8.7,0.35,0.19,1.7,0.048903319955130205,8.0,8.0,0.9934,2.79,0.62,9.0,4
6.7,0.35,0.26,2.5,0.08368792767710188,3.0,30.0,0.99647,3.72,0.79,11.9,4
8.1,0.55,0.11,2.2,0.0963030223056107,3.0,45.0,0.99545,3.49,0.79,10.2,4
6.6,0.367,0.17,2.1,0.08394575398730225,3.0,11.0,0.99825,3.11,0.58,9.3,4
10.5,1.09,0.25,1.3,0.08677759407435878,7.0,17.0,0.99881,3.43,0.59,11.4,4
9.7,0.924,0.07,3.1,0.61,3.0,18.0,0.99643,3.21,0.35,9.0,4
7.2,0.725,0.19,2.0,0.06252231930877034,33.0,10.0,0.9996,3.45,0.43,9.7,4
