9.1,0.66,0.15,3.2,0.0969999999999999,9.0,59.0,0.99976,3.28,0.54,9.6,5
7.1,0.67,0.0,2.3,0.083,18.0,27.0,0.99768,3.44,0.54,9.4,5
7.4,0.64,0.07,1.8,0.1,8.0,23.0,0.9961,3.3,0.58,9.6,5
7.1,0.735,0.16,1.9,0.1,15.0,77.0,0.9966,3.27,0.64,9.3,5
6.6,0.88,0.04,2.2,0.066,12.0,20.0,0.99636,3.53,0.56,9.9,5
8.4,0.65,0.6,2.1,0.1119999999999999,12.0,90.0,0.9973,3.2,0.52,9.2,5
9.9,0.49,0.58,3.5,0.094,9.0,43.0,1.0004,3.29,0.58,9.0,5
7.3,0.69,0.32,2.2,0.069,35.0,104.0,0.99632,3.33,0.51,9.5,5
7.2,0.66,0.03,2.3,0.078,16.0,86.0,0.99743,3.53,0.57,9.7,5
8.6,0.49,0.51,2.0,0.422,16.0,62.0,0.9979,3.03,1.17,9.0,5
7.8,0.6,0.26,2.0,0.08,31.0,131.0,0.99622,3.21,0.52,9.9,5
6.4,0.795,0.0,2.2,0.065,28.0,52.0,0.99378,3.49,0.52,11.6,5
7.2,1.0,0.0,3.0,0.102,7.0,16.0,0.99586,3.43,0.46,10.0,5
7.9,0.43,0.21,1.6,0.106,10.0,37.0,0.9966,3.17,0.91,9.5,5
10.7,0.9,0.34,6.6,0.1119999999999999,23.0,99.0,1.00289,3.22,0.68,9.3,5
7.2,0.725,0.05,4.65,0.086,4.0,11.0,0.9962,3.41,0.39,10.9,5
9.9,0.63,0.24,2.4,0.077,6.0,33.0,0.9974,3.09,0.57,9.4,5
10.2,0.24,0.49,2.4,0.075,10.0,28.0,0.9978,3.14,0.61,10.4,5
9.6,0.88,0.28,2.4,0.086,30.0,147.0,0.9979,3.24,0.53,9.4,5
9.6,0.6,0.5,2.3,0.079,28.0,71.0,0.9997,3.5,0.57,9.7,5
8.1,0.87,0.0,2.2,0.084,10.0,31.0,0.99656,3.25,0.5,9.8,5
13.2,0.38,0.55,2.7,0.081,5.0,16.0,1.0006,2.98,0.54,9.4,5
9.9,0.59,0.07,3.4,0.102,32.0,71.0,1.00015,3.31,0.71,9.8,5
9.4,0.615,0.28,3.2,0.087,18.0,72.0,1.0001,3.31,0.53,9.7,5
7.1,0.68,0.0,2.2,0.073,12.0,22.0,0.9969,3.48,0.5,9.3,5
9.9,0.72,0.55,1.7,0.136,24.0,52.0,0.99752,3.35,0.94,10.0,5
8.4,0.59,0.29,2.6,0.109,31.0,119.0,0.99801,3.15,0.5,9.1,5
8.9,0.75,0.14,2.5,0.086,9.0,30.0,0.99824,3.34,0.64,10.5,5
7.7,0.66,0.04,1.6,0.039,4.0,9.0,0.9962,3.4,0.47,9.4,5
8.6,0.47,0.27,2.3,0.055,14.0,28.0,0.99516,3.18,0.8,11.2,5
13.5,0.53,0.79,4.8,0.12,23.0,77.0,1.0018,3.18,0.77,13.0,5
7.6,0.39,0.31,2.3,0.0819999999999999,23.0,71.0,0.9982,3.52,0.65,9.7,5
7.5,0.6,0.03,1.8,0.095,25.0,99.0,0.995,3.35,0.54,10.1,5
8.6,0.635,0.68,1.8,0.4029999999999999,19.0,56.0,0.99632,3.02,1.15,9.3,5
7.9,0.18,0.4,1.8,0.062,7.0,20.0,0.9941,3.28,0.7,11.1,5
9.9,0.54,0.45,2.3,0.071,16.0,40.0,0.9991,3.39,0.62,9.4,5
7.1,0.43,0.42,5.5,0.071,28.0,128.0,0.9973,3.42,0.71,10.5,5
7.2,0.34,0.32,2.5,0.09,43.0,113.0,0.9966,3.32,0.79,11.1,5
5.9,0.46,0.0,1.9,0.077,25.0,44.0,0.99385,3.5,0.53,11.2,5
8.1,0.67,0.55,1.8,0.1169999999999999,32.0,141.0,0.9968,3.17,0.62,9.4,5
8.6,0.725,0.24,6.6,0.1169999999999999,31.0,134.0,1.0014,3.32,1.07,9.3,5
8.4,0.62,0.09,2.2,0.084,11.0,108.0,0.9964,3.15,0.66,9.8,5
10.8,0.89,0.3,2.6,0.132,7.0,60.0,0.99786,2.99,1.18,10.2,5
7.6,0.95,0.03,2.0,0.09,7.0,20.0,0.9959,3.2,0.56,9.6,5
7.2,0.62,0.06,2.7,0.077,15.0,85.0,0.99746,3.51,0.54,9.5,5
9.9,0.5,0.5,13.8,0.205,48.0,82.0,1.00242,3.16,0.75,8.8,5
8.9,0.61,0.49,2.0,0.27,23.0,110.0,0.9972,3.12,1.02,9.3,5
8.3,0.78,0.1,2.6,0.081,45.0,87.0,0.9983,3.48,0.53,10.0,5
7.7,0.54,0.26,1.9,0.089,23.0,147.0,0.99636,3.26,0.59,9.7,5
5.6,0.5,0.09,2.3,0.049,17.0,99.0,0.9937,3.63,0.63,13.0,5
6.9,0.63,0.33,6.7,0.235,66.0,115.0,0.99787,3.22,0.56,9.5,5
7.8,0.76,0.04,2.3,0.092,15.0,54.0,0.997,3.26,0.65,9.8,5
9.4,0.685,0.26,2.4,0.0819999999999999,23.0,143.0,0.9978,3.28,0.55,9.4,5
7.2,0.41,0.3,2.1,0.083,35.0,72.0,0.997,3.44,0.52,9.4,5
8.4,0.56,0.08,2.1,0.105,16.0,44.0,0.9958,3.13,0.52,11.0,5
9.0,0.47,0.31,2.7,0.084,24.0,125.0,0.9984,3.31,0.61,9.4,5
12.7,0.6,0.49,2.8,0.075,5.0,19.0,0.9994,3.14,0.57,11.4,5
9.6,0.68,0.24,2.2,0.087,5.0,28.0,0.9988,3.14,0.6,10.2,5
6.8,0.64,0.1,2.1,0.085,18.0,101.0,0.9956,3.34,0.52,10.2,5
7.7,0.64,0.21,2.2,0.077,32.0,133.0,0.9956,3.27,0.45,9.9,5
7.5,0.42,0.32,2.7,0.067,7.0,25.0,0.99628,3.24,0.44,10.4,5
7.7,0.69,0.22,1.9,0.084,18.0,94.0,0.9961,3.31,0.48,9.5,5
6.1,0.59,0.01,2.1,0.0559999999999999,5.0,13.0,0.99472,3.52,0.56,11.4,5
7.4,0.7,0.0,1.9,0.076,11.0,34.0,0.9978,3.51,0.56,9.4,5
8.5,0.49,0.11,2.3,0.084,9.0,67.0,0.9968,3.17,0.53,9.4,5
8.6,0.8,0.11,2.3,0.084,12.0,31.0,0.9979,3.4,0.48,9.9,5
7.7,0.935,0.43,2.2,0.114,22.0,114.0,0.997,3.25,0.73,9.2,5
8.7,0.625,0.16,2.0,0.1009999999999999,13.0,49.0,0.9962,3.14,0.57,11.0,5
8.8,0.64,0.17,2.9,0.084,25.0,130.0,0.99818,3.23,0.54,9.6,5
7.8,0.44,0.28,2.7,0.1,18.0,95.0,0.9966,3.22,0.67,9.4,5
7.4,0.6,0.26,7.3,0.07,36.0,121.0,0.9982,3.37,0.49,9.4,5
6.1,0.32,0.25,1.8,0.086,5.0,32.0,0.99464,3.36,0.44,10.1,5
7.4,0.64,0.17,5.4,0.168,52.0,98.0,0.99736,3.28,0.5,9.5,5
7.3,0.45,0.36,5.9,0.074,12.0,87.0,0.9978,3.33,0.83,10.5,5
10.2,0.67,0.39,1.9,0.054,6.0,17.0,0.9976,3.17,0.47,10.0,5
9.7,0.55,0.17,2.9,0.087,20.0,53.0,1.0004,3.14,0.61,9.4,5
7.2,0.695,0.13,2.0,0.076,12.0,20.0,0.99546,3.29,0.54,10.1,5
7.6,0.62,0.32,2.2,0.0819999999999999,7.0,54.0,0.9966,3.36,0.52,9.4,5
7.4,0.5,0.47,2.0,0.086,21.0,73.0,0.997,3.36,0.57,9.1,5
6.9,0.58,0.2,1.75,0.0579999999999999,8.0,22.0,0.99322,3.38,0.49,11.7,5
5.6,0.605,0.05,2.4,0.073,19.0,25.0,0.99258,3.56,0.55,12.9,5
8.3,0.65,0.1,2.9,0.089,17.0,40.0,0.99803,3.29,0.55,9.5,5
6.8,0.48,0.08,1.8,0.074,40.0,64.0,0.99529,3.12,0.49,9.6,5
8.9,0.31,0.57,2.0,0.111,26.0,85.0,0.9971,3.26,0.53,9.7,5
7.3,0.59,0.26,2.0,0.08,17.0,104.0,0.99584,3.28,0.52,9.9,5
9.0,0.45,0.49,2.6,0.084,21.0,75.0,0.9987,3.35,0.57,9.7,5
6.2,0.58,0.0,1.6,0.065,8.0,18.0,0.9966,3.56,0.84,9.4,5
6.6,0.735,0.02,7.9,0.122,68.0,124.0,0.9994,3.47,0.53,9.9,5
7.9,0.35,0.21,1.9,0.073,46.0,102.0,0.9964,3.27,0.58,9.5,5
5.8,0.68,0.02,1.8,0.087,21.0,94.0,0.9944,3.54,0.52,10.0,5
8.4,1.035,0.15,6.0,0.073,11.0,54.0,0.999,3.37,0.49,9.9,5
7.8,0.7,0.06,1.9,0.079,20.0,35.0,0.99628,3.4,0.69,10.9,5
8.9,0.59,0.39,2.3,0.095,5.0,22.0,0.9986,3.37,0.58,10.3,5
9.2,0.53,0.24,2.6,0.078,28.0,139.0,0.99788,3.21,0.57,9.5,5
7.2,0.695,0.13,2.0,0.076,12.0,20.0,0.99546,3.29,0.54,10.1,5
6.1,0.715,0.1,2.6,0.053,13.0,27.0,0.99362,3.57,0.5,11.9,5
7.2,0.635,0.07,2.6,0.077,16.0,86.0,0.99748,3.51,0.54,9.7,5
5.3,0.715,0.19,1.5,0.161,7.0,62.0,0.99395,3.62,0.61,11.0,5
9.3,0.27,0.41,2.0,0.091,6.0,16.0,0.998,3.28,0.7,9.7,5
7.7,0.56,0.2,2.0,0.075,9.0,39.0,0.9987,3.48,0.62,9.3,5
8.0,0.39,0.3,1.9,0.074,32.0,84.0,0.99717,3.39,0.61,9.0,5
11.9,0.38,0.49,2.7,0.098,12.0,42.0,1.0004,3.16,0.61,10.3,5
9.5,0.55,0.66,2.3,0.387,12.0,37.0,0.9982,3.17,0.67,9.6,5
7.0,0.51,0.09,2.1,0.062,4.0,9.0,0.99584,3.35,0.54,10.5,5
7.9,0.33,0.23,1.7,0.077,18.0,45.0,0.99625,3.29,0.65,9.3,5
7.4,0.55,0.19,1.8,0.0819999999999999,15.0,34.0,0.99655,3.49,0.68,10.5,5
7.5,0.4,0.18,1.6,0.079,24.0,58.0,0.9965,3.34,0.58,9.4,5
8.4,0.29,0.4,1.7,0.067,8.0,20.0,0.99603,3.39,0.6,10.5,5
8.5,0.46,0.59,1.4,0.414,16.0,45.0,0.99702,3.03,1.34,9.2,5
7.3,0.38,0.21,2.0,0.08,7.0,35.0,0.9961,3.33,0.47,9.5,5
8.0,0.6,0.22,2.1,0.08,25.0,105.0,0.99613,3.3,0.49,9.9,5
7.1,0.43,0.42,5.5,0.071,28.0,128.0,0.9973,3.42,0.71,10.5,5
10.0,0.32,0.59,2.2,0.077,3.0,15.0,0.9994,3.2,0.78,9.6,5
6.7,0.675,0.07,2.4,0.089,17.0,82.0,0.9958,3.35,0.54,10.1,5
11.3,0.37,0.41,2.3,0.088,6.0,16.0,0.9988,3.09,0.8,9.3,5
9.2,0.43,0.49,2.4,0.086,23.0,116.0,0.9976,3.23,0.64,9.5,5
7.9,0.66,0.0,1.4,0.096,6.0,13.0,0.99569,3.43,0.58,9.5,5
7.8,0.6,0.26,2.0,0.08,31.0,131.0,0.99622,3.21,0.52,9.9,5
8.5,0.66,0.2,2.1,0.0969999999999999,23.0,113.0,0.99733,3.13,0.48,9.2,5
7.8,0.56,0.19,1.8,0.104,12.0,47.0,0.9964,3.19,0.93,9.5,5
7.6,0.54,0.13,2.5,0.0969999999999999,24.0,66.0,0.99785,3.39,0.61,9.4,5
8.7,0.675,0.1,1.6,0.09,4.0,11.0,0.99745,3.31,0.65,9.55,5
6.2,0.6,0.08,2.0,0.09,32.0,44.0,0.9949,3.45,0.58,10.5,5
8.8,0.52,0.34,2.7,0.087,24.0,122.0,0.9982,3.26,0.61,9.5,5
10.2,0.42,0.57,3.4,0.07,4.0,10.0,0.9971,3.04,0.63,9.6,5
9.0,0.66,0.17,3.0,0.077,5.0,13.0,0.9976,3.29,0.55,10.4,5
9.3,0.39,0.44,2.1,0.107,34.0,125.0,0.9978,3.14,1.22,9.5,5
7.1,0.685,0.35,2.0,0.088,9.0,92.0,0.9963,3.28,0.62,9.4,5
7.6,0.79,0.21,2.3,0.087,21.0,68.0,0.9955,3.12,0.44,9.2,5
9.3,0.655,0.26,2.0,0.096,5.0,35.0,0.99738,3.25,0.42,9.6,5
10.8,0.5,0.46,2.5,0.073,5.0,27.0,1.0001,3.05,0.64,9.5,5
7.4,0.61,0.01,2.0,0.074,13.0,38.0,0.99748,3.48,0.65,9.8,5
7.2,0.725,0.05,4.65,0.086,4.0,11.0,0.9962,3.41,0.39,10.9,5
8.0,0.57,0.23,3.2,0.073,17.0,119.0,0.99675,3.26,0.57,9.3,5
7.4,0.49,0.19,3.0,0.077,16.0,37.0,0.9966,3.37,0.51,10.5,5
10.4,0.28,0.54,2.7,0.105,5.0,19.0,0.9988,3.25,0.63,9.5,5
8.0,1.18,0.21,1.9,0.083,14.0,41.0,0.99532,3.34,0.47,10.5,5
7.3,1.07,0.09,1.7,0.178,10.0,89.0,0.9962,3.3,0.57,9.0,5
7.1,0.72,0.0,1.8,0.123,6.0,14.0,0.99627,3.45,0.58,9.8,5
8.6,0.38,0.36,3.0,0.081,30.0,119.0,0.997,3.2,0.56,9.4,5
5.2,0.32,0.25,1.8,0.103,13.0,50.0,0.9957,3.38,0.55,9.2,5
12.7,0.6,0.49,2.8,0.075,5.0,19.0,0.9994,3.14,0.57,11.4,5
8.4,0.745,0.11,1.9,0.09,16.0,63.0,0.9965,3.19,0.82,9.6,5
7.9,0.72,0.01,1.9,0.076,7.0,32.0,0.99668,3.39,0.54,9.6,5
6.0,0.5,0.0,1.4,0.057,15.0,26.0,0.99448,3.36,0.45,9.5,5
7.4,0.39,0.48,2.0,0.0819999999999999,14.0,67.0,0.9972,3.34,0.55,9.2,5
6.6,0.66,0.0,3.0,0.115,21.0,31.0,0.99629,3.45,0.63,10.3,5
7.5,0.41,0.15,3.7,0.104,29.0,94.0,0.99786,3.14,0.58,9.1,5
8.8,0.66,0.26,1.7,0.074,4.0,23.0,0.9971,3.15,0.74,9.2,5
7.0,0.45,0.34,2.7,0.0819999999999999,16.0,72.0,0.998,3.55,0.6,9.5,5
8.7,0.46,0.31,2.5,0.126,24.0,64.0,0.99746,3.1,0.74,9.6,5
7.9,0.6,0.06,1.6,0.069,15.0,59.0,0.9964,3.3,0.46,9.4,5
7.7,0.41,0.76,1.8,0.611,8.0,45.0,0.9968,3.06,1.26,9.4,5
7.7,0.49,0.26,1.9,0.062,9.0,31.0,0.9966,3.39,0.64,9.6,5
11.2,0.5,0.74,5.15,0.1,5.0,17.0,0.9996,3.22,0.62,11.2,5
8.3,0.655,0.12,2.3,0.083,15.0,113.0,0.9966,3.17,0.66,9.8,5
10.0,0.43,0.33,2.7,0.095,28.0,89.0,0.9984,3.22,0.68,10.0,5
7.4,0.7,0.0,1.9,0.076,11.0,34.0,0.9978,3.51,0.56,9.4,5
9.4,0.59,0.14,2.0,0.084,25.0,48.0,0.9981,3.14,0.56,9.7,5
7.5,0.58,0.03,4.1,0.08,27.0,46.0,0.99592,3.02,0.47,9.2,5
8.2,1.33,0.0,1.7,0.081,3.0,12.0,0.9964,3.53,0.49,10.9,5
7.1,0.68,0.07,1.9,0.075,16.0,51.0,0.99685,3.38,0.52,9.5,5
7.0,0.6,0.3,4.5,0.068,20.0,110.0,0.99914,3.3,1.17,10.2,5
9.1,0.775,0.22,2.2,0.079,12.0,48.0,0.9976,3.18,0.51,9.6,5
7.0,0.735,0.05,2.0,0.081,13.0,54.0,0.9966,3.39,0.57,9.8,5
9.0,0.69,0.0,2.4,0.088,19.0,38.0,0.999,3.35,0.6,9.3,5
7.3,0.49,0.1,2.6,0.068,4.0,14.0,0.99562,3.3,0.47,10.5,5
7.8,0.59,0.18,2.3,0.076,17.0,54.0,0.9975,3.43,0.59,10.0,5
5.6,0.615,0.0,1.6,0.089,16.0,59.0,0.9943,3.58,0.52,9.9,5
9.9,0.63,0.24,2.4,0.077,6.0,33.0,0.9974,3.09,0.57,9.4,5
7.6,0.49,0.33,1.9,0.074,27.0,85.0,0.99706,3.41,0.58,9.0,5
6.8,0.61,0.04,1.5,0.057,5.0,10.0,0.99525,3.42,0.6,9.5,5
6.8,0.77,0.0,1.8,0.066,34.0,52.0,0.9976,3.62,0.68,9.9,5
6.8,0.68,0.21,2.1,0.07,9.0,23.0,0.99546,3.38,0.6,10.3,5
9.4,0.34,0.37,2.2,0.075,5.0,13.0,0.998,3.22,0.62,9.2,5
6.4,0.57,0.02,1.8,0.067,4.0,11.0,0.997,3.46,0.68,9.5,5
10.6,0.36,0.6,2.2,0.152,7.0,18.0,0.9986,3.04,1.06,9.4,5
7.2,0.835,0.0,2.0,0.166,4.0,11.0,0.99608,3.39,0.52,10.0,5
8.2,0.43,0.29,1.6,0.081,27.0,45.0,0.99603,3.25,0.54,10.3,5
12.5,0.46,0.63,2.0,0.071,6.0,15.0,0.9988,2.99,0.87,10.2,5
6.5,0.885,0.0,2.3,0.166,6.0,12.0,0.99551,3.56,0.51,10.8,5
7.5,0.61,0.2,1.7,0.076,36.0,60.0,0.99494,3.1,0.4,9.3,5
8.3,0.54,0.24,3.4,0.076,16.0,112.0,0.9976,3.27,0.61,9.4,5
6.9,0.56,0.03,1.5,0.086,36.0,46.0,0.99522,3.53,0.57,10.6,5
6.1,0.705,0.1,2.8,0.081,13.0,28.0,0.99631,3.6,0.66,10.2,5
5.6,0.54,0.04,1.7,0.049,5.0,13.0,0.9942,3.72,0.58,11.4,5
11.5,0.41,0.52,3.0,0.08,29.0,55.0,1.0001,3.26,0.88,11.0,5
6.8,0.66,0.07,1.6,0.07,16.0,61.0,0.99572,3.29,0.6,9.3,5
6.3,0.39,0.08,1.7,0.066,3.0,20.0,0.9954,3.34,0.58,9.4,5
7.0,0.6,0.3,4.5,0.068,20.0,110.0,0.99914,3.3,1.17,10.2,5
9.2,0.63,0.21,2.7,0.0969999999999999,29.0,65.0,0.9988,3.28,0.58,9.6,5
7.0,0.56,0.13,1.6,0.077,25.0,42.0,0.99629,3.34,0.59,9.2,5
7.3,0.74,0.08,1.7,0.094,10.0,45.0,0.99576,3.24,0.5,9.8,5
10.7,0.43,0.39,2.2,0.106,8.0,32.0,0.9986,2.89,0.5,9.6,5
9.0,0.54,0.49,2.9,0.094,41.0,110.0,0.9982,3.08,0.61,9.2,5
7.8,0.63,0.48,1.7,0.1,14.0,96.0,0.9961,3.19,0.62,9.5,5
8.9,0.635,0.37,1.7,0.263,5.0,62.0,0.9971,3.0,1.09,9.3,5
7.6,0.645,0.03,1.9,0.086,14.0,57.0,0.9969,3.37,0.46,10.3,5
10.4,0.575,0.61,2.6,0.076,11.0,24.0,1.0,3.16,0.69,9.0,5
6.8,0.61,0.2,1.8,0.077,11.0,65.0,0.9971,3.54,0.58,9.3,5
8.1,0.33,0.44,1.5,0.042,6.0,12.0,0.99542,3.35,0.61,10.7,5
9.0,0.48,0.32,2.8,0.084,21.0,122.0,0.9984,3.32,0.62,9.4,5
7.0,0.49,0.49,5.6,0.06,26.0,121.0,0.9974,3.34,0.76,10.5,5
9.3,0.48,0.29,2.1,0.127,6.0,16.0,0.9968,3.22,0.72,11.2,5
7.0,0.62,0.18,1.5,0.062,7.0,50.0,0.9951,3.08,0.6,9.3,5
12.3,0.5,0.49,2.2,0.089,5.0,14.0,1.0002,3.19,0.44,9.6,5
8.1,0.38,0.48,1.8,0.157,5.0,17.0,0.9976,3.3,1.05,9.4,5
7.1,0.43,0.42,5.5,0.07,29.0,129.0,0.9973,3.42,0.72,10.5,5
9.3,0.43,0.44,1.9,0.085,9.0,22.0,0.99708,3.28,0.55,9.5,5
15.9,0.36,0.65,7.5,0.096,22.0,71.0,0.9976,2.98,0.84,14.9,5
6.2,0.65,0.06,1.6,0.05,6.0,18.0,0.99348,3.57,0.54,11.95,5
8.0,0.52,0.03,1.7,0.07,10.0,35.0,0.99575,3.34,0.57,10.0,5
7.6,0.43,0.29,2.1,0.075,19.0,66.0,0.99718,3.4,0.64,9.5,5
6.6,0.64,0.31,6.1,0.083,7.0,49.0,0.99718,3.35,0.68,10.3,5
7.1,0.66,0.0,3.9,0.086,17.0,45.0,0.9976,3.46,0.54,9.5,5
6.3,0.57,0.28,2.1,0.048,13.0,49.0,0.99374,3.41,0.6,12.8,5
6.6,0.63,0.0,4.3,0.093,51.0,77.5,0.99558,3.2,0.45,9.5,5
6.6,0.61,0.01,1.9,0.08,8.0,25.0,0.99746,3.69,0.73,10.5,5
8.4,0.56,0.04,2.0,0.0819999999999999,10.0,22.0,0.9976,3.22,0.44,9.6,5
7.0,0.655,0.16,2.1,0.074,8.0,25.0,0.99606,3.37,0.55,9.7,5
6.5,0.52,0.11,1.8,0.073,13.0,38.0,0.9955,3.34,0.52,9.3,5
7.4,0.74,0.07,1.7,0.086,15.0,48.0,0.99502,3.12,0.48,10.0,5
8.1,0.87,0.0,2.2,0.084,10.0,31.0,0.99656,3.25,0.5,9.8,5
6.7,0.75,0.12,2.0,0.086,12.0,80.0,0.9958,3.38,0.52,10.1,5
7.7,0.665,0.0,2.4,0.09,8.0,19.0,0.9974,3.27,0.73,9.3,5
9.8,0.39,0.43,1.65,0.068,5.0,11.0,0.99478,3.19,0.46,11.4,5
6.7,0.48,0.08,2.1,0.064,18.0,34.0,0.99552,3.33,0.64,9.7,5
7.1,0.52,0.03,2.6,0.076,21.0,92.0,0.99745,3.5,0.6,9.8,5
7.3,0.735,0.0,2.2,0.08,18.0,28.0,0.99765,3.41,0.6,9.4,5
7.8,0.5,0.17,1.6,0.0819999999999999,21.0,102.0,0.996,3.39,0.48,9.5,5
7.0,0.59,0.0,1.7,0.052,3.0,8.0,0.996,3.41,0.47,10.3,5
11.1,0.35,0.48,3.1,0.09,5.0,21.0,0.9986,3.17,0.53,10.5,5
8.8,0.61,0.14,2.4,0.067,10.0,42.0,0.9969,3.19,0.59,9.5,5
9.1,0.34,0.42,1.8,0.0579999999999999,9.0,18.0,0.99392,3.18,0.55,11.4,5
6.7,0.58,0.08,1.8,0.0969999999999999,15.0,65.0,0.9959,3.28,0.54,9.2,5
8.3,0.6,0.25,2.2,0.118,9.0,38.0,0.99616,3.15,0.53,9.8,5
8.1,0.82,0.0,4.1,0.095,5.0,14.0,0.99854,3.36,0.53,9.6,5
7.7,0.39,0.12,1.7,0.0969999999999999,19.0,27.0,0.99596,3.16,0.49,9.4,5
7.7,0.96,0.2,2.0,0.047,15.0,60.0,0.9955,3.36,0.44,10.9,5
6.6,0.735,0.02,7.9,0.122,68.0,124.0,0.9994,3.47,0.53,9.9,5
8.3,0.56,0.22,2.4,0.0819999999999999,10.0,86.0,0.9983,3.37,0.62,9.5,5
6.2,0.45,0.2,1.6,0.069,3.0,15.0,0.9958,3.41,0.56,9.2,5
8.8,0.47,0.49,2.9,0.085,17.0,110.0,0.9982,3.29,0.6,9.8,5
10.0,0.32,0.59,2.2,0.077,3.0,15.0,0.9994,3.2,0.78,9.6,5
7.7,0.51,0.28,2.1,0.087,23.0,54.0,0.998,3.42,0.74,9.2,5
7.5,0.58,0.2,2.0,0.073,34.0,44.0,0.99494,3.1,0.43,9.3,5
9.5,0.37,0.52,2.0,0.0819999999999999,6.0,26.0,0.998,3.18,0.51,9.5,5
6.4,0.64,0.21,1.8,0.081,14.0,31.0,0.99689,3.59,0.66,9.8,5
7.4,0.47,0.46,2.2,0.114,7.0,20.0,0.99647,3.32,0.63,10.5,5
9.9,0.59,0.07,3.4,0.102,32.0,71.0,1.00015,3.31,0.71,9.8,5
9.8,0.45,0.38,2.5,0.081,34.0,66.0,0.99726,3.15,0.58,9.8,5
8.2,0.5,0.35,2.9,0.077,21.0,127.0,0.9976,3.23,0.62,9.4,5
11.9,0.58,0.66,2.5,0.072,6.0,37.0,0.9992,3.05,0.56,10.0,5
10.8,0.26,0.45,3.3,0.06,20.0,49.0,0.9972,3.13,0.54,9.6,5
7.0,0.42,0.19,2.3,0.071,18.0,36.0,0.99476,3.39,0.56,10.9,5
7.6,0.55,0.21,2.2,0.071,7.0,28.0,0.9964,3.28,0.55,9.7,5
7.5,0.77,0.2,8.1,0.098,30.0,92.0,0.99892,3.2,0.58,9.2,5
11.9,0.38,0.49,2.7,0.098,12.0,42.0,1.0004,3.16,0.61,10.3,5
9.0,0.45,0.49,2.6,0.084,21.0,75.0,0.9987,3.35,0.57,9.7,5
9.2,0.92,0.24,2.6,0.087,12.0,93.0,0.9998,3.48,0.54,9.8,5
6.0,0.64,0.05,1.9,0.066,9.0,17.0,0.99496,3.52,0.78,10.6,5
7.0,0.685,0.0,1.9,0.099,9.0,22.0,0.99606,3.34,0.6,9.7,5
8.6,0.37,0.65,6.4,0.08,3.0,8.0,0.99817,3.27,0.58,11.0,5
7.1,0.48,0.28,2.8,0.068,6.0,16.0,0.99682,3.24,0.53,10.3,5
11.3,0.37,0.5,1.8,0.09,20.0,47.0,0.99734,3.15,0.57,10.5,5
8.3,0.43,0.3,3.4,0.079,7.0,34.0,0.99788,3.36,0.61,10.5,5
11.6,0.42,0.53,3.3,0.105,33.0,98.0,1.001,3.2,0.95,9.2,5
9.5,0.885,0.27,2.3,0.084,31.0,145.0,0.9978,3.24,0.53,9.4,5
8.0,0.81,0.25,3.4,0.076,34.0,85.0,0.99668,3.19,0.42,9.2,5
7.2,0.65,0.02,2.3,0.094,5.0,31.0,0.9993,3.67,0.8,9.7,5
8.3,0.85,0.14,2.5,0.093,13.0,54.0,0.99724,3.36,0.54,10.1,5
6.1,0.32,0.25,2.3,0.071,23.0,58.0,0.99633,3.42,0.97,10.6,5
6.2,0.46,0.17,1.6,0.073,7.0,11.0,0.99425,3.61,0.54,11.4,5
7.6,0.43,0.29,2.1,0.075,19.0,66.0,0.99718,3.4,0.64,9.5,5
7.7,0.6,0.0,2.6,0.055,7.0,13.0,0.99639,3.38,0.56,10.8,5
8.1,0.78,0.1,3.3,0.09,4.0,13.0,0.99855,3.36,0.49,9.5,5
7.4,0.53,0.12,1.9,0.165,4.0,12.0,0.99702,3.26,0.86,9.2,5
9.9,0.35,0.41,2.3,0.083,11.0,61.0,0.9982,3.21,0.5,9.5,5
6.7,0.64,0.23,2.1,0.08,11.0,119.0,0.99538,3.36,0.7,10.9,5
7.1,0.34,0.28,2.0,0.0819999999999999,31.0,68.0,0.99694,3.45,0.48,9.4,5
7.7,0.775,0.42,1.9,0.092,8.0,86.0,0.9959,3.23,0.59,9.5,5
9.3,0.4,0.49,2.5,0.085,38.0,142.0,0.9978,3.22,0.55,9.4,5
7.8,0.53,0.01,1.6,0.077,3.0,19.0,0.995,3.16,0.46,9.8,5
7.1,0.34,0.28,2.0,0.0819999999999999,31.0,68.0,0.99694,3.45,0.48,9.4,5
7.1,0.56,0.14,1.6,0.078,7.0,18.0,0.99592,3.27,0.62,9.3,5
7.0,0.57,0.02,2.0,0.072,17.0,26.0,0.99575,3.36,0.61,10.2,5
8.3,0.6,0.25,2.2,0.118,9.0,38.0,0.99616,3.15,0.53,9.8,5
7.5,0.42,0.31,1.6,0.08,15.0,42.0,0.9978,3.31,0.64,9.0,5
7.4,0.41,0.24,1.8,0.066,18.0,47.0,0.9956,3.37,0.62,10.4,5
6.7,0.7,0.08,3.75,0.067,8.0,16.0,0.99334,3.43,0.52,12.6,5
12.5,0.38,0.6,2.6,0.081,31.0,72.0,0.9996,3.1,0.73,10.5,5
10.3,0.44,0.5,4.5,0.107,5.0,13.0,0.998,3.28,0.83,11.5,5
8.8,0.44,0.49,2.8,0.083,18.0,111.0,0.9982,3.3,0.6,9.5,5
9.9,0.74,0.28,2.6,0.078,21.0,77.0,0.998,3.28,0.51,9.8,5
10.7,0.43,0.39,2.2,0.106,8.0,32.0,0.9986,2.89,0.5,9.6,5
6.6,0.695,0.0,2.1,0.075,12.0,56.0,0.9968,3.49,0.67,9.2,5
7.9,0.37,0.23,1.8,0.077,23.0,49.0,0.9963,3.28,0.67,9.3,5
7.3,0.32,0.23,2.3,0.066,35.0,70.0,0.99588,3.43,0.62,10.1,5
9.9,0.54,0.45,2.3,0.071,16.0,40.0,0.9991,3.39,0.62,9.4,5
9.7,0.69,0.32,2.5,0.088,22.0,91.0,0.9979,3.29,0.62,10.1,5
7.1,0.43,0.17,1.8,0.0819999999999999,27.0,51.0,0.99634,3.49,0.64,10.4,5
10.6,0.83,0.37,2.6,0.086,26.0,70.0,0.9981,3.16,0.52,9.9,5
8.8,0.59,0.18,2.9,0.089,12.0,74.0,0.99738,3.14,0.54,9.4,5
6.0,0.5,0.0,1.4,0.057,15.0,26.0,0.99448,3.36,0.45,9.5,5
7.4,0.53,0.26,2.0,0.1009999999999999,16.0,72.0,0.9957,3.15,0.57,9.4,5
9.9,0.74,0.19,5.8,0.111,33.0,76.0,0.99878,3.14,0.55,9.4,5
8.6,0.47,0.27,2.3,0.055,14.0,28.0,0.99516,3.18,0.8,11.2,5
8.6,0.47,0.3,3.0,0.076,30.0,135.0,0.9976,3.3,0.53,9.4,5
5.6,0.915,0.0,2.1,0.0409999999999999,17.0,78.0,0.99346,3.68,0.73,11.4,5
7.9,0.52,0.26,1.9,0.079,42.0,140.0,0.9964,3.23,0.54,9.5,5
9.9,0.5,0.5,13.8,0.205,48.0,82.0,1.00242,3.16,0.75,8.8,5
7.2,0.415,0.36,2.0,0.081,13.0,45.0,0.9972,3.48,0.64,9.2,5
9.0,0.58,0.25,2.8,0.075,9.0,104.0,0.99779,3.23,0.57,9.7,5
6.9,0.5,0.04,1.5,0.085,19.0,49.0,0.9958,3.35,0.78,9.5,5
9.8,0.98,0.32,2.3,0.078,35.0,152.0,0.998,3.25,0.48,9.4,5
9.2,0.59,0.24,3.3,0.1009999999999999,20.0,47.0,0.9988,3.26,0.67,9.6,5
7.5,0.58,0.14,2.2,0.077,27.0,60.0,0.9963,3.28,0.59,9.8,5
9.1,0.52,0.33,1.3,0.07,9.0,30.0,0.9978,3.24,0.6,9.3,5
6.3,0.39,0.16,1.4,0.08,11.0,23.0,0.9955,3.34,0.56,9.3,5
8.8,0.41,0.64,2.2,0.093,9.0,42.0,0.9986,3.54,0.66,10.5,5
7.7,0.69,0.49,1.8,0.115,20.0,112.0,0.9968,3.21,0.71,9.3,5
8.7,0.82,0.02,1.2,0.07,36.0,48.0,0.9952,3.2,0.58,9.8,5
8.2,0.7,0.23,2.0,0.099,14.0,81.0,0.9973,3.19,0.7,9.4,5
7.6,0.74,0.0,1.9,0.1,6.0,12.0,0.99521,3.36,0.59,11.0,5
8.2,0.885,0.2,1.4,0.086,7.0,31.0,0.9946,3.11,0.46,10.0,5
8.7,0.84,0.0,1.4,0.065,24.0,33.0,0.9954,3.27,0.55,9.7,5
7.9,0.5,0.33,2.0,0.084,15.0,143.0,0.9968,3.2,0.55,9.5,5
8.1,0.575,0.22,2.1,0.077,12.0,65.0,0.9967,3.29,0.51,9.2,5
8.5,0.46,0.31,2.25,0.078,32.0,58.0,0.998,3.33,0.54,9.8,5
9.2,0.46,0.23,2.6,0.091,18.0,77.0,0.99922,3.15,0.51,9.4,5
7.0,0.5,0.14,1.8,0.078,10.0,23.0,0.99636,3.53,0.61,10.4,5
8.5,0.655,0.49,6.1,0.122,34.0,151.0,1.001,3.31,1.14,9.3,5
7.7,0.49,0.26,1.9,0.062,9.0,31.0,0.9966,3.39,0.64,9.6,5
9.9,0.57,0.25,2.0,0.104,12.0,89.0,0.9963,3.04,0.9,10.1,5
7.5,0.59,0.22,1.8,0.0819999999999999,43.0,60.0,0.99499,3.1,0.42,9.2,5
7.7,0.835,0.0,2.6,0.081,6.0,14.0,0.9975,3.3,0.52,9.3,5
8.8,0.42,0.21,2.5,0.092,33.0,88.0,0.99823,3.19,0.52,9.2,5
7.6,0.42,0.25,3.9,0.104,28.0,90.0,0.99784,3.15,0.57,9.1,5
7.0,0.78,0.08,2.0,0.093,10.0,19.0,0.9956,3.4,0.47,10.0,5
6.0,0.5,0.0,1.4,0.057,15.0,26.0,0.99448,3.36,0.45,9.5,5
7.4,0.66,0.0,1.8,0.075,13.0,40.0,0.9978,3.51,0.56,9.4,5
7.8,0.6,0.26,2.0,0.08,31.0,131.0,0.99622,3.21,0.52,9.9,5
10.0,0.69,0.11,1.4,0.084,8.0,24.0,0.99578,2.88,0.47,9.7,5
7.7,1.005,0.15,2.1,0.102,11.0,32.0,0.99604,3.23,0.48,10.0,5
8.9,0.875,0.13,3.45,0.088,4.0,14.0,0.9994,3.44,0.52,11.5,5
7.3,0.73,0.24,1.9,0.108,18.0,102.0,0.9967,3.26,0.59,9.3,5
12.3,0.39,0.63,2.3,0.091,6.0,18.0,1.0004,3.16,0.49,9.5,5
7.0,0.62,0.08,1.8,0.076,8.0,24.0,0.9978,3.48,0.53,9.0,5
7.6,0.685,0.23,2.3,0.111,20.0,84.0,0.9964,3.21,0.61,9.3,5
15.5,0.645,0.49,4.2,0.095,10.0,23.0,1.00315,2.92,0.74,11.1,5
7.6,0.46,0.11,2.6,0.079,12.0,49.0,0.9968,3.21,0.57,10.0,5
8.1,0.725,0.22,2.2,0.072,11.0,41.0,0.9967,3.36,0.55,9.1,5
6.2,0.63,0.31,1.7,0.088,15.0,64.0,0.9969,3.46,0.79,9.3,5
7.8,0.88,0.0,2.6,0.098,25.0,67.0,0.9968,3.2,0.68,9.8,5
7.8,0.53,0.01,1.6,0.077,3.0,19.0,0.995,3.16,0.46,9.8,5
11.2,0.4,0.5,2.0,0.099,19.0,50.0,0.99783,3.1,0.58,10.4,5
8.1,0.575,0.22,2.1,0.077,12.0,65.0,0.9967,3.29,0.51,9.2,5
7.8,0.87,0.26,3.8,0.107,31.0,67.0,0.99668,3.26,0.46,9.2,5
7.3,0.59,0.26,7.2,0.07,35.0,121.0,0.9981,3.37,0.49,9.4,5
8.9,0.595,0.41,7.9,0.086,30.0,109.0,0.9998,3.27,0.57,9.3,5
6.1,0.34,0.25,1.8,0.084,4.0,28.0,0.99464,3.36,0.44,10.1,5
8.9,0.48,0.24,2.85,0.094,35.0,106.0,0.9982,3.1,0.53,9.2,5
7.2,0.655,0.03,1.8,0.078,7.0,12.0,0.99587,3.34,0.39,9.5,5
7.8,0.82,0.29,4.3,0.083,21.0,64.0,0.99642,3.16,0.53,9.4,5
5.6,0.66,0.0,2.5,0.066,7.0,15.0,0.99256,3.52,0.58,12.9,5
7.2,0.73,0.02,2.5,0.076,16.0,42.0,0.9972,3.44,0.52,9.3,5
6.6,0.57,0.02,2.1,0.115,6.0,16.0,0.99654,3.38,0.69,9.5,5
7.1,0.69,0.04,2.1,0.068,19.0,27.0,0.99712,3.44,0.67,9.8,5
7.8,0.41,0.68,1.7,0.467,18.0,69.0,0.9973,3.08,1.31,9.3,5
7.7,0.39,0.12,1.7,0.0969999999999999,19.0,27.0,0.99596,3.16,0.49,9.4,5
7.1,0.31,0.3,2.2,0.053,36.0,127.0,0.9965,2.94,1.62,9.5,5
8.1,0.78,0.23,2.6,0.059,5.0,15.0,0.997,3.37,0.56,11.3,5
7.6,0.41,0.24,1.8,0.08,4.0,11.0,0.9962,3.28,0.59,9.5,5
9.3,0.43,0.44,1.9,0.085,9.0,22.0,0.99708,3.28,0.55,9.5,5
8.8,0.61,0.14,2.4,0.067,10.0,42.0,0.9969,3.19,0.59,9.5,5
7.8,0.815,0.01,2.6,0.074,48.0,90.0,0.99621,3.38,0.62,10.8,5
7.7,0.965,0.1,2.1,0.1119999999999999,11.0,22.0,0.9963,3.26,0.5,9.5,5
7.0,0.23,0.4,1.6,0.063,21.0,67.0,0.9952,3.5,0.63,11.1,5
7.2,0.54,0.27,2.6,0.084,12.0,78.0,0.9964,3.39,0.71,11.0,5
7.2,0.695,0.13,2.0,0.076,12.0,20.0,0.99546,3.29,0.54,10.1,5
7.4,0.36,0.29,2.6,0.087,26.0,72.0,0.99645,3.39,0.68,11.0,5
6.7,0.54,0.13,2.0,0.076,15.0,36.0,0.9973,3.61,0.64,9.8,5
6.2,0.64,0.09,2.5,0.081,15.0,26.0,0.99538,3.57,0.63,12.0,5
7.2,0.62,0.06,2.5,0.078,17.0,84.0,0.99746,3.51,0.53,9.7,5
8.1,0.78,0.23,2.6,0.059,5.0,15.0,0.997,3.37,0.56,11.3,5
7.8,0.56,0.19,1.8,0.104,12.0,47.0,0.9964,3.19,0.93,9.5,5
8.6,0.52,0.38,1.5,0.096,5.0,18.0,0.99666,3.2,0.52,9.4,5
7.2,0.49,0.24,2.2,0.07,5.0,36.0,0.996,3.33,0.48,9.4,5
6.8,0.59,0.1,1.7,0.063,34.0,53.0,0.9958,3.41,0.67,9.7,5
10.6,0.28,0.39,15.5,0.069,6.0,23.0,1.0026,3.12,0.66,9.2,5
8.0,0.52,0.25,2.0,0.078,19.0,59.0,0.99612,3.3,0.48,10.2,5
5.0,1.04,0.24,1.6,0.05,32.0,96.0,0.9934,3.74,0.62,11.5,5
6.2,0.46,0.29,2.1,0.074,32.0,98.0,0.99578,3.33,0.62,9.8,5
6.8,0.915,0.29,4.8,0.07,15.0,39.0,0.99577,3.53,0.54,11.1,5
9.3,0.715,0.24,2.1,0.07,5.0,20.0,0.9966,3.12,0.59,9.9,5
8.3,0.615,0.22,2.6,0.087,6.0,19.0,0.9982,3.26,0.61,9.3,5
7.3,0.695,0.0,2.5,0.075,3.0,13.0,0.998,3.49,0.52,9.2,5
6.1,0.6,0.08,1.8,0.071,14.0,45.0,0.99336,3.38,0.54,11.0,5
7.6,0.9,0.06,2.5,0.079,5.0,10.0,0.9967,3.39,0.56,9.8,5
7.1,0.36,0.3,1.6,0.08,35.0,70.0,0.99693,3.44,0.5,9.4,5
8.2,0.73,0.21,1.7,0.074,5.0,13.0,0.9968,3.2,0.52,9.5,5
6.4,0.64,0.21,1.8,0.081,14.0,31.0,0.99689,3.59,0.66,9.8,5
7.8,0.64,0.0,1.9,0.072,27.0,55.0,0.9962,3.31,0.63,11.0,5
7.8,0.55,0.35,2.2,0.074,21.0,66.0,0.9974,3.25,0.56,9.2,5
11.1,0.39,0.54,2.7,0.095,21.0,101.0,1.0001,3.13,0.51,9.5,5
8.0,0.64,0.22,2.4,0.094,5.0,33.0,0.99612,3.37,0.58,11.0,5
15.6,0.645,0.49,4.2,0.095,10.0,23.0,1.00315,2.92,0.74,11.1,5
9.0,0.58,0.25,2.0,0.104,8.0,21.0,0.99769,3.27,0.72,9.6,5
7.1,0.59,0.01,2.5,0.077,20.0,85.0,0.99746,3.55,0.59,9.8,5
7.5,0.61,0.26,1.9,0.073,24.0,88.0,0.99612,3.3,0.53,9.8,5
6.6,0.7,0.08,2.6,0.106,14.0,27.0,0.99665,3.44,0.58,10.2,5
9.5,0.86,0.26,1.9,0.079,13.0,28.0,0.99712,3.25,0.62,10.0,5
8.9,0.565,0.34,3.0,0.093,16.0,112.0,0.9998,3.38,0.61,9.5,5
7.1,0.46,0.14,2.8,0.076,15.0,37.0,0.99624,3.36,0.49,10.7,5
8.7,0.765,0.22,2.3,0.064,9.0,42.0,0.9963,3.1,0.55,9.4,5
8.3,0.705,0.12,2.6,0.092,12.0,28.0,0.9994,3.51,0.72,10.0,5
7.7,0.69,0.05,2.7,0.075,15.0,27.0,0.9974,3.26,0.61,9.1,5
8.0,0.62,0.35,2.8,0.086,28.0,52.0,0.997,3.31,0.62,10.8,5
7.3,0.58,0.3,2.4,0.074,15.0,55.0,0.9968,3.46,0.59,10.2,5
9.0,0.785,0.24,1.7,0.078,10.0,21.0,0.99692,3.29,0.67,10.0,5
7.0,0.805,0.0,2.5,0.068,7.0,20.0,0.9969,3.48,0.56,9.6,5
7.6,0.41,0.33,2.5,0.078,6.0,23.0,0.9957,3.3,0.58,11.2,5
9.6,0.41,0.37,2.3,0.091,10.0,23.0,0.99786,3.24,0.56,10.5,5
6.8,0.69,0.0,5.6,0.124,21.0,58.0,0.9997,3.46,0.72,10.2,5
6.8,0.67,0.0,1.9,0.08,22.0,39.0,0.99701,3.4,0.74,9.7,5
12.5,0.56,0.49,2.4,0.064,5.0,27.0,0.9999,3.08,0.87,10.9,5
5.9,0.645,0.12,2.0,0.075,32.0,44.0,0.99547,3.57,0.71,10.2,5
8.1,0.66,0.22,2.2,0.069,9.0,23.0,0.9968,3.3,1.2,10.3,5
9.1,0.47,0.49,2.6,0.094,38.0,106.0,0.9982,3.08,0.59,9.1,5
7.5,0.6,0.03,1.8,0.095,25.0,99.0,0.995,3.35,0.54,10.1,5
7.5,0.49,0.19,1.9,0.076,10.0,44.0,0.9957,3.39,0.54,9.7,5
7.3,0.835,0.03,2.1,0.092,10.0,19.0,0.9966,3.39,0.47,9.6,5
8.7,0.78,0.51,1.7,0.415,12.0,66.0,0.99623,3.0,1.17,9.2,5
8.2,0.57,0.26,2.2,0.06,28.0,65.0,0.9959,3.3,0.43,10.1,5
7.9,0.885,0.03,1.8,0.0579999999999999,4.0,8.0,0.9972,3.36,0.33,9.1,4
7.6,0.68,0.02,1.3,0.072,9.0,20.0,0.9965,3.17,1.08,9.2,4
8.5,0.4,0.4,6.3,0.05,3.0,10.0,0.99566,3.28,0.56,12.0,4
6.2,0.785,0.0,2.1,0.06,6.0,13.0,0.99664,3.59,0.61,10.0,4
9.2,0.52,1.0,3.4,0.61,32.0,69.0,0.9996,2.74,2.0,9.4,4
8.3,0.845,0.01,2.2,0.07,5.0,14.0,0.9967,3.32,0.58,11.0,4
5.0,1.02,0.04,1.4,0.045,41.0,85.0,0.9938,3.75,0.48,10.5,4
8.4,0.67,0.19,2.2,0.093,11.0,75.0,0.99736,3.2,0.59,9.2,4
8.8,0.61,0.3,2.8,0.088,17.0,46.0,0.9976,3.26,0.51,9.3,4
6.4,0.53,0.09,3.9,0.123,14.0,31.0,0.9968,3.5,0.67,11.0,4
6.5,0.88,0.03,5.6,0.079,23.0,47.0,0.99572,3.58,0.5,11.2,4
5.6,0.62,0.03,1.5,0.08,6.0,13.0,0.99498,3.66,0.62,10.1,4
8.3,0.625,0.2,1.5,0.08,27.0,119.0,0.9972,3.16,1.12,9.1,4
7.0,0.975,0.04,2.0,0.087,12.0,67.0,0.99565,3.35,0.6,9.4,4
12.5,0.46,0.49,4.5,0.07,26.0,49.0,0.9981,3.05,0.57,9.6,4
7.3,0.55,0.03,1.6,0.072,17.0,42.0,0.9956,3.37,0.48,9.0,4
9.9,0.5,0.24,2.3,0.103,6.0,14.0,0.9978,3.34,0.52,10.0,4
7.3,0.35,0.24,2.0,0.067,28.0,48.0,0.99576,3.43,0.54,10.0,4
8.1,0.87,0.0,3.3,0.096,26.0,61.0,1.00025,3.6,0.72,9.8,4
11.6,0.47,0.44,1.6,0.147,36.0,51.0,0.99836,3.38,0.86,9.9,4
10.1,0.935,0.22,3.4,0.105,11.0,86.0,1.001,3.43,0.64,11.3,4
6.5,0.67,0.0,4.3,0.057,11.0,20.0,0.99488,3.45,0.56,11.8,4
6.7,1.04,0.08,2.3,0.067,19.0,32.0,0.99648,3.52,0.57,11.0,4
7.5,0.38,0.48,2.6,0.073,22.0,84.0,0.9972,3.32,0.7,9.6,4
6.9,0.39,0.24,2.1,0.102,4.0,7.0,0.99462,3.44,0.58,11.4,4
6.3,1.02,0.0,2.0,0.083,17.0,24.0,0.99437,3.59,0.55,11.2,4
7.5,0.685,0.07,2.5,0.0579999999999999,5.0,9.0,0.99632,3.38,0.55,10.9,4
8.1,0.73,0.0,2.5,0.081,12.0,24.0,0.99798,3.38,0.46,9.6,4
8.3,0.675,0.26,2.1,0.084,11.0,43.0,0.9976,3.31,0.53,9.2,4
9.1,0.765,0.04,1.6,0.078,4.0,14.0,0.998,3.29,0.54,9.7,4
4.6,0.52,0.15,2.1,0.054,8.0,65.0,0.9934,3.9,0.56,13.1,4
12.5,0.42,0.95,3.0,0.07936128449938379,19.0,37.0,0.99979,3.9,0.41,10.0,4
4.6,0.35,0.19,2.4,0.11001068015506123,20.0,7.0,0.99908,2.74,0.66,12.1,4
7.7,0.35,0.19,1.6,0.0575460601792987,29.0,7.0,0.99757,3.51,0.33,9.0,4
5.4,0.607,0.1,1.9,0.1433582418310707,16.0,68.0,1.00004,3.22,0.64,13.1,4
7.0,0.35,0.21,6.3,0.17020895877460052,15.0,73.0,0.99657,3.13,0.64,9.0,4
5.4,0.927,0.24,3.4,0.09822859979556098,19.0,11.0,0.99676,2.97,0.55,9.3,4
7.0,0.905,0.44,2.2,0.09607813559393819,19.0,29.0,0.99658,2.78,0.48,10.3,4
4.6,0.501,0.01,2.6,0.12743767687063212,17.0,33.0,1.0002,3.77,0.51,10.8,4
4.6,0.48,0.01,3.6,0.1469642085064391,12.0,7.0,0.99584,3.1,0.33,12.9,4
9.0,0.384,0.65,1.3,0.12895252892482179,31.0,30.0,0.99603,3.29,0.52,12.3,4
8.2,1.04,0.25,2.6,0.10121931877717241,20.0,48.0,0.99526,3.52,0.49,13.1,4
5.4,0.809,0.24,3.1,0.1410268616311091,23.0,18.0,1.001,3.04,0.57,10.9,4
7.7,0.35,0.03,3.7,0.05341610641034027,27.0,22.0,0.9936,3.28,0.75,10.5,4
6.2,0.508,0.39,2.6,0.15095019726810213,10.0,10.0,0.99834,3.14,0.36,12.7,4
4.6,0.903,0.1,3.8,0.13675603447719728,5.0,35.0,0.99536,2.74,0.46,10.7,4
4.6,0.678,0.0,3.8,0.045,6.0,48.0,1.001,3.16,0.69,12.9,4
4.9,0.978,0.34,4.1,0.10587189200102212,6.0,7.0,0.9971,2.86,0.68,11.1,4
4.6,0.466,0.0,2.5,0.61,15.0,13.0,0.99861,2.95,0.56,10.7,4
5.0,0.542,0.5,3.2,0.09180989853985393,7.0,41.0,0.99604,2.96,0.42,9.8,4
5.9,0.693,0.73,3.3,0.14969783615885912,12.0,67.0,0.99721,2.93,0.64,11.6,4
7.3,0.555,0.06,2.9,0.61,5.0,37.0,1.001,3.52,0.59,9.7,4
7.4,0.925,0.26,4.3,0.12595312733468006,29.0,36.0,0.99492,2.86,1.11,12.3,4
7.9,0.524,0.3,4.1,0.1455157388961107,18.0,18.0,1.00022,3.14,0.48,9.0,4
7.9,0.35,0.09,3.2,0.10072021973835873,30.0,23.0,0.99876,2.89,0.65,9.7,4
4.6,0.35,0.0,3.1,0.12526325342073166,8.0,7.0,0.9985,3.02,0.64,12.6,4
7.1,0.35,0.38,1.3,0.045,4.0,29.0,0.99614,3.0,0.33,10.7,4
4.6,0.725,0.44,3.8,0.07786062329488443,13.0,26.0,0.99914,3.19,0.45,10.6,4
5.7,0.425,0.28,1.3,0.12155158757596644,21.0,34.0,0.99904,3.55,0.56,12.9,4
7.0,0.874,0.0,3.5,0.1133626652707764,3.0,11.0,0.99627,3.02,0.56,10.2,4
8.6,0.442,0.0,3.4,0.15649716165782712,39.0,31.0,0.9992,2.92,0.49,9.5,4
4.6,0.378,0.09,2.9,0.0858785051822009,9.0,7.0,0.9976,3.33,0.49,10.4,4
4.6,0.655,0.04,3.0,0.045,37.0,7.0,0.99746,2.74,0.55,13.1,4
4.6,1.04,0.27,2.1,0.06386832888390924,3.0,12.0,0.99975,2.91,0.34,10.1,4
7.2,0.544,0.42,1.9,0.12624262130763803,16.0,53.0,0.99836,3.43,0.6,10.4,4
4.6,0.436,0.29,4.0,0.06074789869277969,3.0,14.0,0.99662,3.09,0.55,12.6,4
4.6,0.675,0.32,2.1,0.101508034070437,41.0,79.0,0.99581,3.0,0.35,10.1,4
8.5,0.372,0.1,3.9,0.10375525747268871,12.0,14.0,0.99808,3.22,0.46,12.0,4
4.9,0.839,0.75,4.0,0.14419269610724164,25.0,7.0,1.001,2.74,0.49,13.1,4
6.2,0.445,0.35,3.1,0.1129916870871918,3.0,111.0,0.9934,3.1,0.55,12.7,4
4.6,0.999,0.36,1.6,0.045,24.0,25.0,1.001,3.63,0.4,9.6,4
12.5,0.606,0.33,4.4,0.08982566183095533,4.0,7.0,0.99708,3.06,0.58,10.1,4
4.6,0.464,0.23,5.3,0.1270254385617687,10.0,8.0,0.99708,2.94,0.51,12.1,4
4.7,0.35,0.02,1.9,0.07874651033402884,30.0,19.0,1.001,3.13,0.47,10.6,4
8.0,0.356,0.13,2.9,0.12296612522880845,14.0,46.0,0.9934,3.09,0.45,9.8,4
5.3,1.04,0.33,5.5,0.11037767915343302,23.0,114.0,0.99458,2.74,0.8,10.6,4
6.6,0.35,0.18,6.3,0.09879226325912127,10.0,11.0,0.99579,3.09,0.5,10.0,4
9.6,0.399,0.09,4.1,0.11195090578870488,16.0,11.0,0.99742,3.13,0.48,12.4,4
5.5,0.954,0.02,2.4,0.10485207731317768,17.0,64.0,0.9934,2.91,0.47,11.2,4
4.8,0.61,0.25,3.3,0.06966454418917559,7.0,61.0,0.99856,3.68,0.67,9.2,4
4.6,0.451,0.04,5.6,0.05197369631381231,3.0,37.0,0.99891,3.54,0.45,9.8,4
7.6,0.439,0.39,5.3,0.11941339252874983,3.0,37.0,0.9934,3.42,0.6,9.8,4
5.4,0.413,0.09,4.5,0.10100422335958029,7.0,37.0,1.00001,3.48,0.4,11.9,4
8.9,0.807,0.17,5.2,0.04853347952995789,14.0,29.0,0.99834,2.94,0.58,11.0,4
4.6,0.975,0.0,3.5,0.17611632648173506,9.0,12.0,1.001,3.17,0.33,12.3,4
6.3,0.558,0.23,1.4,0.09203332929463004,25.0,7.0,0.9934,3.19,0.63,12.8,4
8.4,0.835,0.21,6.3,0.11365183589369221,9.0,119.0,0.9934,3.28,0.84,12.1,4
6.1,0.545,0.02,4.1,0.045,23.0,50.0,0.99776,3.51,0.37,13.1,4
4.6,0.76,0.41,2.2,0.13396885609840578,3.0,7.0,0.99935,3.13,0.53,10.7,4
5.1,0.938,0.39,3.4,0.5854286137627231,35.0,12.0,0.99933,3.36,0.39,10.4,4
4.6,0.408,0.88,1.3,0.13172396543574402,41.0,7.0,1.00014,3.04,0.33,9.5,4
4.6,0.35,0.0,2.5,0.08012456062575876,16.0,7.0,1.00011,3.44,0.43,9.6,4
8.1,0.35,0.0,2.9,0.045,26.0,11.0,0.99457,2.95,0.43,10.9,4
7.8,0.563,0.34,2.7,0.0797371893374215,3.0,10.0,0.99788,3.27,0.53,9.6,4
7.6,0.603,0.35,2.0,0.07758381379966486,10.0,7.0,0.99487,3.52,0.5,10.7,4
7.3,0.39,0.27,3.1,0.07608122739417303,19.0,7.0,0.99407,2.97,0.33,13.1,4
4.6,0.35,0.47,1.3,0.14010697695400098,19.0,33.0,0.9982,3.64,0.42,9.5,4
4.6,0.53,0.36,3.3,0.10830479421575412,8.0,23.0,0.99515,3.12,0.47,10.3,4
5.4,0.552,0.22,2.3,0.12100438691888987,14.0,43.0,0.99792,3.34,2.0,12.2,4
4.6,0.695,0.15,2.3,0.14675317971055074,9.0,93.0,0.99868,2.94,0.7,9.6,4
6.8,1.04,0.89,2.2,0.30330246280804474,41.0,7.0,0.99564,3.37,0.33,9.0,4
4.6,0.393,0.05,2.0,0.13505807721290378,29.0,24.0,0.99974,2.99,0.34,10.4,4
11.1,1.029,0.69,5.9,0.5140125543194155,20.0,113.0,0.9934,3.1,0.5,12.2,4
10.3,0.403,0.24,1.7,0.045,3.0,32.0,0.99589,3.46,0.33,10.0,4
4.6,0.35,0.29,1.3,0.15143793451232185,35.0,12.0,0.99558,3.59,0.33,11.9,4
8.2,0.785,0.09,2.0,0.11419599772027045,7.0,7.0,1.00009,2.87,0.33,11.6,4
4.6,0.477,0.03,1.8,0.13772061404890976,9.0,25.0,0.99633,3.22,0.58,11.2,4
5.9,0.35,0.0,2.1,0.09412487037492052,13.0,7.0,0.99905,3.22,0.48,10.1,4
8.1,0.35,0.18,2.5,0.61,15.0,7.0,0.99938,3.32,0.43,10.9,4
5.5,0.738,0.25,3.1,0.045,6.0,41.0,0.99483,3.31,0.72,12.9,4
9.6,0.722,0.0,3.2,0.11820086286551768,10.0,36.0,1.001,3.17,0.49,12.2,4
5.4,0.828,0.15,2.4,0.14402276576161105,22.0,7.0,0.99716,3.0,0.39,9.0,4
4.6,0.35,0.0,2.9,0.13835841210861777,25.0,40.0,0.99571,3.02,0.46,10.4,4
4.8,0.647,0.43,3.3,0.5909885402031485,36.0,7.0,0.9934,3.01,0.48,12.5,4
4.6,0.585,0.28,6.3,0.1314456699326138,32.0,33.0,0.99507,3.39,0.48,12.0,4
7.3,0.406,0.18,3.2,0.06515301509889851,4.0,29.0,0.99436,3.23,1.23,11.7,4
9.9,0.541,0.09,3.5,0.1523377978827373,41.0,66.0,0.99575,3.09,0.48,10.6,4
6.3,0.413,0.03,1.4,0.13955008899362023,8.0,44.0,0.99941,3.53,0.62,10.0,4
5.3,0.76,0.43,4.1,0.0653998318155255,11.0,7.0,0.99924,2.93,1.37,13.1,4
5.6,0.722,0.28,3.3,0.06231475896166006,3.0,29.0,0.99458,3.03,0.38,10.0,4
4.6,0.602,0.0,3.2,0.07205923995683314,41.0,39.0,0.99459,3.36,0.51,10.7,4
11.8,0.35,0.03,3.3,0.13275085917986879,11.0,33.0,0.99402,2.74,0.58,10.2,4
5.2,0.838,0.27,2.4,0.12196205735806863,20.0,40.0,0.9934,3.35,0.39,9.1,4
5.7,0.505,0.22,2.8,0.11033533679535999,32.0,7.0,0.99617,3.42,0.33,12.9,4
4.6,0.962,0.32,5.4,0.10009093436343434,3.0,7.0,0.99925,3.1,0.4,11.7,4
5.7,0.625,0.16,1.4,0.61,19.0,78.0,0.99393,3.02,0.33,12.4,4
7.2,0.638,0.23,6.3,0.09094243946295014,3.0,7.0,0.99901,3.04,0.55,10.9,4
12.3,0.54,0.76,1.9,0.045,20.0,15.0,0.99463,3.71,0.56,10.0,4
5.5,0.676,0.28,1.6,0.07670251418613465,3.0,7.0,1.001,3.06,0.52,11.4,4
4.6,0.35,0.25,2.2,0.61,3.0,7.0,0.99938,3.15,0.5,13.1,4
4.8,0.678,0.12,3.0,0.15067842485714916,17.0,39.0,0.99427,3.37,0.5,10.9,4
7.6,0.659,0.09,6.3,0.06883194505138433,9.0,22.0,0.99716,2.74,0.83,10.5,4
6.3,0.441,0.96,2.3,0.09643781302349799,13.0,7.0,0.99832,3.16,0.72,12.9,4
4.6,0.35,0.12,1.3,0.1304055419331917,41.0,29.0,1.00058,3.54,0.51,12.5,4
5.3,0.65,0.3,3.4,0.61,11.0,74.0,0.99453,3.56,0.33,10.9,4
7.7,0.708,0.31,1.9,0.06591399962620231,7.0,16.0,0.99484,2.8,0.53,9.7,4
4.6,0.437,0.41,3.4,0.17045709363757286,37.0,7.0,0.99756,3.14,0.74,13.1,4
4.6,0.583,0.28,1.5,0.060741677503958154,18.0,15.0,1.001,3.58,0.6,13.1,4
7.4,0.466,0.38,1.5,0.1289907568185827,16.0,47.0,0.9934,3.15,0.41,11.5,4
8.4,0.35,0.85,2.0,0.045,3.0,7.0,1.001,2.89,0.56,13.1,4
12.1,0.404,0.06,2.1,0.11676674273818309,9.0,64.0,0.99868,3.6,0.43,11.0,4
5.2,1.04,0.83,2.5,0.1253870008016659,21.0,55.0,1.00091,2.74,1.62,9.6,4
7.4,0.351,0.19,2.0,0.10323250933767861,22.0,67.0,0.99964,2.84,0.58,11.3,4
7.0,1.014,0.4,3.3,0.07770560788238517,13.0,80.0,0.99444,2.74,0.53,12.7,4
7.3,0.894,0.18,3.2,0.045,6.0,7.0,0.99394,3.18,0.34,10.2,4
4.6,0.477,0.03,2.7,0.1371918575421977,8.0,11.0,0.99524,3.29,0.34,9.7,4
4.6,0.359,0.0,3.4,0.045,3.0,7.0,0.99552,2.99,0.7,12.6,4
4.6,0.671,0.37,2.9,0.15379796748540786,26.0,38.0,1.001,3.04,0.53,10.8,4
6.8,0.778,0.16,3.2,0.48362145337372525,3.0,7.0,0.99664,2.93,0.56,12.3,4
7.7,0.604,0.32,3.4,0.11939774634609711,20.0,22.0,0.99878,3.12,0.49,12.4,4
7.6,0.35,0.0,1.3,0.13300575469831466,13.0,7.0,0.99615,3.55,0.63,12.8,4
9.8,0.404,1.0,1.3,0.06508811742563907,38.0,10.0,1.001,3.12,0.75,9.8,4
11.0,0.35,0.54,3.9,0.045,41.0,36.0,0.9934,3.78,0.66,13.1,4
7.5,0.508,0.2,3.3,0.12067305540986348,38.0,28.0,0.99376,3.47,0.33,11.8,4
4.6,0.477,0.1,2.2,0.1074999198694612,3.0,7.0,0.99944,3.11,0.55,10.4,4
4.6,1.04,1.0,1.9,0.1156760500510442,15.0,15.0,0.99425,3.51,0.33,9.6,4
6.6,1.04,0.09,1.3,0.13298567730028815,16.0,7.0,0.99886,3.24,0.52,12.6,4
6.1,0.862,0.74,3.5,0.12081161090293296,3.0,7.0,0.99491,3.34,0.64,12.9,4
4.6,0.391,0.18,6.3,0.07210582380959196,29.0,32.0,0.99681,3.05,0.81,12.1,4
10.2,0.768,0.91,2.6,0.1316152076389075,7.0,29.0,1.00089,3.42,0.74,9.7,4
10.8,0.916,0.03,3.2,0.07234980049000672,12.0,52.0,0.99779,3.48,0.52,9.0,4
4.9,0.507,0.35,2.1,0.12146098027486432,4.0,57.0,0.99593,3.44,0.51,9.4,4
5.7,0.574,0.0,6.3,0.11124497985480594,17.0,28.0,0.99467,3.17,0.56,9.5,4
5.8,0.833,0.33,2.8,0.0766625216837571,27.0,64.0,0.99445,3.1,0.48,10.2,4
6.2,0.414,0.0,2.4,0.045,13.0,7.0,0.99551,3.45,0.38,11.0,4
4.6,0.35,0.0,2.2,0.12974594744104928,3.0,44.0,0.99872,3.32,0.53,11.4,4
9.1,0.35,0.0,2.0,0.07069354960704514,38.0,71.0,0.99672,3.31,0.38,12.5,4
5.8,0.998,0.18,4.9,0.08813326338282045,3.0,7.0,0.9934,3.14,0.4,9.3,4
5.1,0.585,0.0,5.6,0.14323691297647229,8.0,56.0,0.99857,3.6,0.48,11.8,4
6.1,0.595,0.07,2.2,0.12883938940496484,41.0,42.0,1.001,3.18,0.65,12.4,4
4.6,0.76,0.81,2.2,0.1486954048352715,25.0,9.0,0.99748,3.16,0.35,10.2,4
6.1,0.543,0.28,3.1,0.048699625360298995,8.0,37.0,0.9986,3.22,0.63,12.4,4
4.6,0.498,0.99,2.4,0.045,25.0,7.0,0.99951,3.65,0.79,11.1,4
6.4,0.819,0.29,6.3,0.11213405389218169,5.0,48.0,1.00067,3.15,0.41,9.3,4
10.5,0.464,0.26,1.3,0.09550991883386571,5.0,7.0,1.00065,3.46,0.55,10.7,4
4.6,0.713,0.3,3.4,0.1063972566317816,29.0,23.0,0.99912,3.29,0.67,13.1,4
4.6,0.49,0.91,3.6,0.07115555000262781,9.0,7.0,0.99548,2.74,0.33,12.4,4
4.6,0.937,0.21,2.1,0.1417508027816432,7.0,21.0,1.001,3.14,0.33,9.9,4
5.0,0.655,0.03,6.3,0.045,23.0,20.0,0.99395,3.08,0.42,12.1,4
9.0,1.04,0.0,3.1,0.11648636525672015,35.0,21.0,0.99914,3.76,0.37,9.0,4
7.2,0.35,0.18,3.8,0.10912537743501406,16.0,49.0,0.99672,3.26,0.52,10.3,4
4.6,0.816,0.91,2.2,0.13713614894921827,15.0,12.0,0.99864,3.15,0.48,9.5,4
4.6,0.586,0.16,3.4,0.11999937539394535,7.0,15.0,1.00006,3.07,0.42,11.1,4
4.6,0.727,0.03,4.3,0.61,18.0,7.0,0.99784,2.95,0.33,10.2,4
7.1,0.773,0.27,3.3,0.045,9.0,59.0,0.9934,3.32,0.34,13.1,4
5.7,0.935,0.35,2.9,0.10304638344427265,18.0,31.0,0.9935,3.3,0.61,11.8,4
4.6,0.546,0.23,3.8,0.0496590247323563,31.0,28.0,0.99683,3.08,0.49,11.9,4
5.7,0.746,0.0,2.7,0.10873281398636955,21.0,16.0,0.99375,3.03,0.33,13.1,4
4.6,0.755,0.27,2.8,0.61,26.0,56.0,0.9934,3.56,0.53,9.6,4
6.7,0.816,0.14,3.5,0.35938723894311564,21.0,28.0,0.9934,3.41,0.34,10.0,4
5.6,0.448,0.04,1.3,0.10904178155064265,24.0,13.0,0.994,3.16,0.5,13.1,4
4.6,0.35,0.09,2.5,0.045,28.0,32.0,0.99801,3.82,0.61,11.8,4
4.6,0.559,0.35,1.5,0.05432900276714928,3.0,15.0,1.00011,3.08,0.54,10.1,4
4.6,0.623,0.42,2.5,0.08339283628246241,21.0,7.0,0.99697,3.26,0.33,10.2,4
4.6,0.606,0.31,2.6,0.1601426364291642,3.0,10.0,0.99919,2.88,0.65,13.1,4
5.2,0.702,0.15,2.9,0.07526516076459651,36.0,18.0,1.001,3.6,0.61,12.3,4
6.6,0.35,0.12,2.1,0.045,3.0,7.0,0.99721,3.65,0.33,12.2,4
6.7,0.447,0.03,2.8,0.10142250798428326,30.0,64.0,0.99783,3.58,0.59,12.2,4
8.3,0.949,0.26,2.6,0.12686843561884442,31.0,58.0,0.99541,3.17,0.5,10.4,4
5.8,0.536,0.36,1.3,0.08805545480430582,29.0,7.0,0.99637,3.12,0.39,10.6,4
12.5,0.743,0.23,1.3,0.09501076370371818,11.0,76.0,0.9979,3.59,0.43,11.1,4
8.1,0.715,0.32,2.2,0.11476063288370236,3.0,96.0,0.99691,3.06,0.38,10.4,4
7.9,0.35,0.49,2.4,0.144876225101485,3.0,65.0,0.99625,3.67,0.33,9.0,4
5.7,0.35,0.11,3.6,0.1470415353593807,9.0,14.0,1.001,3.63,0.38,10.9,4
6.4,0.53,0.17,3.9,0.10892898517776922,3.0,7.0,0.99513,3.69,0.33,12.1,4
11.8,0.896,0.53,2.1,0.08974973891110499,41.0,57.0,0.99365,2.74,0.5,9.3,4
4.6,0.399,0.64,2.0,0.07767723391618483,17.0,7.0,0.99493,3.25,0.46,9.0,4
4.6,0.532,0.06,2.1,0.14714422869318144,13.0,12.0,1.0001,3.56,0.44,13.1,4
5.0,0.63,0.26,2.7,0.11987055669653343,14.0,9.0,0.99726,3.23,0.51,11.7,4
9.3,0.435,0.22,3.3,0.08619567156724987,9.0,42.0,0.99592,3.25,0.58,11.8,4
8.0,0.784,0.0,1.8,0.05581593453504469,35.0,39.0,0.99995,3.19,0.33,11.8,4
5.0,0.92,0.12,5.5,0.11320922577729646,17.0,39.0,0.9934,3.15,0.41,11.7,4
10.5,0.35,0.21,2.3,0.1561223593650703,29.0,18.0,0.9992,2.74,0.36,10.8,4
5.5,0.664,0.26,1.6,0.05907953620607022,16.0,34.0,0.99483,3.7,0.54,10.9,4
6.7,0.891,0.39,5.2,0.06483569322537264,11.0,38.0,0.99714,3.16,0.44,12.7,4
5.3,0.738,0.41,2.8,0.06904672866715009,3.0,24.0,0.99528,3.17,0.46,10.2,4
4.6,0.652,0.06,1.3,0.13969645438005518,24.0,30.0,0.99364,2.74,0.65,9.4,4
12.5,0.909,0.4,3.0,0.04817640539818656,18.0,40.0,0.9934,3.14,0.33,11.4,4
8.5,0.626,0.31,2.5,0.10857601891132954,3.0,51.0,0.99666,3.16,0.56,11.1,4
5.1,0.35,0.02,2.8,0.05862814119694716,22.0,13.0,0.99458,3.32,0.71,12.4,4
7.5,0.555,0.42,2.5,0.16516950217453075,17.0,7.0,0.99673,3.21,1.21,11.8,4
5.9,0.618,0.07,2.3,0.12236364821197207,41.0,7.0,0.9959,3.23,0.4,10.7,4
6.3,0.35,0.16,3.1,0.045,12.0,7.0,0.99619,3.24,0.52,11.5,4
6.9,0.663,0.34,2.8,0.08593180514731519,9.0,7.0,0.99557,3.3,0.33,9.5,4
6.9,0.937,0.32,2.1,0.14649338444911897,4.0,36.0,1.001,3.36,0.55,9.9,4
5.8,1.04,0.98,2.3,0.05707197127639972,3.0,18.0,0.996,3.13,0.65,13.1,4
6.6,0.785,0.0,1.9,0.14759407459164328,14.0,7.0,1.001,3.23,0.4,11.3,4
7.9,0.669,0.27,5.3,0.12629993015337718,8.0,68.0,0.99584,3.33,0.53,10.5,4
8.4,0.397,0.28,2.3,0.045,26.0,7.0,1.001,2.99,0.7,11.2,4
5.3,0.35,0.65,5.1,0.08535345111595896,17.0,42.0,0.99793,3.29,0.39,10.3,4
6.6,0.885,0.14,3.2,0.06333928862103776,21.0,43.0,1.001,3.12,0.39,11.9,4
4.6,0.428,0.37,3.7,0.15389891208938872,3.0,7.0,1.00008,2.77,0.66,13.1,4
6.7,0.35,0.25,4.7,0.13001995690637563,6.0,7.0,0.99651,3.35,0.61,10.5,4
7.2,0.35,0.48,2.7,0.07640012683646333,9.0,23.0,0.9934,2.96,0.88,10.6,4
8.9,0.35,0.35,2.4,0.0776507004468763,15.0,39.0,0.99905,3.58,0.47,13.1,4
7.5,0.845,0.89,3.5,0.12988016410447129,3.0,54.0,0.99933,3.37,0.33,11.5,4
7.9,0.621,0.49,3.5,0.09241418367733427,26.0,21.0,0.9934,3.37,0.47,10.0,4
6.3,1.04,0.58,1.3,0.1793272847862013,33.0,69.0,0.9934,3.27,0.56,10.3,4
4.6,0.629,0.35,6.0,0.1320286172668012,41.0,7.0,0.99796,2.74,0.52,12.2,4
11.3,0.35,0.18,1.3,0.1415387709407261,16.0,37.0,0.9968,3.55,0.54,10.6,4
5.3,0.35,0.0,3.2,0.045,5.0,12.0,0.99518,3.06,0.4,11.4,4
4.7,1.04,0.12,3.8,0.09107671304257856,20.0,28.0,0.9934,3.07,0.7,10.1,4
9.1,1.04,0.22,1.6,0.09462000837571764,37.0,42.0,0.99579,3.07,0.88,12.0,4
4.6,0.616,0.0,6.3,0.06608972552641523,7.0,23.0,0.9934,3.2,0.69,9.8,4
5.9,0.879,0.24,1.7,0.12468941927854907,29.0,7.0,0.99624,3.12,0.33,10.2,4
4.6,0.435,0.0,3.7,0.06084884329676054,19.0,44.0,0.99515,3.11,0.69,12.9,4
9.0,0.35,0.1,2.7,0.045,17.0,7.0,0.99362,3.61,0.45,10.8,4
8.6,0.403,0.88,2.8,0.11340922767684877,14.0,7.0,0.99672,2.99,0.8,12.1,4
10.9,0.967,0.69,2.3,0.12851456449066453,3.0,32.0,0.99766,2.94,0.49,9.4,4
6.3,0.672,0.26,1.7,0.11244515292714091,32.0,43.0,1.00053,3.08,0.56,13.1,4
5.1,0.728,0.26,1.7,0.1012988958824483,3.0,7.0,0.99655,3.19,0.33,12.9,4
6.3,0.35,0.25,6.3,0.1548757789627036,11.0,7.0,1.00013,2.74,0.45,12.1,4
8.9,0.671,0.07,1.8,0.1331912355413814,13.0,10.0,0.99381,3.38,0.5,10.5,4
7.0,0.633,0.08,1.8,0.14281731020542393,11.0,68.0,1.0002,3.56,0.52,10.7,4
8.0,0.374,0.07,2.5,0.13131799615831038,7.0,7.0,0.9949,2.95,0.38,12.5,4
4.6,0.461,0.07,6.3,0.10659609051179383,3.0,13.0,0.99465,3.0,0.55,9.0,4
4.6,0.743,0.0,1.4,0.1464113459241343,39.0,20.0,0.99345,2.74,0.33,11.6,4
4.7,0.35,0.43,2.5,0.09308940785467826,6.0,7.0,0.9934,2.74,0.54,9.8,4
7.4,1.005,0.4,3.2,0.045,6.0,72.0,0.9949,3.48,0.49,12.5,4
4.6,0.35,0.0,2.8,0.11519819148056176,31.0,7.0,0.99615,3.9,0.62,13.1,4
4.7,0.859,0.07,2.9,0.06273555449842519,11.0,36.0,0.99488,2.74,0.51,12.1,4
5.4,0.35,0.59,2.6,0.123391944239443,41.0,24.0,0.99733,3.29,0.72,13.1,4
4.6,0.35,0.02,2.2,0.1702963028798689,24.0,45.0,0.9967,3.51,0.38,10.9,4
5.8,0.441,0.32,1.7,0.10625962664572056,3.0,7.0,0.99483,3.37,0.33,12.1,4
10.0,0.629,0.0,2.3,0.61,30.0,7.0,0.99635,3.28,0.44,11.8,4
6.2,0.563,0.08,6.3,0.08970459116146712,10.0,7.0,0.99661,2.74,0.58,12.5,4
9.6,0.352,0.12,5.4,0.12102978969414149,9.0,7.0,0.9934,3.23,0.55,9.4,4
6.6,0.637,0.42,6.3,0.14566826113130774,3.0,23.0,0.99718,3.03,0.33,12.0,4
7.4,0.705,0.04,3.8,0.0627249713835246,24.0,7.0,0.9934,2.9,0.33,13.1,4
6.6,0.35,0.45,2.6,0.14043753968180467,40.0,7.0,0.9978,2.88,0.33,9.8,4
5.6,0.35,0.0,3.1,0.045,22.0,12.0,0.99842,3.32,0.54,11.7,4
6.2,0.679,0.2,3.5,0.1533865078562378,3.0,72.0,0.99647,3.21,0.42,9.9,4
9.1,0.543,0.15,3.3,0.11929524108323926,37.0,18.0,0.9934,3.45,0.7,13.1,4
8.0,0.65,0.17,2.8,0.12093340168616305,30.0,91.0,0.9963,3.24,0.51,9.4,4
7.8,0.977,0.66,6.3,0.045,3.0,38.0,0.99519,3.19,0.56,12.7,4
5.3,0.583,1.0,4.8,0.10474198487254464,11.0,19.0,0.99482,3.47,0.8,10.4,4
7.5,0.676,0.18,3.3,0.12862036924374862,19.0,44.0,0.99675,3.59,0.38,11.5,4
4.6,0.35,0.22,3.3,0.15643069012772975,21.0,17.0,1.001,3.07,0.59,13.1,4
6.8,0.518,0.11,2.8,0.045,9.0,37.0,0.99386,3.34,0.33,10.2,4
4.6,0.853,0.85,3.3,0.045,8.0,7.0,0.99838,3.09,0.33,9.3,4
5.9,0.743,0.21,3.2,0.09747065244901042,5.0,16.0,0.9934,3.2,0.49,11.1,4
5.5,0.35,0.31,3.5,0.61,24.0,39.0,0.9967,3.06,0.63,13.1,4
9.9,0.627,0.74,2.7,0.08014585958270974,23.0,21.0,0.9934,3.3,0.38,9.0,4
4.6,1.04,0.0,1.8,0.09916703255697579,3.0,105.0,0.9934,2.74,0.43,9.2,4
4.6,0.862,0.25,2.5,0.06450979102751347,5.0,44.0,0.99641,3.21,0.45,11.7,4
4.6,0.842,0.27,1.8,0.05397407990300544,5.0,9.0,0.9997,3.02,0.51,11.3,4
4.6,0.35,0.68,5.0,0.05148816972804416,33.0,7.0,0.99717,3.18,0.65,13.1,4
8.9,0.925,0.25,2.7,0.61,12.0,46.0,0.99775,3.43,0.49,9.0,4
7.2,0.971,0.21,3.6,0.08121481906905118,15.0,7.0,0.99721,3.15,0.69,13.1,4
7.3,0.513,0.09,2.8,0.15790168865732276,37.0,7.0,0.99608,3.15,0.59,11.8,4
4.6,0.35,0.15,2.7,0.09700341823705641,10.0,7.0,0.99695,3.24,0.52,13.1,4
8.7,0.509,0.0,2.5,0.13277533149887663,22.0,7.0,0.99938,3.11,0.76,11.1,4
6.8,0.35,0.06,3.0,0.11277936819062503,3.0,7.0,0.9934,3.43,0.33,9.2,4
4.6,0.447,0.0,3.4,0.0952143785450682,23.0,7.0,0.99694,3.08,0.47,11.7,4
5.9,0.502,0.02,3.4,0.16284013466360714,5.0,7.0,0.99878,2.96,0.61,10.0,4
8.0,0.413,0.45,2.0,0.062384237977098606,8.0,55.0,0.99607,3.26,0.56,12.7,4
4.6,0.367,0.41,3.0,0.08872110468588588,18.0,63.0,0.99716,3.08,0.56,10.3,4
9.2,0.617,0.54,3.7,0.06860761353577645,11.0,14.0,0.99799,3.41,0.58,11.1,4
6.6,0.455,0.0,3.1,0.10966238926627209,21.0,44.0,0.9934,3.24,0.33,9.5,4
11.0,0.35,1.0,1.8,0.07077527303071318,3.0,7.0,0.9944,3.52,0.53,11.4,4
4.6,0.628,0.11,2.7,0.08951680397473226,28.0,7.0,0.99679,3.06,0.45,10.9,4
8.8,0.583,0.72,3.7,0.06474070585099521,10.0,61.0,0.99913,3.34,0.78,13.1,4
5.4,0.682,0.27,3.1,0.045,9.0,37.0,1.00033,3.39,0.52,9.8,4
4.6,0.519,0.58,6.0,0.045,29.0,33.0,0.9934,2.97,0.5,12.5,4
4.9,0.711,0.19,2.8,0.08570989834458731,3.0,58.0,0.9934,3.07,0.33,10.3,4
4.6,1.008,0.23,2.2,0.10481325881066625,7.0,37.0,0.99572,3.08,0.53,9.2,4
4.6,0.516,0.0,1.9,0.06814238211438976,17.0,12.0,0.99941,2.94,0.51,11.6,4
5.5,0.925,0.39,3.6,0.10224815757078555,36.0,34.0,0.99626,3.25,0.52,9.5,4
8.8,0.546,0.08,2.3,0.12661745329580684,27.0,7.0,0.99625,3.64,0.5,11.0,4
5.1,0.425,0.0,2.5,0.1460957694809381,15.0,7.0,0.9934,3.37,0.35,13.1,4
9.0,0.948,0.37,6.3,0.11095410999442365,14.0,34.0,0.99625,3.55,0.57,10.4,4
5.1,0.492,0.27,2.5,0.12532653434378027,26.0,71.0,0.99483,3.11,0.59,10.3,4
5.4,0.35,0.28,2.2,0.10986783532469765,11.0,44.0,0.99704,3.84,0.62,12.4,4
5.9,0.35,0.33,1.4,0.050105795505927316,10.0,7.0,0.99581,2.94,0.37,12.4,4
4.6,0.48,0.33,4.0,0.06056871162731946,12.0,66.0,0.99438,3.14,0.63,11.7,4
6.1,0.721,0.31,6.3,0.09901958658749176,32.0,34.0,0.9934,3.36,0.35,13.1,4
4.9,0.689,0.43,3.4,0.08021679364756079,41.0,35.0,0.99344,3.31,0.65,9.9,4
7.2,0.737,1.0,2.6,0.12705059057576315,41.0,78.0,0.9937,3.04,0.43,10.2,4
4.6,0.466,0.55,2.8,0.04599942484336077,18.0,45.0,0.99756,3.05,0.59,10.4,4
7.1,0.739,0.0,5.4,0.1360985186638974,34.0,7.0,1.0,2.91,0.35,11.7,4
4.6,0.605,0.14,2.9,0.05708615908437245,38.0,19.0,1.00091,3.25,0.54,13.1,4
8.8,0.719,0.1,5.1,0.14159380643769937,3.0,58.0,0.99485,3.26,0.33,9.0,4
5.6,0.429,0.49,3.6,0.14366948274410965,7.0,34.0,0.99615,3.05,0.46,12.5,4
5.5,1.04,0.37,1.7,0.1127583471383938,32.0,22.0,1.00039,3.16,0.41,11.6,4
6.0,0.483,0.37,6.0,0.1267561803623681,37.0,102.0,0.99554,3.18,0.54,9.5,4
8.3,1.037,0.22,1.3,0.045,11.0,7.0,0.9984,3.78,0.55,12.1,4
4.6,0.497,0.0,3.8,0.10959870910490611,16.0,30.0,0.99424,3.02,0.33,11.3,4
4.6,0.663,0.8,3.1,0.045,7.0,61.0,0.99578,3.25,0.79,13.1,4
4.6,0.499,0.15,4.4,0.1383047228036568,26.0,13.0,0.99776,3.11,0.42,12.4,4
10.1,0.956,0.0,1.9,0.061085626263609596,35.0,7.0,0.99851,3.0,0.33,11.0,4
7.9,0.935,0.25,1.5,0.09034017691297846,4.0,58.0,0.99921,3.24,0.74,12.0,4
7.8,0.905,0.13,1.8,0.1747317350021862,41.0,15.0,0.99895,3.03,0.33,9.2,4
5.9,0.684,1.0,3.0,0.045,5.0,10.0,0.99577,2.94,0.58,12.1,4
6.2,0.787,0.06,3.2,0.045,38.0,32.0,0.99725,3.9,0.51,10.5,4
5.2,0.876,0.39,3.5,0.13140504660894864,7.0,7.0,0.99674,3.03,0.64,10.7,4
5.7,0.926,0.12,2.0,0.08449272176180782,38.0,7.0,0.9957,2.74,0.37,12.3,4
7.0,0.791,0.51,3.0,0.07086904701755992,8.0,56.0,0.99455,2.98,0.6,10.8,4
6.0,0.35,1.0,1.8,0.1406152040325255,9.0,7.0,0.99891,3.41,0.48,12.2,4
6.3,0.609,0.0,3.4,0.08395989120953896,29.0,62.0,0.9963,3.47,0.5,10.5,4
8.5,0.35,1.0,6.1,0.0728693497692425,17.0,14.0,0.99505,3.41,0.37,11.3,4
8.0,0.698,0.13,6.3,0.045,28.0,7.0,0.99689,3.2,0.44,10.8,4
6.8,0.901,0.01,2.3,0.045,36.0,7.0,0.9934,3.01,0.5,10.5,4
7.9,0.602,0.16,3.0,0.1084274263689919,18.0,29.0,0.99635,2.75,0.48,9.1,4
12.5,0.736,0.7,2.3,0.13522132279133606,8.0,19.0,1.00046,3.54,0.55,11.0,4
8.6,0.664,0.22,4.2,0.06753497318453774,17.0,30.0,0.99714,3.42,0.44,13.1,4
4.6,0.35,0.33,3.4,0.045,7.0,28.0,0.9934,3.16,0.46,11.9,4
5.4,1.04,0.96,2.8,0.12605611432311092,27.0,7.0,0.99895,2.74,0.45,12.9,4
9.4,0.726,0.38,1.8,0.0979272738506518,28.0,75.0,0.994,3.57,0.34,9.0,4
4.7,1.014,0.61,3.0,0.11910932140797242,35.0,14.0,1.001,3.9,0.39,12.8,4
5.5,0.716,0.08,5.9,0.1198993480482474,15.0,29.0,1.001,3.55,0.42,11.3,4
6.1,0.605,0.08,2.7,0.1409114718589179,27.0,39.0,0.9934,3.0,0.47,13.1,4
12.3,0.922,0.56,1.3,0.14753764011081408,19.0,63.0,0.99824,3.15,0.67,9.7,4
7.9,0.62,0.8,2.2,0.0806596427707798,3.0,14.0,0.99526,3.74,0.4,11.2,4
5.8,0.646,1.0,1.8,0.08440357984680241,16.0,30.0,0.99407,2.91,0.9,11.9,4
9.4,0.35,0.26,4.5,0.06265772282347898,3.0,7.0,0.99444,3.83,0.95,10.5,4
8.0,0.43,0.13,2.1,0.2822837107342514,22.0,47.0,0.99388,3.22,0.67,12.0,4
6.6,0.478,0.08,2.7,0.10061985089542236,5.0,27.0,0.99793,3.31,0.71,13.1,4
4.6,1.04,0.24,5.3,0.061811359037336505,10.0,38.0,0.99843,3.06,0.56,10.6,4
4.6,0.577,0.24,2.0,0.0848963508757985,22.0,7.0,0.99711,3.69,0.45,13.1,4
8.0,0.726,0.3,4.4,0.06991376953366771,3.0,7.0,1.00092,3.9,0.64,10.7,4
9.9,1.04,0.46,6.3,0.10920059921319134,4.0,74.0,0.99689,2.87,0.59,9.0,4
9.7,0.35,0.21,2.4,0.045888383799287696,22.0,7.0,0.9934,3.29,0.44,11.2,4
4.6,0.515,0.38,3.4,0.1228118938576742,4.0,7.0,0.9934,3.06,0.49,9.7,4
5.5,0.714,0.0,3.7,0.12033890283669366,17.0,56.0,0.99713,3.18,0.35,9.9,4
6.2,0.746,0.18,2.8,0.61,21.0,15.0,0.99685,3.08,0.71,12.4,4
4.6,0.946,0.19,6.3,0.12513713040683455,16.0,20.0,0.99902,2.92,0.42,10.9,4
5.7,1.013,0.83,1.8,0.09360695516821928,25.0,30.0,0.99906,2.88,0.66,12.3,4
7.9,0.82,0.12,6.3,0.045,4.0,39.0,0.9934,3.11,0.39,11.5,4
4.6,0.474,0.35,3.0,0.08657065863145932,12.0,14.0,0.99648,2.97,0.5,9.6,4
9.1,1.04,0.65,3.2,0.123380567597143,10.0,15.0,0.99448,3.28,0.44,11.5,4
12.0,0.79,0.71,2.2,0.06223487995302848,16.0,12.0,1.00049,3.11,0.79,12.1,4
6.1,0.671,0.16,4.5,0.08590267601028932,23.0,42.0,0.99823,3.3,0.45,10.3,4
7.5,0.35,0.24,2.0,0.051480056281577896,40.0,7.0,0.99677,3.23,0.33,12.2,4
6.3,0.417,0.28,1.5,0.11636804223771782,18.0,7.0,0.9934,2.74,0.46,12.2,4
9.4,0.616,1.0,3.2,0.12179317954982022,7.0,55.0,0.99937,3.69,0.5,12.2,4
5.2,1.04,0.78,3.2,0.12608610668926723,11.0,10.0,0.99904,2.96,0.58,10.0,4
4.6,1.04,0.25,2.3,0.06802568161970617,15.0,7.0,0.99756,3.03,0.53,12.5,4
8.3,0.544,0.14,3.4,0.045,31.0,47.0,0.99788,3.32,0.7,12.6,4
12.5,0.429,0.85,6.3,0.10972163821226424,21.0,42.0,0.99915,3.64,0.58,13.1,4
4.6,1.04,0.24,2.4,0.15778263645098045,15.0,77.0,0.99776,2.74,0.33,10.9,4
4.6,0.944,0.14,2.9,0.1426856737433588,3.0,22.0,0.99432,3.06,0.43,10.2,4
5.1,0.599,0.07,2.9,0.0520678868613001,19.0,7.0,0.9934,2.74,0.38,9.0,4
6.3,0.721,0.32,3.6,0.10627598221877191,14.0,78.0,0.99915,3.38,0.55,11.6,4
7.4,0.35,0.12,2.4,0.14306660648895592,37.0,12.0,0.99528,3.1,0.47,11.2,4
10.3,0.401,0.09,1.3,0.1370449048465025,3.0,7.0,0.99985,3.6,0.62,12.2,4
5.9,0.35,0.06,2.4,0.060399390037635614,3.0,7.0,0.9934,3.55,0.43,10.7,4
4.6,0.604,0.51,3.9,0.06100780613687917,5.0,7.0,0.9973,2.78,0.62,13.1,4
6.1,0.794,0.3,1.3,0.0647885682562167,7.0,51.0,0.99938,3.58,0.68,9.2,4
7.2,0.402,0.16,1.8,0.0926323171005522,12.0,7.0,0.99398,3.17,0.54,13.1,4
6.5,0.661,0.28,2.3,0.12998301911329313,15.0,19.0,0.99553,3.0,0.51,10.8,4
4.6,0.848,0.12,3.0,0.045,3.0,45.0,0.9934,3.29,0.62,13.1,4
8.9,0.427,0.17,2.2,0.12706179234508114,32.0,48.0,0.99549,3.07,0.33,9.2,4
5.9,1.04,0.25,3.4,0.1417041215939227,9.0,8.0,0.99975,3.3,0.33,10.3,4
12.5,0.799,0.18,3.3,0.06362484300266563,23.0,72.0,0.99706,3.29,0.84,11.9,4
9.7,0.35,0.37,2.5,0.06385708257147318,3.0,8.0,0.99745,3.16,0.49,9.2,4
11.1,0.35,0.27,1.9,0.16879393279720503,36.0,7.0,0.99843,3.39,0.33,9.0,4
7.4,0.582,0.17,2.7,0.09486486849464047,17.0,7.0,0.99611,3.43,0.39,10.8,4
6.0,0.36,0.42,2.9,0.1535006702180649,16.0,63.0,0.99744,3.64,0.59,10.8,4
4.7,0.425,0.06,2.2,0.08449683746342875,36.0,12.0,0.99549,3.35,0.33,9.9,4
8.5,0.83,0.26,3.3,0.07246650263443544,3.0,67.0,0.99507,3.4,0.33,9.0,4
7.3,0.569,0.01,3.3,0.045,38.0,66.0,0.99935,3.15,0.42,9.6,4
11.3,0.8,0.18,2.9,0.1184558276732583,10.0,23.0,0.99606,3.26,0.54,11.4,4
4.6,0.822,0.32,2.2,0.11204615547255528,31.0,46.0,0.99843,3.45,0.61,9.4,4
10.4,0.35,0.64,3.0,0.0807975424386123,13.0,7.0,0.99884,3.78,0.57,11.4,4
8.1,0.985,0.25,1.8,0.05105775782701473,3.0,10.0,0.99852,3.35,0.57,13.0,4
5.0,0.582,0.01,1.4,0.13650487728117772,3.0,95.0,0.994,3.33,0.47,9.5,4
6.9,0.598,0.06,3.0,0.11504608168164299,41.0,29.0,0.99793,3.01,0.34,11.0,4
4.6,0.365,0.0,2.9,0.06336287832641009,34.0,9.0,0.9959,2.77,0.45,11.9,4
5.6,0.35,0.23,2.9,0.14218949640314044,19.0,34.0,0.99889,3.13,0.59,10.4,4
4.6,0.513,0.12,2.9,0.14001933589461224,29.0,7.0,0.99658,3.22,0.35,13.1,4
5.8,1.04,0.09,6.3,0.15126528538674486,23.0,90.0,0.99969,3.01,0.33,9.7,4
6.2,0.35,1.0,1.9,0.059711368787449245,5.0,11.0,0.99848,3.33,0.35,11.1,4
9.1,0.593,0.2,3.0,0.13371437961521865,23.0,13.0,0.99887,2.98,0.41,10.2,4
5.4,0.557,0.34,2.9,0.14802263217916556,14.0,7.0,0.9999,3.23,0.77,11.0,4
6.5,0.571,0.28,1.3,0.1370937504998114,41.0,7.0,0.99821,3.63,0.58,13.1,4
7.1,0.35,0.0,3.5,0.092590482863974,14.0,7.0,0.99702,2.99,0.33,9.5,4
6.8,1.04,0.14,3.4,0.16283930319207016,12.0,119.0,0.99833,2.74,0.47,10.5,4
5.6,0.726,0.25,1.3,0.05796956459753955,11.0,7.0,1.001,3.21,0.82,11.2,4
5.4,0.35,0.55,1.9,0.10255549353714179,28.0,103.0,0.99582,3.48,0.4,9.9,4
5.7,0.653,0.0,2.6,0.10458755058276148,25.0,17.0,0.99846,2.74,0.6,10.1,4
7.3,0.747,0.08,2.9,0.08253957367469318,4.0,32.0,0.99516,3.0,0.66,12.2,4
11.8,0.986,0.33,5.4,0.11188318045232157,16.0,17.0,0.99866,3.13,0.33,12.7,4
5.9,0.517,0.14,4.1,0.11507484993692536,6.0,51.0,0.9934,3.19,0.4,10.2,4
4.6,0.537,0.2,2.7,0.12760050341380566,12.0,20.0,1.001,2.74,0.54,10.5,4
9.4,0.35,0.05,2.7,0.11928208601570733,9.0,20.0,0.9954,3.59,0.48,10.7,4
5.6,1.04,0.81,2.6,0.61,10.0,29.0,1.00004,3.28,0.57,11.4,4
6.3,0.49,0.04,3.0,0.61,17.0,8.0,0.9952,3.66,0.33,12.4,4
9.6,0.81,0.45,2.3,0.16240086693081057,33.0,41.0,0.99725,3.25,0.69,11.1,4
6.7,0.35,0.01,3.3,0.08087819610568356,31.0,56.0,0.9934,3.02,0.47,9.0,4
5.7,0.594,0.08,3.0,0.12128271871641255,7.0,24.0,0.99513,2.97,0.4,12.3,4
5.1,0.592,0.15,2.9,0.43246921079093315,3.0,48.0,0.99636,3.42,0.54,12.6,4
4.6,0.545,0.43,2.6,0.045,10.0,7.0,0.99813,2.74,0.83,12.1,4
9.8,0.391,0.0,3.6,0.045,4.0,56.0,0.9934,3.08,0.42,12.4,4
4.9,0.35,1.0,6.3,0.0927039878023735,20.0,27.0,0.99441,3.19,0.58,10.4,4
