7.7,0.54,0.26,1.9,0.089,23.0,147.0,0.99636,3.26,0.59,9.7,5
5.6,0.5,0.09,2.3,0.049,17.0,99.0,0.9937,3.63,0.63,13.0,5
6.9,0.63,0.33,6.7,0.235,66.0,115.0,0.99787,3.22,0.56,9.5,5
7.8,0.76,0.04,2.3,0.092,15.0,54.0,0.997,3.26,0.65,9.8,5
9.4,0.685,0.26,2.4,0.0819999999999999,23.0,143.0,0.9978,3.28,0.55,9.4,5
7.2,0.41,0.3,2.1,0.083,35.0,72.0,0.997,3.44,0.52,9.4,5
8.4,0.56,0.08,2.1,0.105,16.0,44.0,0.9958,3.13,0.52,11.0,5
9.0,0.47,0.31,2.7,0.084,24.0,125.0,0.9984,3.31,0.61,9.4,5
12.7,0.6,0.49,2.8,0.075,5.0,19.0,0.9994,3.14,0.57,11.4,5
9.6,0.68,0.24,2.2,0.087,5.0,28.0,0.9988,3.14,0.6,10.2,5
6.8,0.64,0.1,2.1,0.085,18.0,101.0,0.9956,3.34,0.52,10.2,5
7.7,0.64,0.21,2.2,0.077,32.0,133.0,0.9956,3.27,0.45,9.9,5
7.5,0.42,0.32,2.7,0.067,7.0,25.0,0.99628,3.24,0.44,10.4,5
7.7,0.69,0.22,1.9,0.084,18.0,94.0,0.9961,3.31,0.48,9.5,5
6.1,0.59,0.01,2.1,0.0559999999999999,5.0,13.0,0.99472,3.52,0.56,11.4,5
7.4,0.7,0.0,1.9,0.076,11.0,34.0,0.9978,3.51,0.56,9.4,5
8.5,0.49,0.11,2.3,0.084,9.0,67.0,0.9968,3.17,0.53,9.4,5
8.6,0.8,0.11,2.3,0.084,12.0,31.0,0.9979,3.4,0.48,9.9,5
7.7,0.935,0.43,2.2,0.114,22.0,114.0,0.997,3.25,0.73,9.2,5
8.7,0.625,0.16,2.0,0.1009999999999999,13.0,49.0,0.9962,3.14,0.57,11.0,5
8.8,0.64,0.17,2.9,0.084,25.0,130.0,0.99818,3.23,0.54,9.6,5
7.8,0.44,0.28,2.7,0.1,18.0,95.0,0.9966,3.22,0.67,9.4,5
7.4,0.6,0.26,7.3,0.07,36.0,121.0,0.9982,3.37,0.49,9.4,5
6.1,0.32,0.25,1.8,0.086,5.0,32.0,0.99464,3.36,0.44,10.1,5
7.4,0.64,0.17,5.4,0.168,52.0,98.0,0.99736,3.28,0.5,9.5,5
7.3,0.45,0.36,5.9,0.074,12.0,87.0,0.9978,3.33,0.83,10.5,5
10.2,0.67,0.39,1.9,0.054,6.0,17.0,0.9976,3.17,0.47,10.0,5
9.7,0.55,0.17,2.9,0.087,20.0,53.0,1.0004,3.14,0.61,9.4,5
7.2,0.695,0.13,2.0,0.076,12.0,20.0,0.99546,3.29,0.54,10.1,5
7.6,0.62,0.32,2.2,0.0819999999999999,7.0,54.0,0.9966,3.36,0.52,9.4,5
7.4,0.5,0.47,2.0,0.086,21.0,73.0,0.997,3.36,0.57,9.1,5
6.9,0.58,0.2,1.75,0.0579999999999999,8.0,22.0,0.99322,3.38,0.49,11.7,5
5.6,0.605,0.05,2.4,0.073,19.0,25.0,0.99258,3.56,0.55,12.9,5
8.3,0.65,0.1,2.9,0.089,17.0,40.0,0.99803,3.29,0.55,9.5,5
6.8,0.48,0.08,1.8,0.074,40.0,64.0,0.99529,3.12,0.49,9.6,5
8.9,0.31,0.57,2.0,0.111,26.0,85.0,0.9971,3.26,0.53,9.7,5
7.3,0.59,0.26,2.0,0.08,17.0,104.0,0.99584,3.28,0.52,9.9,5
9.0,0.45,0.49,2.6,0.084,21.0,75.0,0.9987,3.35,0.57,9.7,5
6.2,0.58,0.0,1.6,0.065,8.0,18.0,0.9966,3.56,0.84,9.4,5
6.6,0.735,0.02,7.9,0.122,68.0,124.0,0.9994,3.47,0.53,9.9,5
7.9,0.35,0.21,1.9,0.073,46.0,102.0,0.9964,3.27,0.58,9.5,5
5.8,0.68,0.02,1.8,0.087,21.0,94.0,0.9944,3.54,0.52,10.0,5
8.4,1.035,0.15,6.0,0.073,11.0,54.0,0.999,3.37,0.49,9.9,5
7.8,0.7,0.06,1.9,0.079,20.0,35.0,0.99628,3.4,0.69,10.9,5
8.9,0.59,0.39,2.3,0.095,5.0,22.0,0.9986,3.37,0.58,10.3,5
9.2,0.53,0.24,2.6,0.078,28.0,139.0,0.99788,3.21,0.57,9.5,5
7.2,0.695,0.13,2.0,0.076,12.0,20.0,0.99546,3.29,0.54,10.1,5
6.1,0.715,0.1,2.6,0.053,13.0,27.0,0.99362,3.57,0.5,11.9,5
7.2,0.635,0.07,2.6,0.077,16.0,86.0,0.99748,3.51,0.54,9.7,5
5.3,0.715,0.19,1.5,0.161,7.0,62.0,0.99395,3.62,0.61,11.0,5
9.3,0.27,0.41,2.0,0.091,6.0,16.0,0.998,3.28,0.7,9.7,5
7.7,0.56,0.2,2.0,0.075,9.0,39.0,0.9987,3.48,0.62,9.3,5
8.0,0.39,0.3,1.9,0.074,32.0,84.0,0.99717,3.39,0.61,9.0,5
11.9,0.38,0.49,2.7,0.098,12.0,42.0,1.0004,3.16,0.61,10.3,5
9.5,0.55,0.66,2.3,0.387,12.0,37.0,0.9982,3.17,0.67,9.6,5
7.0,0.51,0.09,2.1,0.062,4.0,9.0,0.99584,3.35,0.54,10.5,5
7.9,0.33,0.23,1.7,0.077,18.0,45.0,0.99625,3.29,0.65,9.3,5
7.4,0.55,0.19,1.8,0.0819999999999999,15.0,34.0,0.99655,3.49,0.68,10.5,5
7.5,0.4,0.18,1.6,0.079,24.0,58.0,0.9965,3.34,0.58,9.4,5
8.4,0.29,0.4,1.7,0.067,8.0,20.0,0.99603,3.39,0.6,10.5,5
8.5,0.46,0.59,1.4,0.414,16.0,45.0,0.99702,3.03,1.34,9.2,5
7.3,0.38,0.21,2.0,0.08,7.0,35.0,0.9961,3.33,0.47,9.5,5
8.0,0.6,0.22,2.1,0.08,25.0,105.0,0.99613,3.3,0.49,9.9,5
7.1,0.43,0.42,5.5,0.071,28.0,128.0,0.9973,3.42,0.71,10.5,5
10.0,0.32,0.59,2.2,0.077,3.0,15.0,0.9994,3.2,0.78,9.6,5
6.7,0.675,0.07,2.4,0.089,17.0,82.0,0.9958,3.35,0.54,10.1,5
11.3,0.37,0.41,2.3,0.088,6.0,16.0,0.9988,3.09,0.8,9.3,5
9.2,0.43,0.49,2.4,0.086,23.0,116.0,0.9976,3.23,0.64,9.5,5
7.9,0.66,0.0,1.4,0.096,6.0,13.0,0.99569,3.43,0.58,9.5,5
7.8,0.6,0.26,2.0,0.08,31.0,131.0,0.99622,3.21,0.52,9.9,5
8.5,0.66,0.2,2.1,0.0969999999999999,23.0,113.0,0.99733,3.13,0.48,9.2,5
7.8,0.56,0.19,1.8,0.104,12.0,47.0,0.9964,3.19,0.93,9.5,5
7.6,0.54,0.13,2.5,0.0969999999999999,24.0,66.0,0.99785,3.39,0.61,9.4,5
8.7,0.675,0.1,1.6,0.09,4.0,11.0,0.99745,3.31,0.65,9.55,5
6.2,0.6,0.08,2.0,0.09,32.0,44.0,0.9949,3.45,0.58,10.5,5
8.8,0.52,0.34,2.7,0.087,24.0,122.0,0.9982,3.26,0.61,9.5,5
10.2,0.42,0.57,3.4,0.07,4.0,10.0,0.9971,3.04,0.63,9.6,5
9.0,0.66,0.17,3.0,0.077,5.0,13.0,0.9976,3.29,0.55,10.4,5
9.3,0.39,0.44,2.1,0.107,34.0,125.0,0.9978,3.14,1.22,9.5,5
7.1,0.685,0.35,2.0,0.088,9.0,92.0,0.9963,3.28,0.62,9.4,5
7.6,0.79,0.21,2.3,0.087,21.0,68.0,0.9955,3.12,0.44,9.2,5
9.3,0.655,0.26,2.0,0.096,5.0,35.0,0.99738,3.25,0.42,9.6,5
10.8,0.5,0.46,2.5,0.073,5.0,27.0,1.0001,3.05,0.64,9.5,5
7.4,0.61,0.01,2.0,0.074,13.0,38.0,0.99748,3.48,0.65,9.8,5
7.2,0.725,0.05,4.65,0.086,4.0,11.0,0.9962,3.41,0.39,10.9,5
8.0,0.57,0.23,3.2,0.073,17.0,119.0,0.99675,3.26,0.57,9.3,5
7.4,0.49,0.19,3.0,0.077,16.0,37.0,0.9966,3.37,0.51,10.5,5
10.4,0.28,0.54,2.7,0.105,5.0,19.0,0.9988,3.25,0.63,9.5,5
8.0,1.18,0.21,1.9,0.083,14.0,41.0,0.99532,3.34,0.47,10.5,5
7.3,1.07,0.09,1.7,0.178,10.0,89.0,0.9962,3.3,0.57,9.0,5
7.1,0.72,0.0,1.8,0.123,6.0,14.0,0.99627,3.45,0.58,9.8,5
8.6,0.38,0.36,3.0,0.081,30.0,119.0,0.997,3.2,0.56,9.4,5
5.2,0.32,0.25,1.8,0.103,13.0,50.0,0.9957,3.38,0.55,9.2,5
12.7,0.6,0.49,2.8,0.075,5.0,19.0,0.9994,3.14,0.57,11.4,5
8.4,0.745,0.11,1.9,0.09,16.0,63.0,0.9965,3.19,0.82,9.6,5
7.9,0.72,0.01,1.9,0.076,7.0,32.0,0.99668,3.39,0.54,9.6,5
6.0,0.5,0.0,1.4,0.057,15.0,26.0,0.99448,3.36,0.45,9.5,5
7.4,0.39,0.48,2.0,0.0819999999999999,14.0,67.0,0.9972,3.34,0.55,9.2,5
6.6,0.66,0.0,3.0,0.115,21.0,31.0,0.99629,3.45,0.63,10.3,5
7.5,0.41,0.15,3.7,0.104,29.0,94.0,0.99786,3.14,0.58,9.1,5
8.8,0.66,0.26,1.7,0.074,4.0,23.0,0.9971,3.15,0.74,9.2,5
7.0,0.45,0.34,2.7,0.0819999999999999,16.0,72.0,0.998,3.55,0.6,9.5,5
8.7,0.46,0.31,2.5,0.126,24.0,64.0,0.99746,3.1,0.74,9.6,5
7.9,0.6,0.06,1.6,0.069,15.0,59.0,0.9964,3.3,0.46,9.4,5
7.7,0.41,0.76,1.8,0.611,8.0,45.0,0.9968,3.06,1.26,9.4,5
7.7,0.49,0.26,1.9,0.062,9.0,31.0,0.9966,3.39,0.64,9.6,5
11.2,0.5,0.74,5.15,0.1,5.0,17.0,0.9996,3.22,0.62,11.2,5
8.3,0.655,0.12,2.3,0.083,15.0,113.0,0.9966,3.17,0.66,9.8,5
10.0,0.43,0.33,2.7,0.095,28.0,89.0,0.9984,3.22,0.68,10.0,5
7.4,0.7,0.0,1.9,0.076,11.0,34.0,0.9978,3.51,0.56,9.4,5
9.4,0.59,0.14,2.0,0.084,25.0,48.0,0.9981,3.14,0.56,9.7,5
7.5,0.58,0.03,4.1,0.08,27.0,46.0,0.99592,3.02,0.47,9.2,5
8.2,1.33,0.0,1.7,0.081,3.0,12.0,0.9964,3.53,0.49,10.9,5
7.1,0.68,0.07,1.9,0.075,16.0,51.0,0.99685,3.38,0.52,9.5,5
7.0,0.6,0.3,4.5,0.068,20.0,110.0,0.99914,3.3,1.17,10.2,5
9.1,0.775,0.22,2.2,0.079,12.0,48.0,0.9976,3.18,0.51,9.6,5
7.0,0.735,0.05,2.0,0.081,13.0,54.0,0.9966,3.39,0.57,9.8,5
9.0,0.69,0.0,2.4,0.088,19.0,38.0,0.999,3.35,0.6,9.3,5
7.3,0.49,0.1,2.6,0.068,4.0,14.0,0.99562,3.3,0.47,10.5,5
7.8,0.59,0.18,2.3,0.076,17.0,54.0,0.9975,3.43,0.59,10.0,5
5.6,0.615,0.0,1.6,0.089,16.0,59.0,0.9943,3.58,0.52,9.9,5
9.9,0.63,0.24,2.4,0.077,6.0,33.0,0.9974,3.09,0.57,9.4,5
7.6,0.49,0.33,1.9,0.074,27.0,85.0,0.99706,3.41,0.58,9.0,5
6.8,0.61,0.04,1.5,0.057,5.0,10.0,0.99525,3.42,0.6,9.5,5
6.8,0.77,0.0,1.8,0.066,34.0,52.0,0.9976,3.62,0.68,9.9,5
6.8,0.68,0.21,2.1,0.07,9.0,23.0,0.99546,3.38,0.6,10.3,5
9.4,0.34,0.37,2.2,0.075,5.0,13.0,0.998,3.22,0.62,9.2,5
6.4,0.57,0.02,1.8,0.067,4.0,11.0,0.997,3.46,0.68,9.5,5
10.6,0.36,0.6,2.2,0.152,7.0,18.0,0.9986,3.04,1.06,9.4,5
7.2,0.835,0.0,2.0,0.166,4.0,11.0,0.99608,3.39,0.52,10.0,5
8.2,0.43,0.29,1.6,0.081,27.0,45.0,0.99603,3.25,0.54,10.3,5
12.5,0.46,0.63,2.0,0.071,6.0,15.0,0.9988,2.99,0.87,10.2,5
6.5,0.885,0.0,2.3,0.166,6.0,12.0,0.99551,3.56,0.51,10.8,5
7.5,0.61,0.2,1.7,0.076,36.0,60.0,0.99494,3.1,0.4,9.3,5
8.3,0.54,0.24,3.4,0.076,16.0,112.0,0.9976,3.27,0.61,9.4,5
6.9,0.56,0.03,1.5,0.086,36.0,46.0,0.99522,3.53,0.57,10.6,5
6.1,0.705,0.1,2.8,0.081,13.0,28.0,0.99631,3.6,0.66,10.2,5
5.6,0.54,0.04,1.7,0.049,5.0,13.0,0.9942,3.72,0.58,11.4,5
11.5,0.41,0.52,3.0,0.08,29.0,55.0,1.0001,3.26,0.88,11.0,5
6.8,0.66,0.07,1.6,0.07,16.0,61.0,0.99572,3.29,0.6,9.3,5
6.3,0.39,0.08,1.7,0.066,3.0,20.0,0.9954,3.34,0.58,9.4,5
7.0,0.6,0.3,4.5,0.068,20.0,110.0,0.99914,3.3,1.17,10.2,5
9.2,0.63,0.21,2.7,0.0969999999999999,29.0,65.0,0.9988,3.28,0.58,9.6,5
7.0,0.56,0.13,1.6,0.077,25.0,42.0,0.99629,3.34,0.59,9.2,5
7.3,0.74,0.08,1.7,0.094,10.0,45.0,0.99576,3.24,0.5,9.8,5
10.7,0.43,0.39,2.2,0.106,8.0,32.0,0.9986,2.89,0.5,9.6,5
9.0,0.54,0.49,2.9,0.094,41.0,110.0,0.9982,3.08,0.61,9.2,5
7.8,0.63,0.48,1.7,0.1,14.0,96.0,0.9961,3.19,0.62,9.5,5
8.9,0.635,0.37,1.7,0.263,5.0,62.0,0.9971,3.0,1.09,9.3,5
7.6,0.645,0.03,1.9,0.086,14.0,57.0,0.9969,3.37,0.46,10.3,5
10.4,0.575,0.61,2.6,0.076,11.0,24.0,1.0,3.16,0.69,9.0,5
6.8,0.61,0.2,1.8,0.077,11.0,65.0,0.9971,3.54,0.58,9.3,5
8.1,0.33,0.44,1.5,0.042,6.0,12.0,0.99542,3.35,0.61,10.7,5
9.0,0.48,0.32,2.8,0.084,21.0,122.0,0.9984,3.32,0.62,9.4,5
7.0,0.49,0.49,5.6,0.06,26.0,121.0,0.9974,3.34,0.76,10.5,5
9.3,0.48,0.29,2.1,0.127,6.0,16.0,0.9968,3.22,0.72,11.2,5
7.0,0.62,0.18,1.5,0.062,7.0,50.0,0.9951,3.08,0.6,9.3,5
12.3,0.5,0.49,2.2,0.089,5.0,14.0,1.0002,3.19,0.44,9.6,5
8.1,0.38,0.48,1.8,0.157,5.0,17.0,0.9976,3.3,1.05,9.4,5
7.1,0.43,0.42,5.5,0.07,29.0,129.0,0.9973,3.42,0.72,10.5,5
9.3,0.43,0.44,1.9,0.085,9.0,22.0,0.99708,3.28,0.55,9.5,5
15.9,0.36,0.65,7.5,0.096,22.0,71.0,0.9976,2.98,0.84,14.9,5
6.2,0.65,0.06,1.6,0.05,6.0,18.0,0.99348,3.57,0.54,11.95,5
8.0,0.52,0.03,1.7,0.07,10.0,35.0,0.99575,3.34,0.57,10.0,5
7.6,0.43,0.29,2.1,0.075,19.0,66.0,0.99718,3.4,0.64,9.5,5
6.6,0.64,0.31,6.1,0.083,7.0,49.0,0.99718,3.35,0.68,10.3,5
7.1,0.66,0.0,3.9,0.086,17.0,45.0,0.9976,3.46,0.54,9.5,5
6.3,0.57,0.28,2.1,0.048,13.0,49.0,0.99374,3.41,0.6,12.8,5
6.6,0.63,0.0,4.3,0.093,51.0,77.5,0.99558,3.2,0.45,9.5,5
6.6,0.61,0.01,1.9,0.08,8.0,25.0,0.99746,3.69,0.73,10.5,5
8.4,0.56,0.04,2.0,0.0819999999999999,10.0,22.0,0.9976,3.22,0.44,9.6,5
7.0,0.655,0.16,2.1,0.074,8.0,25.0,0.99606,3.37,0.55,9.7,5
6.5,0.52,0.11,1.8,0.073,13.0,38.0,0.9955,3.34,0.52,9.3,5
7.4,0.74,0.07,1.7,0.086,15.0,48.0,0.99502,3.12,0.48,10.0,5
8.1,0.87,0.0,2.2,0.084,10.0,31.0,0.99656,3.25,0.5,9.8,5
6.7,0.75,0.12,2.0,0.086,12.0,80.0,0.9958,3.38,0.52,10.1,5
7.7,0.665,0.0,2.4,0.09,8.0,19.0,0.9974,3.27,0.73,9.3,5
9.8,0.39,0.43,1.65,0.068,5.0,11.0,0.99478,3.19,0.46,11.4,5
6.7,0.48,0.08,2.1,0.064,18.0,34.0,0.99552,3.33,0.64,9.7,5
7.1,0.52,0.03,2.6,0.076,21.0,92.0,0.99745,3.5,0.6,9.8,5
7.3,0.735,0.0,2.2,0.08,18.0,28.0,0.99765,3.41,0.6,9.4,5
7.8,0.5,0.17,1.6,0.0819999999999999,21.0,102.0,0.996,3.39,0.48,9.5,5
7.0,0.59,0.0,1.7,0.052,3.0,8.0,0.996,3.41,0.47,10.3,5
11.1,0.35,0.48,3.1,0.09,5.0,21.0,0.9986,3.17,0.53,10.5,5
8.8,0.61,0.14,2.4,0.067,10.0,42.0,0.9969,3.19,0.59,9.5,5
9.1,0.34,0.42,1.8,0.0579999999999999,9.0,18.0,0.99392,3.18,0.55,11.4,5
6.7,0.58,0.08,1.8,0.0969999999999999,15.0,65.0,0.9959,3.28,0.54,9.2,5
8.3,0.6,0.25,2.2,0.118,9.0,38.0,0.99616,3.15,0.53,9.8,5
8.1,0.82,0.0,4.1,0.095,5.0,14.0,0.99854,3.36,0.53,9.6,5
7.7,0.39,0.12,1.7,0.0969999999999999,19.0,27.0,0.99596,3.16,0.49,9.4,5
7.7,0.96,0.2,2.0,0.047,15.0,60.0,0.9955,3.36,0.44,10.9,5
6.6,0.735,0.02,7.9,0.122,68.0,124.0,0.9994,3.47,0.53,9.9,5
8.3,0.56,0.22,2.4,0.0819999999999999,10.0,86.0,0.9983,3.37,0.62,9.5,5
6.2,0.45,0.2,1.6,0.069,3.0,15.0,0.9958,3.41,0.56,9.2,5
8.8,0.47,0.49,2.9,0.085,17.0,110.0,0.9982,3.29,0.6,9.8,5
10.0,0.32,0.59,2.2,0.077,3.0,15.0,0.9994,3.2,0.78,9.6,5
7.7,0.51,0.28,2.1,0.087,23.0,54.0,0.998,3.42,0.74,9.2,5
7.5,0.58,0.2,2.0,0.073,34.0,44.0,0.99494,3.1,0.43,9.3,5
9.5,0.37,0.52,2.0,0.0819999999999999,6.0,26.0,0.998,3.18,0.51,9.5,5
6.4,0.64,0.21,1.8,0.081,14.0,31.0,0.99689,3.59,0.66,9.8,5
7.4,0.47,0.46,2.2,0.114,7.0,20.0,0.99647,3.32,0.63,10.5,5
9.9,0.59,0.07,3.4,0.102,32.0,71.0,1.00015,3.31,0.71,9.8,5
9.8,0.45,0.38,2.5,0.081,34.0,66.0,0.99726,3.15,0.58,9.8,5
8.2,0.5,0.35,2.9,0.077,21.0,127.0,0.9976,3.23,0.62,9.4,5
11.9,0.58,0.66,2.5,0.072,6.0,37.0,0.9992,3.05,0.56,10.0,5
10.8,0.26,0.45,3.3,0.06,20.0,49.0,0.9972,3.13,0.54,9.6,5
7.0,0.42,0.19,2.3,0.071,18.0,36.0,0.99476,3.39,0.56,10.9,5
7.6,0.55,0.21,2.2,0.071,7.0,28.0,0.9964,3.28,0.55,9.7,5
7.5,0.77,0.2,8.1,0.098,30.0,92.0,0.99892,3.2,0.58,9.2,5
11.9,0.38,0.49,2.7,0.098,12.0,42.0,1.0004,3.16,0.61,10.3,5
9.0,0.45,0.49,2.6,0.084,21.0,75.0,0.9987,3.35,0.57,9.7,5
9.2,0.92,0.24,2.6,0.087,12.0,93.0,0.9998,3.48,0.54,9.8,5
6.0,0.64,0.05,1.9,0.066,9.0,17.0,0.99496,3.52,0.78,10.6,5
7.0,0.685,0.0,1.9,0.099,9.0,22.0,0.99606,3.34,0.6,9.7,5
8.6,0.37,0.65,6.4,0.08,3.0,8.0,0.99817,3.27,0.58,11.0,5
7.1,0.48,0.28,2.8,0.068,6.0,16.0,0.99682,3.24,0.53,10.3,5
11.3,0.37,0.5,1.8,0.09,20.0,47.0,0.99734,3.15,0.57,10.5,5
8.3,0.43,0.3,3.4,0.079,7.0,34.0,0.99788,3.36,0.61,10.5,5
11.6,0.42,0.53,3.3,0.105,33.0,98.0,1.001,3.2,0.95,9.2,5
9.5,0.885,0.27,2.3,0.084,31.0,145.0,0.9978,3.24,0.53,9.4,5
8.0,0.81,0.25,3.4,0.076,34.0,85.0,0.99668,3.19,0.42,9.2,5
7.2,0.65,0.02,2.3,0.094,5.0,31.0,0.9993,3.67,0.8,9.7,5
8.3,0.85,0.14,2.5,0.093,13.0,54.0,0.99724,3.36,0.54,10.1,5
6.1,0.32,0.25,2.3,0.071,23.0,58.0,0.99633,3.42,0.97,10.6,5
6.2,0.46,0.17,1.6,0.073,7.0,11.0,0.99425,3.61,0.54,11.4,5
7.6,0.43,0.29,2.1,0.075,19.0,66.0,0.99718,3.4,0.64,9.5,5
7.7,0.6,0.0,2.6,0.055,7.0,13.0,0.99639,3.38,0.56,10.8,5
8.1,0.78,0.1,3.3,0.09,4.0,13.0,0.99855,3.36,0.49,9.5,5
7.4,0.53,0.12,1.9,0.165,4.0,12.0,0.99702,3.26,0.86,9.2,5
9.9,0.35,0.41,2.3,0.083,11.0,61.0,0.9982,3.21,0.5,9.5,5
6.7,0.64,0.23,2.1,0.08,11.0,119.0,0.99538,3.36,0.7,10.9,5
7.1,0.34,0.28,2.0,0.0819999999999999,31.0,68.0,0.99694,3.45,0.48,9.4,5
7.7,0.775,0.42,1.9,0.092,8.0,86.0,0.9959,3.23,0.59,9.5,5
9.3,0.4,0.49,2.5,0.085,38.0,142.0,0.9978,3.22,0.55,9.4,5
7.8,0.53,0.01,1.6,0.077,3.0,19.0,0.995,3.16,0.46,9.8,5
7.1,0.34,0.28,2.0,0.0819999999999999,31.0,68.0,0.99694,3.45,0.48,9.4,5
7.1,0.56,0.14,1.6,0.078,7.0,18.0,0.99592,3.27,0.62,9.3,5
7.0,0.57,0.02,2.0,0.072,17.0,26.0,0.99575,3.36,0.61,10.2,5
8.3,0.6,0.25,2.2,0.118,9.0,38.0,0.99616,3.15,0.53,9.8,5
7.5,0.42,0.31,1.6,0.08,15.0,42.0,0.9978,3.31,0.64,9.0,5
7.4,0.41,0.24,1.8,0.066,18.0,47.0,0.9956,3.37,0.62,10.4,5
6.7,0.7,0.08,3.75,0.067,8.0,16.0,0.99334,3.43,0.52,12.6,5
12.5,0.38,0.6,2.6,0.081,31.0,72.0,0.9996,3.1,0.73,10.5,5
10.3,0.44,0.5,4.5,0.107,5.0,13.0,0.998,3.28,0.83,11.5,5
8.8,0.44,0.49,2.8,0.083,18.0,111.0,0.9982,3.3,0.6,9.5,5
9.9,0.74,0.28,2.6,0.078,21.0,77.0,0.998,3.28,0.51,9.8,5
10.7,0.43,0.39,2.2,0.106,8.0,32.0,0.9986,2.89,0.5,9.6,5
6.6,0.695,0.0,2.1,0.075,12.0,56.0,0.9968,3.49,0.67,9.2,5
7.9,0.37,0.23,1.8,0.077,23.0,49.0,0.9963,3.28,0.67,9.3,5
7.3,0.32,0.23,2.3,0.066,35.0,70.0,0.99588,3.43,0.62,10.1,5
9.9,0.54,0.45,2.3,0.071,16.0,40.0,0.9991,3.39,0.62,9.4,5
9.7,0.69,0.32,2.5,0.088,22.0,91.0,0.9979,3.29,0.62,10.1,5
7.1,0.43,0.17,1.8,0.0819999999999999,27.0,51.0,0.99634,3.49,0.64,10.4,5
10.6,0.83,0.37,2.6,0.086,26.0,70.0,0.9981,3.16,0.52,9.9,5
8.8,0.59,0.18,2.9,0.089,12.0,74.0,0.99738,3.14,0.54,9.4,5
6.0,0.5,0.0,1.4,0.057,15.0,26.0,0.99448,3.36,0.45,9.5,5
7.4,0.53,0.26,2.0,0.1009999999999999,16.0,72.0,0.9957,3.15,0.57,9.4,5
9.9,0.74,0.19,5.8,0.111,33.0,76.0,0.99878,3.14,0.55,9.4,5
8.6,0.47,0.27,2.3,0.055,14.0,28.0,0.99516,3.18,0.8,11.2,5
8.6,0.47,0.3,3.0,0.076,30.0,135.0,0.9976,3.3,0.53,9.4,5
5.6,0.915,0.0,2.1,0.0409999999999999,17.0,78.0,0.99346,3.68,0.73,11.4,5
7.9,0.52,0.26,1.9,0.079,42.0,140.0,0.9964,3.23,0.54,9.5,5
9.9,0.5,0.5,13.8,0.205,48.0,82.0,1.00242,3.16,0.75,8.8,5
7.2,0.415,0.36,2.0,0.081,13.0,45.0,0.9972,3.48,0.64,9.2,5
9.0,0.58,0.25,2.8,0.075,9.0,104.0,0.99779,3.23,0.57,9.7,5
6.9,0.5,0.04,1.5,0.085,19.0,49.0,0.9958,3.35,0.78,9.5,5
9.8,0.98,0.32,2.3,0.078,35.0,152.0,0.998,3.25,0.48,9.4,5
9.2,0.59,0.24,3.3,0.1009999999999999,20.0,47.0,0.9988,3.26,0.67,9.6,5
7.5,0.58,0.14,2.2,0.077,27.0,60.0,0.9963,3.28,0.59,9.8,5
9.1,0.52,0.33,1.3,0.07,9.0,30.0,0.9978,3.24,0.6,9.3,5
6.3,0.39,0.16,1.4,0.08,11.0,23.0,0.9955,3.34,0.56,9.3,5
8.8,0.41,0.64,2.2,0.093,9.0,42.0,0.9986,3.54,0.66,10.5,5
7.7,0.69,0.49,1.8,0.115,20.0,112.0,0.9968,3.21,0.71,9.3,5
8.7,0.82,0.02,1.2,0.07,36.0,48.0,0.9952,3.2,0.58,9.8,5
8.2,0.7,0.23,2.0,0.099,14.0,81.0,0.9973,3.19,0.7,9.4,5
7.6,0.74,0.0,1.9,0.1,6.0,12.0,0.99521,3.36,0.59,11.0,5
8.2,0.885,0.2,1.4,0.086,7.0,31.0,0.9946,3.11,0.46,10.0,5
8.7,0.84,0.0,1.4,0.065,24.0,33.0,0.9954,3.27,0.55,9.7,5
7.9,0.5,0.33,2.0,0.084,15.0,143.0,0.9968,3.2,0.55,9.5,5
8.1,0.575,0.22,2.1,0.077,12.0,65.0,0.9967,3.29,0.51,9.2,5
8.5,0.46,0.31,2.25,0.078,32.0,58.0,0.998,3.33,0.54,9.8,5
9.2,0.46,0.23,2.6,0.091,18.0,77.0,0.99922,3.15,0.51,9.4,5
7.0,0.5,0.14,1.8,0.078,10.0,23.0,0.99636,3.53,0.61,10.4,5
8.5,0.655,0.49,6.1,0.122,34.0,151.0,1.001,3.31,1.14,9.3,5
7.7,0.49,0.26,1.9,0.062,9.0,31.0,0.9966,3.39,0.64,9.6,5
9.9,0.57,0.25,2.0,0.104,12.0,89.0,0.9963,3.04,0.9,10.1,5
7.5,0.59,0.22,1.8,0.0819999999999999,43.0,60.0,0.99499,3.1,0.42,9.2,5
7.7,0.835,0.0,2.6,0.081,6.0,14.0,0.9975,3.3,0.52,9.3,5
8.8,0.42,0.21,2.5,0.092,33.0,88.0,0.99823,3.19,0.52,9.2,5
7.6,0.42,0.25,3.9,0.104,28.0,90.0,0.99784,3.15,0.57,9.1,5
7.0,0.78,0.08,2.0,0.093,10.0,19.0,0.9956,3.4,0.47,10.0,5
6.0,0.5,0.0,1.4,0.057,15.0,26.0,0.99448,3.36,0.45,9.5,5
7.4,0.66,0.0,1.8,0.075,13.0,40.0,0.9978,3.51,0.56,9.4,5
10.6,1.025,0.43,2.8,0.08,21.0,84.0,0.9985,3.06,0.57,10.1,5
10.0,0.38,0.38,1.6,0.1689999999999999,27.0,90.0,0.99914,3.15,0.65,8.5,5
9.9,0.54,0.45,2.3,0.071,16.0,40.0,0.9991,3.39,0.62,9.4,5
7.1,0.755,0.15,1.8,0.107,20.0,84.0,0.99593,3.19,0.5,9.5,5
10.0,0.58,0.22,1.9,0.08,9.0,32.0,0.9974,3.13,0.55,9.5,5
8.7,0.78,0.51,1.7,0.415,12.0,66.0,0.99623,3.0,1.17,9.2,5
13.0,0.32,0.65,2.6,0.093,15.0,47.0,0.9996,3.05,0.61,10.6,5
7.6,0.55,0.21,2.2,0.071,7.0,28.0,0.9964,3.28,0.55,9.7,5
6.5,0.46,0.14,2.4,0.114,9.0,37.0,0.99732,3.66,0.65,9.8,5
8.8,0.6,0.29,2.2,0.098,5.0,15.0,0.9988,3.36,0.49,9.1,5
8.1,1.33,0.0,1.8,0.0819999999999999,3.0,12.0,0.9964,3.54,0.48,10.9,5
6.8,0.775,0.0,3.0,0.102,8.0,23.0,0.9965,3.45,0.56,10.7,5
6.6,0.705,0.07,1.6,0.076,6.0,15.0,0.9962,3.44,0.58,10.7,5
6.4,0.57,0.02,1.8,0.067,4.0,11.0,0.997,3.46,0.68,9.5,5
8.9,0.31,0.36,2.6,0.0559999999999999,10.0,39.0,0.99562,3.4,0.69,11.8,5
12.3,0.5,0.49,2.2,0.089,5.0,14.0,1.0002,3.19,0.44,9.6,5
7.9,0.18,0.4,2.2,0.049,38.0,67.0,0.996,3.33,0.93,11.3,5
8.8,0.4,0.4,2.2,0.079,19.0,52.0,0.998,3.44,0.64,9.2,5
11.5,0.42,0.48,2.6,0.077,8.0,20.0,0.99852,3.09,0.53,11.0,5
8.6,0.47,0.47,2.4,0.074,7.0,29.0,0.9979,3.08,0.46,9.5,5
8.4,0.56,0.04,2.0,0.0819999999999999,10.0,22.0,0.9976,3.22,0.44,9.6,5
6.7,0.64,0.23,2.1,0.08,11.0,119.0,0.99538,3.36,0.7,10.9,5
9.5,0.57,0.27,2.3,0.0819999999999999,23.0,144.0,0.99782,3.27,0.55,9.4,5
12.3,0.39,0.63,2.3,0.091,6.0,18.0,1.0004,3.16,0.49,9.5,5
8.0,0.6,0.22,2.1,0.08,25.0,105.0,0.99613,3.3,0.49,9.9,5
7.8,0.43,0.32,2.8,0.08,29.0,58.0,0.9974,3.31,0.64,10.3,5
8.0,0.745,0.56,2.0,0.118,30.0,134.0,0.9968,3.24,0.66,9.4,5
9.3,0.61,0.26,3.4,0.09,25.0,87.0,0.99975,3.24,0.62,9.7,5
7.1,0.63,0.06,2.0,0.083,8.0,29.0,0.99855,3.67,0.73,9.6,5
6.8,0.48,0.25,2.0,0.076,29.0,61.0,0.9953,3.34,0.6,10.4,5
7.8,0.61,0.29,1.6,0.114,9.0,29.0,0.9974,3.26,1.56,9.1,5
7.2,0.66,0.03,2.3,0.078,16.0,86.0,0.99743,3.53,0.57,9.7,5
8.2,0.28,0.6,3.0,0.104,10.0,22.0,0.99828,3.39,0.68,10.6,5
8.4,0.745,0.11,1.9,0.09,16.0,63.0,0.9965,3.19,0.82,9.6,5
8.6,0.55,0.09,3.3,0.068,8.0,17.0,0.99735,3.23,0.44,10.0,5
7.1,0.71,0.0,1.9,0.08,14.0,35.0,0.9972,3.47,0.55,9.4,5
7.0,0.58,0.12,1.9,0.091,34.0,124.0,0.9956,3.44,0.48,10.5,5
6.9,0.55,0.15,2.2,0.076,19.0,40.0,0.9961,3.41,0.59,10.1,5
8.2,0.28,0.6,3.0,0.104,10.0,22.0,0.99828,3.39,0.68,10.6,5
7.0,0.62,0.1,1.4,0.071,27.0,63.0,0.996,3.28,0.61,9.2,5
8.8,0.6,0.29,2.2,0.098,5.0,15.0,0.9988,3.36,0.49,9.1,5
8.3,0.65,0.1,2.9,0.089,17.0,40.0,0.99803,3.29,0.55,9.5,5
7.9,0.69,0.21,2.1,0.08,33.0,141.0,0.9962,3.25,0.51,9.9,5
7.1,0.62,0.06,1.3,0.07,5.0,12.0,0.9942,3.17,0.48,9.8,5
8.5,0.21,0.52,1.9,0.09,9.0,23.0,0.99648,3.36,0.67,10.4,5
8.2,0.73,0.21,1.7,0.074,5.0,13.0,0.9968,3.2,0.52,9.5,5
8.8,0.24,0.54,2.5,0.083,25.0,57.0,0.9983,3.39,0.54,9.2,5
8.2,0.56,0.23,3.4,0.078,14.0,104.0,0.9976,3.28,0.62,9.4,5
8.6,0.63,0.17,2.9,0.099,21.0,119.0,0.998,3.09,0.52,9.3,5
7.8,0.6,0.26,2.0,0.08,31.0,131.0,0.99622,3.21,0.52,9.9,5
10.0,0.69,0.11,1.4,0.084,8.0,24.0,0.99578,2.88,0.47,9.7,5
7.7,1.005,0.15,2.1,0.102,11.0,32.0,0.99604,3.23,0.48,10.0,5
8.9,0.875,0.13,3.45,0.088,4.0,14.0,0.9994,3.44,0.52,11.5,5
7.3,0.73,0.24,1.9,0.108,18.0,102.0,0.9967,3.26,0.59,9.3,5
12.3,0.39,0.63,2.3,0.091,6.0,18.0,1.0004,3.16,0.49,9.5,5
7.0,0.62,0.08,1.8,0.076,8.0,24.0,0.9978,3.48,0.53,9.0,5
7.6,0.685,0.23,2.3,0.111,20.0,84.0,0.9964,3.21,0.61,9.3,5
15.5,0.645,0.49,4.2,0.095,10.0,23.0,1.00315,2.92,0.74,11.1,5
7.6,0.46,0.11,2.6,0.079,12.0,49.0,0.9968,3.21,0.57,10.0,5
8.1,0.725,0.22,2.2,0.072,11.0,41.0,0.9967,3.36,0.55,9.1,5
6.2,0.63,0.31,1.7,0.088,15.0,64.0,0.9969,3.46,0.79,9.3,5
7.8,0.88,0.0,2.6,0.098,25.0,67.0,0.9968,3.2,0.68,9.8,5
7.8,0.53,0.01,1.6,0.077,3.0,19.0,0.995,3.16,0.46,9.8,5
11.2,0.4,0.5,2.0,0.099,19.0,50.0,0.99783,3.1,0.58,10.4,5
8.1,0.575,0.22,2.1,0.077,12.0,65.0,0.9967,3.29,0.51,9.2,5
7.8,0.87,0.26,3.8,0.107,31.0,67.0,0.99668,3.26,0.46,9.2,5
7.3,0.59,0.26,7.2,0.07,35.0,121.0,0.9981,3.37,0.49,9.4,5
8.9,0.595,0.41,7.9,0.086,30.0,109.0,0.9998,3.27,0.57,9.3,5
6.1,0.34,0.25,1.8,0.084,4.0,28.0,0.99464,3.36,0.44,10.1,5
8.9,0.48,0.24,2.85,0.094,35.0,106.0,0.9982,3.1,0.53,9.2,5
7.2,0.655,0.03,1.8,0.078,7.0,12.0,0.99587,3.34,0.39,9.5,5
7.8,0.82,0.29,4.3,0.083,21.0,64.0,0.99642,3.16,0.53,9.4,5
5.6,0.66,0.0,2.5,0.066,7.0,15.0,0.99256,3.52,0.58,12.9,5
7.2,0.73,0.02,2.5,0.076,16.0,42.0,0.9972,3.44,0.52,9.3,5
6.6,0.57,0.02,2.1,0.115,6.0,16.0,0.99654,3.38,0.69,9.5,5
7.1,0.69,0.04,2.1,0.068,19.0,27.0,0.99712,3.44,0.67,9.8,5
7.8,0.41,0.68,1.7,0.467,18.0,69.0,0.9973,3.08,1.31,9.3,5
7.7,0.39,0.12,1.7,0.0969999999999999,19.0,27.0,0.99596,3.16,0.49,9.4,5
7.1,0.31,0.3,2.2,0.053,36.0,127.0,0.9965,2.94,1.62,9.5,5
8.1,0.78,0.23,2.6,0.059,5.0,15.0,0.997,3.37,0.56,11.3,5
7.6,0.41,0.24,1.8,0.08,4.0,11.0,0.9962,3.28,0.59,9.5,5
9.3,0.43,0.44,1.9,0.085,9.0,22.0,0.99708,3.28,0.55,9.5,5
8.8,0.61,0.14,2.4,0.067,10.0,42.0,0.9969,3.19,0.59,9.5,5
7.8,0.815,0.01,2.6,0.074,48.0,90.0,0.99621,3.38,0.62,10.8,5
7.7,0.965,0.1,2.1,0.1119999999999999,11.0,22.0,0.9963,3.26,0.5,9.5,5
7.0,0.23,0.4,1.6,0.063,21.0,67.0,0.9952,3.5,0.63,11.1,5
7.2,0.54,0.27,2.6,0.084,12.0,78.0,0.9964,3.39,0.71,11.0,5
7.2,0.695,0.13,2.0,0.076,12.0,20.0,0.99546,3.29,0.54,10.1,5
7.4,0.36,0.29,2.6,0.087,26.0,72.0,0.99645,3.39,0.68,11.0,5
6.7,0.54,0.13,2.0,0.076,15.0,36.0,0.9973,3.61,0.64,9.8,5
6.2,0.64,0.09,2.5,0.081,15.0,26.0,0.99538,3.57,0.63,12.0,5
7.2,0.62,0.06,2.5,0.078,17.0,84.0,0.99746,3.51,0.53,9.7,5
8.1,0.78,0.23,2.6,0.059,5.0,15.0,0.997,3.37,0.56,11.3,5
7.8,0.56,0.19,1.8,0.104,12.0,47.0,0.9964,3.19,0.93,9.5,5
8.6,0.52,0.38,1.5,0.096,5.0,18.0,0.99666,3.2,0.52,9.4,5
7.2,0.49,0.24,2.2,0.07,5.0,36.0,0.996,3.33,0.48,9.4,5
6.8,0.59,0.1,1.7,0.063,34.0,53.0,0.9958,3.41,0.67,9.7,5
10.6,0.28,0.39,15.5,0.069,6.0,23.0,1.0026,3.12,0.66,9.2,5
8.0,0.52,0.25,2.0,0.078,19.0,59.0,0.99612,3.3,0.48,10.2,5
5.0,1.04,0.24,1.6,0.05,32.0,96.0,0.9934,3.74,0.62,11.5,5
6.2,0.46,0.29,2.1,0.074,32.0,98.0,0.99578,3.33,0.62,9.8,5
6.8,0.915,0.29,4.8,0.07,15.0,39.0,0.99577,3.53,0.54,11.1,5
9.3,0.715,0.24,2.1,0.07,5.0,20.0,0.9966,3.12,0.59,9.9,5
8.3,0.615,0.22,2.6,0.087,6.0,19.0,0.9982,3.26,0.61,9.3,5
7.3,0.695,0.0,2.5,0.075,3.0,13.0,0.998,3.49,0.52,9.2,5
6.1,0.6,0.08,1.8,0.071,14.0,45.0,0.99336,3.38,0.54,11.0,5
7.6,0.9,0.06,2.5,0.079,5.0,10.0,0.9967,3.39,0.56,9.8,5
7.1,0.36,0.3,1.6,0.08,35.0,70.0,0.99693,3.44,0.5,9.4,5
8.2,0.73,0.21,1.7,0.074,5.0,13.0,0.9968,3.2,0.52,9.5,5
6.4,0.64,0.21,1.8,0.081,14.0,31.0,0.99689,3.59,0.66,9.8,5
7.8,0.64,0.0,1.9,0.072,27.0,55.0,0.9962,3.31,0.63,11.0,5
7.8,0.55,0.35,2.2,0.074,21.0,66.0,0.9974,3.25,0.56,9.2,5
11.1,0.39,0.54,2.7,0.095,21.0,101.0,1.0001,3.13,0.51,9.5,5
8.0,0.64,0.22,2.4,0.094,5.0,33.0,0.99612,3.37,0.58,11.0,5
15.6,0.645,0.49,4.2,0.095,10.0,23.0,1.00315,2.92,0.74,11.1,5
9.0,0.58,0.25,2.0,0.104,8.0,21.0,0.99769,3.27,0.72,9.6,5
7.1,0.59,0.01,2.5,0.077,20.0,85.0,0.99746,3.55,0.59,9.8,5
7.5,0.61,0.26,1.9,0.073,24.0,88.0,0.99612,3.3,0.53,9.8,5
6.6,0.7,0.08,2.6,0.106,14.0,27.0,0.99665,3.44,0.58,10.2,5
9.5,0.86,0.26,1.9,0.079,13.0,28.0,0.99712,3.25,0.62,10.0,5
8.9,0.565,0.34,3.0,0.093,16.0,112.0,0.9998,3.38,0.61,9.5,5
7.1,0.46,0.14,2.8,0.076,15.0,37.0,0.99624,3.36,0.49,10.7,5
8.7,0.765,0.22,2.3,0.064,9.0,42.0,0.9963,3.1,0.55,9.4,5
8.3,0.705,0.12,2.6,0.092,12.0,28.0,0.9994,3.51,0.72,10.0,5
7.7,0.69,0.05,2.7,0.075,15.0,27.0,0.9974,3.26,0.61,9.1,5
8.0,0.62,0.35,2.8,0.086,28.0,52.0,0.997,3.31,0.62,10.8,5
7.3,0.58,0.3,2.4,0.074,15.0,55.0,0.9968,3.46,0.59,10.2,5
9.0,0.785,0.24,1.7,0.078,10.0,21.0,0.99692,3.29,0.67,10.0,5
7.0,0.805,0.0,2.5,0.068,7.0,20.0,0.9969,3.48,0.56,9.6,5
7.6,0.41,0.33,2.5,0.078,6.0,23.0,0.9957,3.3,0.58,11.2,5
9.6,0.41,0.37,2.3,0.091,10.0,23.0,0.99786,3.24,0.56,10.5,5
6.8,0.69,0.0,5.6,0.124,21.0,58.0,0.9997,3.46,0.72,10.2,5
6.8,0.67,0.0,1.9,0.08,22.0,39.0,0.99701,3.4,0.74,9.7,5
12.5,0.56,0.49,2.4,0.064,5.0,27.0,0.9999,3.08,0.87,10.9,5
5.9,0.645,0.12,2.0,0.075,32.0,44.0,0.99547,3.57,0.71,10.2,5
8.1,0.66,0.22,2.2,0.069,9.0,23.0,0.9968,3.3,1.2,10.3,5
9.1,0.47,0.49,2.6,0.094,38.0,106.0,0.9982,3.08,0.59,9.1,5
7.5,0.6,0.03,1.8,0.095,25.0,99.0,0.995,3.35,0.54,10.1,5
7.5,0.49,0.19,1.9,0.076,10.0,44.0,0.9957,3.39,0.54,9.7,5
7.3,0.835,0.03,2.1,0.092,10.0,19.0,0.9966,3.39,0.47,9.6,5
8.7,0.78,0.51,1.7,0.415,12.0,66.0,0.99623,3.0,1.17,9.2,5
8.2,0.57,0.26,2.2,0.06,28.0,65.0,0.9959,3.3,0.43,10.1,5
9.2,0.52,1.0,3.4,0.61,32.0,69.0,0.9996,2.74,2.0,9.4,4
8.3,0.845,0.01,2.2,0.07,5.0,14.0,0.9967,3.32,0.58,11.0,4
5.0,1.02,0.04,1.4,0.045,41.0,85.0,0.9938,3.75,0.48,10.5,4
8.4,0.67,0.19,2.2,0.093,11.0,75.0,0.99736,3.2,0.59,9.2,4
8.8,0.61,0.3,2.8,0.088,17.0,46.0,0.9976,3.26,0.51,9.3,4
6.4,0.53,0.09,3.9,0.123,14.0,31.0,0.9968,3.5,0.67,11.0,4
6.5,0.88,0.03,5.6,0.079,23.0,47.0,0.99572,3.58,0.5,11.2,4
5.6,0.62,0.03,1.5,0.08,6.0,13.0,0.99498,3.66,0.62,10.1,4
8.3,0.625,0.2,1.5,0.08,27.0,119.0,0.9972,3.16,1.12,9.1,4
7.0,0.975,0.04,2.0,0.087,12.0,67.0,0.99565,3.35,0.6,9.4,4
12.5,0.46,0.49,4.5,0.07,26.0,49.0,0.9981,3.05,0.57,9.6,4
7.3,0.55,0.03,1.6,0.072,17.0,42.0,0.9956,3.37,0.48,9.0,4
9.9,0.5,0.24,2.3,0.103,6.0,14.0,0.9978,3.34,0.52,10.0,4
7.3,0.35,0.24,2.0,0.067,28.0,48.0,0.99576,3.43,0.54,10.0,4
8.1,0.87,0.0,3.3,0.096,26.0,61.0,1.00025,3.6,0.72,9.8,4
11.6,0.47,0.44,1.6,0.147,36.0,51.0,0.99836,3.38,0.86,9.9,4
10.1,0.935,0.22,3.4,0.105,11.0,86.0,1.001,3.43,0.64,11.3,4
6.5,0.67,0.0,4.3,0.057,11.0,20.0,0.99488,3.45,0.56,11.8,4
6.9,1.09,0.06,2.1,0.061,12.0,31.0,0.9948,3.51,0.43,11.4,4
8.8,0.955,0.05,1.8,0.075,5.0,19.0,0.99616,3.3,0.44,9.6,4
6.7,1.04,0.08,2.3,0.067,19.0,32.0,0.99648,3.52,0.57,11.0,4
7.5,0.38,0.48,2.6,0.073,22.0,84.0,0.9972,3.32,0.7,9.6,4
6.9,0.39,0.24,2.1,0.102,4.0,7.0,0.99462,3.44,0.58,11.4,4
6.3,1.02,0.0,2.0,0.083,17.0,24.0,0.99437,3.59,0.55,11.2,4
7.5,0.685,0.07,2.5,0.0579999999999999,5.0,9.0,0.99632,3.38,0.55,10.9,4
8.1,0.73,0.0,2.5,0.081,12.0,24.0,0.99798,3.38,0.46,9.6,4
8.3,0.675,0.26,2.1,0.084,11.0,43.0,0.9976,3.31,0.53,9.2,4
9.1,0.765,0.04,1.6,0.078,4.0,14.0,0.998,3.29,0.54,9.7,4
4.6,0.52,0.15,2.1,0.054,8.0,65.0,0.9934,3.9,0.56,13.1,4
6.5,1.09,0.02,3.3,0.2328955793658883,4.0,9.0,0.9934,2.86,0.71,9.0,4
4.6,0.509,0.52,3.6,0.045,19.0,7.0,0.99379,3.86,0.43,9.8,4
4.6,1.09,0.31,2.4,0.08163323345305629,4.0,40.0,0.9934,3.17,0.74,9.6,4
7.6,0.942,0.3,1.4,0.12420312326519456,13.0,68.0,0.9934,3.32,0.78,9.0,4
6.1,1.09,0.62,3.1,0.045,16.0,105.0,0.9934,3.28,0.55,9.2,4
7.2,0.769,0.4,2.3,0.0542379244790563,4.0,71.0,0.9934,3.33,0.64,10.0,4
7.0,0.83,0.41,2.9,0.10780879989248493,4.0,7.0,0.99555,3.62,0.47,9.0,4
4.9,0.951,0.13,2.6,0.045,38.0,68.0,0.99459,3.11,0.67,9.2,4
4.6,1.09,0.26,1.7,0.05657210963093136,13.0,7.0,0.9934,2.87,0.81,9.7,4
5.4,0.391,0.49,2.8,0.04857382780007323,4.0,7.0,0.99428,3.45,0.56,9.3,4
5.2,0.67,0.23,4.6,0.045,8.0,31.0,0.9934,3.29,0.43,10.2,4
8.4,1.09,0.14,3.3,0.06840283485120562,15.0,19.0,0.99473,3.19,0.43,9.3,4
6.2,1.09,0.16,2.2,0.06597874739816209,9.0,34.0,0.99353,2.74,0.64,9.4,4
9.2,1.072,0.0,2.7,0.045,7.0,103.0,0.9934,2.74,0.74,11.7,4
4.7,1.058,0.3,2.1,0.0790330776492657,4.0,108.0,0.9934,2.77,0.52,11.1,4
5.8,1.09,0.18,2.9,0.045,14.0,7.0,0.99394,3.0,0.57,10.3,4
8.2,1.09,0.16,2.2,0.045,4.0,65.0,0.9934,3.64,0.69,9.0,4
4.6,0.79,0.04,5.6,0.2684482460916592,4.0,49.0,0.9934,3.09,0.56,10.1,4
6.6,0.79,0.3,2.3,0.045,26.0,78.0,0.9934,3.33,0.72,11.5,4
4.6,0.417,0.29,2.7,0.09345833499731454,27.0,61.0,0.99575,2.74,0.84,10.6,4
5.3,0.98,0.09,2.5,0.06618855260469698,31.0,72.0,0.9934,3.24,0.43,9.0,4
6.9,0.602,0.19,2.5,0.0612034441985137,6.0,58.0,0.99706,3.73,1.04,9.8,4
4.6,0.768,0.25,2.8,0.06796000817170848,4.0,81.0,0.99768,3.3,0.71,10.7,4
4.6,1.072,0.12,3.3,0.045,33.0,70.0,0.9934,3.13,0.49,10.0,4
4.6,0.908,0.16,2.1,0.056398183728770375,25.0,7.0,0.9934,3.24,0.75,9.8,4
4.6,0.914,0.49,3.1,0.045,4.0,114.0,0.9934,3.35,0.76,9.0,4
8.0,0.542,0.0,2.6,0.045,13.0,34.0,0.99383,3.41,0.58,12.6,4
4.6,0.753,0.11,2.4,0.07767320844588754,6.0,119.0,0.9934,3.5,0.43,9.0,4
4.6,1.09,0.0,2.3,0.07734398325708033,11.0,48.0,0.9938,3.31,0.43,12.9,4
7.6,0.607,0.0,2.9,0.046826751696067294,5.0,51.0,0.99788,3.68,0.43,9.2,4
5.3,0.39,0.17,2.7,0.045,8.0,111.0,0.99422,3.34,0.48,9.7,4
6.1,0.935,0.58,2.0,0.06640495232468668,4.0,44.0,0.9934,2.78,0.45,10.2,4
10.1,1.073,0.19,2.3,0.08407803911693543,25.0,54.0,0.9934,3.48,0.48,9.2,4
4.6,1.09,0.1,2.3,0.1262420906307382,18.0,105.0,0.9934,3.16,0.69,10.8,4
8.1,0.677,0.16,1.9,0.05001175619064522,30.0,90.0,0.9934,3.5,1.66,9.0,4
8.5,1.003,0.23,2.9,0.045,4.0,52.0,0.99584,3.28,0.72,9.2,4
7.3,0.859,0.29,1.6,0.08505418431957668,4.0,94.0,0.9934,2.96,0.85,10.3,4
6.8,0.404,0.18,2.4,0.050769578343224986,4.0,79.0,0.9934,3.12,0.54,9.2,4
6.1,0.841,0.28,2.5,0.045,16.0,47.0,0.9934,3.24,0.59,9.5,4
7.5,0.59,0.8,3.5,0.08361757027423962,6.0,49.0,0.9934,3.17,0.49,11.2,4
5.6,1.086,0.14,2.2,0.045,36.0,67.0,0.9991,3.19,0.48,9.9,4
4.6,1.09,0.22,1.6,0.045,4.0,61.0,0.9934,3.64,0.57,9.3,4
5.9,0.685,0.06,2.5,0.08712709030764026,14.0,20.0,0.9934,3.07,0.51,10.9,4
5.0,0.925,0.07,3.1,0.045,11.0,113.0,0.9934,3.09,0.43,10.0,4
6.4,1.03,1.0,1.4,0.05262334741992605,4.0,7.0,1.00027,3.52,0.74,10.0,4
4.6,0.615,0.37,2.4,0.045,32.0,7.0,0.9934,3.34,0.57,9.0,4
4.6,0.928,0.28,5.6,0.045,5.0,37.0,0.99636,3.48,0.55,9.6,4
4.6,1.09,0.96,2.8,0.08928100507680885,11.0,94.0,0.99656,3.22,0.52,10.3,4
5.9,1.025,0.25,1.9,0.05528277604924448,5.0,69.0,0.9934,2.74,0.74,9.0,4
4.6,0.925,0.63,4.2,0.0584459398765116,23.0,96.0,0.9934,3.43,0.43,10.0,4
5.5,0.758,0.08,1.5,0.049293557982466076,14.0,7.0,0.9934,3.57,1.65,9.0,4
4.6,1.09,0.23,1.4,0.045,9.0,105.0,0.9934,3.2,0.67,9.8,4
5.1,0.996,0.12,2.2,0.08237202644968071,4.0,53.0,0.9934,3.28,0.56,9.0,4
6.8,1.09,0.0,2.4,0.045,7.0,61.0,0.9934,3.16,0.44,11.0,4
4.6,0.773,0.19,2.2,0.045,17.0,37.0,0.9934,3.47,0.58,10.5,4
4.6,1.09,0.31,2.9,0.045,9.0,103.0,0.99879,3.19,1.59,10.5,4
9.1,0.926,0.21,2.7,0.08392085371247315,4.0,119.0,0.9934,3.53,0.51,12.4,4
5.6,0.505,0.18,2.4,0.08687580597941595,37.0,119.0,0.99561,3.51,0.65,9.0,4
9.2,1.078,0.05,2.0,0.045,22.0,18.0,0.9934,3.58,0.54,9.7,4
5.4,1.09,0.28,2.3,0.04863076840496363,9.0,84.0,0.9934,3.68,0.69,10.8,4
5.9,0.831,0.14,2.4,0.045,4.0,28.0,0.99515,3.74,0.81,12.4,4
7.3,1.036,1.0,2.3,0.045,37.0,87.0,0.9934,2.99,0.71,9.0,4
5.4,0.75,0.63,2.9,0.045,27.0,21.0,0.99379,3.48,0.61,9.0,4
4.9,1.09,0.25,2.6,0.045,10.0,109.0,0.9934,3.48,0.55,9.8,4
4.6,0.996,0.0,3.1,0.24407188891522252,4.0,79.0,0.9934,3.58,0.55,11.7,4
6.5,0.839,0.19,2.4,0.0534983957041506,4.0,7.0,0.9934,3.2,0.83,11.7,4
10.7,0.763,0.21,1.9,0.061679960856084175,4.0,65.0,0.9934,3.22,0.77,9.0,4
4.6,0.942,0.43,1.4,0.045,4.0,34.0,0.9947,3.21,2.0,9.3,4
6.2,0.494,1.0,2.4,0.045,38.0,75.0,0.9934,3.49,0.76,9.0,4
9.1,0.88,0.26,3.4,0.049120438206474305,4.0,19.0,0.99526,3.39,0.53,10.2,4
8.0,0.986,0.69,3.7,0.045,7.0,27.0,0.99676,3.42,0.73,9.5,4
6.9,0.948,0.91,2.3,0.05776136315044817,4.0,79.0,0.9934,2.79,0.82,9.9,4
5.0,0.769,0.2,5.0,0.05403691641702366,41.0,13.0,0.9934,3.42,0.62,9.0,4
4.6,1.09,0.17,2.2,0.045,15.0,7.0,0.9934,3.5,0.61,9.6,4
4.6,1.09,0.58,2.4,0.045,6.0,49.0,0.99673,3.9,0.59,9.0,4
4.8,1.002,0.24,2.5,0.045,4.0,40.0,0.99554,3.29,0.58,10.0,4
5.8,1.012,0.74,2.1,0.045,4.0,110.0,0.9934,3.34,0.51,9.1,4
7.2,1.031,0.14,1.9,0.10117103827042274,5.0,89.0,0.9934,3.34,0.62,9.8,4
6.7,0.74,0.25,2.9,0.045,4.0,94.0,0.99688,3.32,0.75,10.5,4
7.1,0.984,0.0,2.0,0.08307086976400582,29.0,37.0,0.9934,3.88,0.55,9.9,4
5.4,1.023,0.1,3.0,0.045,5.0,119.0,0.9934,3.52,0.43,10.2,4
4.6,0.876,0.52,5.2,0.07577503929447933,4.0,85.0,0.9934,3.06,0.61,9.0,4
4.9,0.7,0.41,1.9,0.10255959394182157,4.0,113.0,0.9934,3.34,0.76,9.6,4
8.0,1.018,0.0,2.6,0.045,4.0,22.0,0.9934,3.24,0.43,10.2,4
4.9,0.975,0.32,2.2,0.045,8.0,99.0,0.9934,3.72,2.0,9.0,4
5.6,0.959,0.5,2.8,0.05274863815818487,4.0,83.0,0.9934,3.38,0.54,9.2,4
5.3,1.09,1.0,2.7,0.07459970817599085,28.0,83.0,0.9934,3.34,0.67,10.0,4
4.6,0.888,0.19,2.2,0.045,4.0,7.0,0.9934,3.39,2.0,9.0,4
5.5,0.957,0.44,2.8,0.11172557127078321,5.0,18.0,0.9938,3.02,0.87,9.4,4
5.6,0.662,0.1,3.2,0.045,11.0,28.0,0.99608,3.58,0.43,9.8,4
4.6,0.47,0.26,2.3,0.05315638413340313,15.0,68.0,0.99507,3.5,0.55,9.4,4
4.8,0.948,0.41,1.4,0.045,4.0,100.0,0.9934,3.48,0.52,10.0,4
4.9,0.779,0.77,5.6,0.09448337459530241,4.0,119.0,0.9934,3.17,0.54,11.1,4
10.1,0.926,0.29,2.9,0.1005544805304632,37.0,40.0,0.99365,3.24,0.55,12.0,4
4.6,0.974,0.07,2.2,0.045,33.0,62.0,0.9934,3.41,0.43,9.9,4
5.6,0.905,0.37,2.2,0.052665199082288075,8.0,91.0,0.9934,3.36,0.43,9.0,4
4.6,1.042,0.37,1.9,0.045,4.0,86.0,0.99353,3.43,0.48,11.7,4
6.3,1.0,0.08,2.9,0.045,26.0,80.0,0.99701,3.46,0.43,10.7,4
4.6,0.841,0.0,3.2,0.049573273728418916,7.0,7.0,0.99591,3.86,0.66,9.8,4
9.4,0.676,0.2,1.6,0.055237529291190524,5.0,7.0,0.9934,3.14,0.59,10.1,4
11.0,0.493,0.15,3.2,0.045,9.0,16.0,0.99614,3.49,0.52,11.8,4
5.8,1.09,0.11,3.6,0.045,13.0,7.0,0.9934,3.04,0.84,9.0,4
4.7,0.704,0.07,5.6,0.08952537168850323,4.0,75.0,0.9934,3.42,0.76,9.8,4
5.1,0.35,0.03,1.8,0.07086050950091574,40.0,29.0,0.9934,3.47,0.84,9.7,4
4.6,0.853,0.26,1.8,0.045,10.0,76.0,0.99648,3.12,1.04,10.2,4
4.6,0.897,0.14,2.3,0.07655466866515127,6.0,13.0,0.9934,3.16,0.79,9.6,4
7.7,0.76,0.31,2.4,0.05742085679453949,40.0,83.0,0.9934,3.43,0.43,9.5,4
4.6,0.84,0.76,3.7,0.045,14.0,63.0,0.99393,3.64,0.6,9.0,4
6.4,1.09,0.02,4.9,0.045,41.0,80.0,0.9934,3.37,0.53,9.0,4
4.6,0.865,0.14,1.9,0.05379979992346944,4.0,69.0,0.99528,3.39,0.59,10.1,4
5.5,0.932,0.63,3.1,0.045,4.0,119.0,0.99721,3.62,1.11,10.1,4
5.1,1.09,0.19,2.7,0.09340100303656604,4.0,89.0,0.9934,2.78,0.49,9.0,4
4.6,0.735,0.37,1.5,0.045,17.0,83.0,0.9934,3.0,0.82,10.8,4
5.1,1.067,0.16,2.0,0.10676408546409318,16.0,90.0,0.99382,3.19,0.43,10.7,4
6.0,0.883,0.28,2.8,0.045,9.0,7.0,0.9966,3.26,0.83,9.5,4
5.2,0.555,0.33,2.9,0.045,13.0,40.0,0.9934,3.5,0.43,10.7,4
5.8,0.805,0.06,2.4,0.045,9.0,61.0,0.99447,3.27,0.81,9.4,4
4.6,1.09,0.06,1.4,0.0552349921679567,14.0,56.0,0.9934,3.26,0.6,9.8,4
5.5,0.85,0.27,2.5,0.067478128693219,24.0,85.0,0.9934,3.24,0.63,9.0,4
4.8,1.09,0.06,5.6,0.046376742633097746,4.0,94.0,0.9934,3.15,0.57,9.3,4
4.6,1.09,0.43,2.6,0.045,34.0,85.0,0.9934,3.16,0.67,9.0,4
5.0,0.66,0.31,2.7,0.045,4.0,27.0,0.9934,2.82,0.43,9.0,4
4.6,1.09,0.33,2.6,0.045,7.0,59.0,0.99507,3.46,2.0,9.4,4
4.7,0.974,0.0,1.7,0.0690058966676745,19.0,56.0,0.99554,3.74,0.63,10.4,4
4.6,0.766,0.21,2.8,0.045,16.0,83.0,0.9939,3.08,0.62,9.1,4
5.6,1.016,0.2,2.1,0.05365574417355373,10.0,81.0,0.99473,3.33,0.51,9.2,4
4.8,0.747,0.2,1.8,0.08564737589879783,4.0,7.0,0.9934,3.09,0.59,9.0,4
10.0,0.928,0.25,3.1,0.045,4.0,119.0,0.9934,3.49,1.97,9.6,4
7.5,0.759,0.37,1.4,0.045,4.0,7.0,1.00078,3.29,0.44,11.5,4
4.6,1.072,1.0,1.7,0.05109306573668977,8.0,51.0,0.99436,3.35,0.45,9.8,4
5.0,0.808,0.32,1.4,0.0852751826799565,7.0,31.0,0.9934,3.33,0.43,10.8,4
5.1,0.488,0.65,2.7,0.045,8.0,7.0,0.99791,3.43,0.58,11.3,4
4.6,0.625,0.3,1.4,0.045,16.0,86.0,0.99489,3.28,0.65,9.3,4
5.1,0.975,0.26,2.4,0.06078091777486842,4.0,81.0,0.9934,3.27,0.46,9.0,4
10.1,0.89,0.04,2.6,0.08929543506973003,21.0,65.0,0.99507,3.32,0.43,9.6,4
5.8,0.737,0.31,2.5,0.045,5.0,35.0,0.99343,3.24,0.48,9.0,4
6.3,0.997,0.26,1.5,0.045,18.0,19.0,0.99443,3.33,0.54,11.0,4
5.2,0.928,0.76,2.4,0.0665256621924528,4.0,63.0,1.00028,3.26,0.47,9.0,4
4.7,0.514,1.0,2.4,0.045,8.0,8.0,0.9934,3.54,0.71,9.2,4
5.1,0.806,0.18,1.7,0.048183264688470194,27.0,71.0,0.9934,3.28,2.0,9.8,4
5.4,1.011,1.0,2.4,0.0476832256291812,36.0,83.0,0.99383,3.3,0.52,9.0,4
8.4,0.959,0.22,2.3,0.06773152157656331,7.0,61.0,0.9934,3.24,0.56,9.5,4
4.6,0.557,0.02,3.4,0.045,4.0,43.0,0.9934,3.12,0.53,9.4,4
5.2,0.698,0.7,2.7,0.08043947157990748,5.0,119.0,0.99424,3.24,0.71,9.6,4
5.5,0.733,0.27,2.0,0.05938384091502112,4.0,115.0,0.99671,3.49,0.43,11.5,4
10.1,1.09,0.14,3.0,0.045,13.0,74.0,0.9934,3.26,0.43,9.8,4
5.6,0.439,0.14,2.9,0.05273073279144702,16.0,58.0,0.99627,3.36,0.6,9.1,4
4.8,0.723,0.36,2.3,0.045,4.0,42.0,0.99426,3.32,0.7,9.0,4
7.3,1.09,0.27,3.4,0.045,4.0,30.0,0.99792,2.74,0.51,9.6,4
4.6,0.485,0.09,1.8,0.3946190851741727,4.0,20.0,0.9934,3.33,0.73,9.0,4
4.6,1.014,0.35,2.3,0.11148917895281255,4.0,112.0,0.99468,3.12,0.64,9.6,4
6.9,0.465,0.11,5.6,0.045,23.0,7.0,0.99489,3.6,0.44,9.5,4
7.6,1.09,0.05,2.2,0.11478451235015173,4.0,14.0,0.9963,3.52,0.64,9.9,4
7.1,0.715,0.64,2.8,0.06378610930480477,15.0,61.0,0.99598,3.38,0.8,9.3,4
6.0,1.06,0.08,1.4,0.045,4.0,119.0,0.99388,3.72,0.43,9.4,4
4.6,0.799,0.3,2.5,0.045,4.0,33.0,0.99645,3.53,0.75,10.2,4
4.6,1.09,0.1,2.7,0.045,8.0,70.0,0.99546,3.47,0.57,11.6,4
4.6,0.681,0.05,3.4,0.045,7.0,10.0,0.99661,3.03,0.56,9.0,4
4.6,0.923,0.12,3.8,0.07809149176120778,22.0,55.0,0.9934,3.33,0.6,9.9,4
4.6,0.73,0.17,3.0,0.045,4.0,29.0,0.9934,3.34,0.64,10.0,4
8.2,0.679,0.34,2.3,0.0751371313363773,18.0,67.0,0.99855,3.46,0.56,11.8,4
4.6,0.65,0.48,2.6,0.09241535156598737,5.0,63.0,0.9934,3.3,0.53,9.7,4
11.4,0.86,0.28,2.3,0.05790475493337388,7.0,34.0,0.9934,3.48,0.68,10.0,4
4.6,0.91,0.23,1.6,0.045,41.0,7.0,0.9984,2.74,0.73,9.5,4
5.7,0.506,0.19,3.1,0.045,4.0,78.0,0.99718,3.59,0.75,10.1,4
6.8,1.09,0.5,1.4,0.045,7.0,7.0,0.9934,3.54,0.43,9.1,4
4.6,0.566,0.21,5.4,0.06769839681534438,4.0,68.0,0.9934,3.29,1.59,9.5,4
6.6,1.05,1.0,2.5,0.045,4.0,98.0,0.9934,3.19,0.47,9.0,4
5.2,0.569,0.34,2.4,0.04673251855731546,41.0,103.0,0.9934,3.18,0.83,9.1,4
5.6,0.694,0.13,2.8,0.045,19.0,7.0,0.9934,3.01,0.64,10.2,4
8.2,1.09,0.22,2.6,0.045,15.0,100.0,0.9934,3.2,0.72,9.0,4
8.3,0.804,0.29,2.1,0.045,4.0,31.0,0.9934,3.02,0.61,10.5,4
10.0,1.09,0.4,1.4,0.08102814375157516,14.0,62.0,0.9934,3.49,0.59,9.0,4
5.7,1.09,0.03,1.8,0.058822661701441514,4.0,7.0,0.9934,3.4,0.74,9.0,4
5.7,0.51,0.67,2.3,0.06389340269097449,5.0,119.0,0.9934,2.74,0.44,9.0,4
4.6,0.859,0.18,2.5,0.045,9.0,87.0,0.99422,3.65,0.56,9.0,4
4.8,1.09,0.0,2.2,0.045,19.0,7.0,0.99414,3.64,0.83,10.6,4
5.4,0.992,0.43,2.2,0.045,4.0,8.0,0.9934,3.31,0.75,9.0,4
6.1,0.885,0.18,3.5,0.045,9.0,111.0,0.9934,3.18,0.66,9.0,4
6.0,0.882,0.16,1.8,0.06377663314116414,4.0,63.0,0.9934,3.47,0.45,10.6,4
4.6,0.68,0.23,5.6,0.045,26.0,76.0,0.9968,3.47,0.59,9.6,4
5.9,0.642,0.34,3.0,0.06728361479698526,12.0,49.0,0.9934,3.09,0.43,10.1,4
10.8,0.766,1.0,1.4,0.045,13.0,107.0,0.9934,3.32,0.73,9.4,4
4.6,0.684,0.07,3.0,0.045,21.0,17.0,0.99638,3.34,0.53,9.9,4
7.6,0.797,0.17,3.5,0.09397628611318509,4.0,57.0,0.99569,3.26,0.9,10.2,4
4.6,1.044,0.11,1.7,0.045,28.0,71.0,1.00006,3.9,0.61,10.1,4
6.2,0.688,0.07,2.7,0.06677979430352905,4.0,86.0,0.9934,3.23,0.53,9.3,4
4.6,0.746,0.13,5.6,0.045,34.0,100.0,0.99533,3.62,0.55,9.1,4
4.6,0.35,0.45,2.1,0.045256504886400276,4.0,44.0,0.9934,3.5,0.57,10.2,4
6.7,0.397,0.29,5.2,0.045,33.0,7.0,0.99502,3.28,0.67,9.7,4
4.6,0.755,0.07,5.6,0.10332897447190229,4.0,56.0,0.9934,3.3,0.43,11.9,4
6.7,0.856,0.47,2.9,0.0930523074757039,7.0,119.0,0.99507,3.18,0.64,10.0,4
6.1,0.893,1.0,2.3,0.045,4.0,18.0,0.99441,3.31,0.52,9.0,4
4.6,0.763,0.24,2.6,0.045,6.0,96.0,0.9969,3.34,2.0,9.0,4
4.6,0.749,0.13,1.8,0.138683631196362,4.0,70.0,0.99388,3.19,0.67,10.2,4
5.1,0.65,0.18,3.1,0.045,13.0,59.0,0.99827,3.47,1.7,9.0,4
4.6,0.35,0.23,2.7,0.06282926095639677,15.0,10.0,0.99377,3.48,0.43,10.8,4
5.4,1.09,0.41,2.8,0.045,16.0,81.0,0.9934,2.83,0.68,10.6,4
4.6,0.994,0.28,1.6,0.045,23.0,61.0,0.99743,3.54,0.43,9.3,4
4.7,0.771,0.25,2.9,0.10139657464448389,13.0,7.0,0.9934,3.16,0.43,10.3,4
6.6,0.495,0.71,3.6,0.09318079261434281,16.0,119.0,0.9934,2.74,0.76,9.0,4
4.6,1.09,0.09,3.2,0.045,17.0,116.0,0.9934,3.7,0.65,9.2,4
4.6,1.09,0.25,2.8,0.08836433802040705,23.0,63.0,0.9934,3.13,0.67,9.2,4
5.3,0.969,1.0,5.6,0.045,6.0,9.0,0.99489,3.38,0.67,9.4,4
9.3,0.933,0.42,2.4,0.04945745915380073,15.0,7.0,0.9934,3.38,0.6,9.1,4
8.6,1.008,0.72,2.3,0.0909101960995628,24.0,16.0,0.9968,3.23,0.53,9.3,4
4.6,1.009,0.71,2.2,0.05771102876623911,21.0,71.0,0.99725,3.44,0.86,10.9,4
4.6,0.867,0.11,2.1,0.09220563165496003,4.0,57.0,0.9934,3.6,0.7,10.8,4
4.6,0.414,0.2,2.7,0.09868467589834626,4.0,19.0,0.9934,3.54,0.51,12.5,4
7.8,1.09,0.05,1.4,0.045,4.0,29.0,0.99489,3.58,0.5,9.4,4
6.4,0.832,0.1,4.2,0.06353559639918534,4.0,106.0,0.9934,3.53,0.63,9.5,4
6.4,1.09,0.66,2.3,0.045,17.0,18.0,0.99531,3.31,0.66,10.2,4
4.6,0.402,0.12,3.1,0.07176614960427773,4.0,40.0,0.99379,3.27,0.67,11.9,4
4.8,0.811,1.0,4.7,0.10516096141742516,9.0,7.0,0.9934,3.14,0.54,11.3,4
4.6,0.702,0.07,3.2,0.21017413613765745,4.0,64.0,0.99353,3.24,0.55,11.8,4
4.6,0.906,0.06,2.9,0.057025104036664505,13.0,92.0,0.99347,3.45,0.72,9.0,4
4.9,0.731,0.4,3.1,0.04502043368092855,4.0,78.0,0.9934,3.27,0.63,9.0,4
4.6,0.658,0.24,1.6,0.045,39.0,101.0,0.99493,3.36,0.62,10.6,4
4.6,0.766,0.29,2.3,0.045,7.0,37.0,0.99529,3.58,0.49,9.0,4
9.1,0.913,0.23,2.1,0.045,13.0,30.0,0.9934,3.57,0.53,9.2,4
7.5,0.836,0.28,2.7,0.05182001426046508,4.0,17.0,0.99506,3.86,0.6,10.7,4
7.4,0.834,0.31,2.0,0.045,35.0,102.0,0.99837,3.22,0.7,10.6,4
4.6,0.55,0.16,2.7,0.045,37.0,7.0,0.9994,3.19,0.84,10.5,4
4.6,0.626,0.53,2.4,0.07606716428243229,8.0,75.0,0.9934,3.25,0.43,9.3,4
4.9,1.09,0.26,1.7,0.08593025259591212,6.0,7.0,0.99652,3.14,0.49,12.0,4
4.8,1.065,0.4,1.8,0.0691904794908941,10.0,7.0,0.9934,3.05,0.58,10.4,4
6.7,0.897,0.22,4.3,0.045,14.0,87.0,0.99653,3.04,0.8,9.0,4
8.8,1.08,0.36,2.4,0.045,4.0,7.0,0.9934,3.52,0.43,10.4,4
5.0,0.715,0.22,2.8,0.0941994358854963,35.0,70.0,0.99447,3.3,0.59,12.5,4
4.6,0.845,1.0,2.5,0.053651934307550664,4.0,18.0,0.9934,2.74,0.81,9.0,4
5.1,1.09,0.92,2.8,0.0856558209902739,4.0,14.0,0.9934,3.02,0.81,9.2,4
7.9,0.812,0.02,2.5,0.0738879748655443,14.0,7.0,0.99427,3.47,0.55,9.8,4
4.6,0.915,1.0,1.4,0.10482172111444199,9.0,64.0,0.9934,3.26,0.63,12.1,4
4.6,0.686,0.24,2.7,0.045,4.0,35.0,0.99512,3.18,0.53,10.4,4
4.6,0.623,0.24,3.2,0.05677861674450836,22.0,26.0,0.9934,3.13,0.57,10.5,4
4.6,1.09,0.35,1.9,0.045,4.0,119.0,0.9934,3.54,0.54,9.0,4
4.6,0.9,0.09,3.4,0.047169940679310886,33.0,7.0,0.9934,3.28,1.4,11.5,4
5.8,0.638,0.37,1.8,0.11699208384717077,17.0,56.0,0.99534,3.26,0.56,9.0,4
4.8,1.09,0.36,3.5,0.045,4.0,7.0,0.9934,2.74,0.74,9.6,4
4.6,0.518,0.18,3.2,0.1738726152710404,41.0,109.0,0.9938,3.49,0.72,10.6,4
4.6,1.058,0.03,2.9,0.10990552235139285,17.0,7.0,0.9934,3.22,0.68,12.4,4
9.1,0.586,0.09,3.0,0.045,14.0,106.0,0.9934,3.29,0.54,9.0,4
6.9,1.09,0.29,1.5,0.05442251064719776,4.0,114.0,0.99527,3.42,0.59,9.9,4
6.7,0.723,0.34,2.3,0.060674494068383336,27.0,83.0,0.9955,3.26,0.44,9.8,4
4.6,0.524,0.28,2.2,0.045,6.0,53.0,0.99578,3.38,0.76,9.0,4
4.6,0.877,0.25,3.6,0.05102967946736749,5.0,119.0,0.9934,3.52,0.47,9.4,4
4.6,0.8,0.38,2.1,0.045,14.0,34.0,0.9934,3.38,0.44,9.1,4
4.6,0.78,0.17,2.6,0.045,27.0,88.0,0.9934,3.21,0.43,10.3,4
6.2,0.907,0.22,1.9,0.12684088516313913,4.0,47.0,0.9934,2.74,0.57,9.3,4
5.6,1.09,0.24,2.2,0.05520488118133722,24.0,103.0,0.9934,3.24,0.43,9.2,4
4.6,0.95,0.15,2.0,0.0670423706698509,4.0,74.0,0.9934,2.74,0.6,10.9,4
6.7,0.965,0.59,1.5,0.045,4.0,32.0,0.9934,3.23,1.97,9.6,4
5.4,1.09,0.2,1.4,0.11524952338768121,4.0,7.0,0.9959,3.17,0.7,9.0,4
4.6,1.09,1.0,2.7,0.09117125052643654,6.0,7.0,0.99649,3.24,0.66,9.0,4
4.6,0.475,0.52,1.8,0.07341614854971698,12.0,33.0,0.9934,3.17,0.47,10.2,4
12.5,0.878,0.15,1.9,0.1277221416223432,6.0,60.0,0.99473,3.16,0.43,11.2,4
4.8,0.682,0.38,2.2,0.045,17.0,7.0,0.99456,3.33,0.64,9.2,4
9.7,0.848,0.26,2.6,0.045,4.0,87.0,0.99372,3.06,0.52,9.0,4
4.7,0.698,0.24,2.5,0.053922734164275093,13.0,53.0,0.99496,3.46,0.62,9.6,4
7.2,0.724,0.0,2.8,0.08741600166191241,15.0,61.0,0.9934,3.54,0.46,10.9,4
6.3,0.989,0.28,3.1,0.045,4.0,100.0,0.9934,3.39,0.54,9.0,4
5.1,0.533,0.26,2.1,0.10584428714271146,9.0,107.0,0.9935,3.2,0.61,9.0,4
6.1,0.877,0.48,5.6,0.42325878747605467,11.0,58.0,0.99404,3.79,0.46,10.7,4
4.6,1.09,0.0,3.1,0.051283187750516115,14.0,119.0,0.99389,3.21,0.49,13.0,4
5.8,1.09,0.37,1.6,0.08423216099108552,4.0,68.0,0.99478,3.32,0.7,9.0,4
6.2,1.09,0.27,3.3,0.0795588310044416,4.0,7.0,0.99464,3.32,0.76,10.3,4
5.1,1.017,0.36,2.0,0.045,8.0,27.0,0.9934,3.44,1.51,9.4,4
5.9,1.09,0.3,1.9,0.045,15.0,43.0,0.99358,3.89,0.58,11.7,4
4.6,1.09,0.22,2.2,0.045,4.0,10.0,0.99485,3.41,0.55,12.0,4
5.0,0.535,0.32,5.6,0.045,4.0,7.0,0.99551,3.67,0.78,10.1,4
6.5,0.841,0.22,2.0,0.09553938064367648,7.0,58.0,0.99387,3.25,0.51,9.2,4
4.6,0.76,0.42,1.8,0.045,4.0,60.0,0.99643,3.35,0.58,9.4,4
9.4,0.976,0.32,2.3,0.04581122003847776,4.0,8.0,0.99369,3.61,0.47,9.8,4
4.6,0.374,0.81,2.4,0.05372161906474281,5.0,26.0,0.9934,3.16,0.52,9.9,4
6.0,1.09,1.0,2.5,0.045,22.0,110.0,0.99493,3.43,0.49,10.6,4
6.1,0.627,0.24,2.8,0.045,4.0,7.0,0.99505,3.23,0.64,9.0,4
7.6,1.09,0.27,1.4,0.0472236868838212,10.0,7.0,0.99671,3.29,0.45,10.5,4
5.2,1.09,0.31,1.5,0.045,4.0,100.0,0.9934,3.39,0.68,13.1,4
4.6,0.794,0.18,1.6,0.045,15.0,28.0,0.99928,3.31,0.43,10.0,4
4.6,1.09,1.0,2.8,0.05907778223692856,13.0,56.0,0.9939,3.16,2.0,9.2,4
4.6,0.623,0.45,2.6,0.045,24.0,29.0,1.00024,3.4,0.77,9.6,4
5.8,0.771,0.23,3.6,0.061698508447819905,26.0,67.0,0.99487,2.93,0.65,10.6,4
12.5,1.006,0.43,2.8,0.045,4.0,7.0,0.9972,3.5,0.5,9.5,4
4.6,0.443,0.3,2.8,0.045,16.0,7.0,0.99595,3.07,0.73,12.6,4
9.6,1.09,0.19,1.9,0.1411888304959155,4.0,30.0,0.9934,3.19,0.45,10.4,4
5.1,0.833,0.06,2.0,0.045,10.0,102.0,0.99499,3.35,0.56,9.0,4
11.3,1.09,0.23,3.3,0.045,10.0,64.0,0.9934,3.38,0.43,10.6,4
5.7,1.09,0.14,2.6,0.10559160505526324,4.0,62.0,0.99416,3.3,0.61,9.8,4
4.6,0.835,0.21,3.2,0.08919280115971683,5.0,112.0,0.99745,3.33,0.52,9.6,4
4.6,1.082,0.02,3.1,0.045,4.0,85.0,0.9934,3.24,0.43,10.9,4
6.1,1.09,0.19,2.7,0.09951707642880514,4.0,105.0,0.9934,3.03,0.49,10.7,4
5.1,0.377,0.24,4.1,0.61,11.0,11.0,0.9934,3.17,0.71,9.2,4
4.7,1.002,1.0,1.4,0.045,7.0,48.0,0.9934,3.21,0.75,9.7,4
4.6,0.45,0.33,1.9,0.04518254866398784,16.0,11.0,0.99614,3.34,0.66,10.3,4
6.7,1.09,0.25,1.6,0.045,12.0,7.0,0.99415,3.29,0.43,9.0,4
4.6,0.885,0.17,5.3,0.0883362749621988,20.0,110.0,0.99668,3.16,1.79,9.4,4
4.6,0.426,0.19,4.1,0.045,27.0,22.0,0.9934,3.49,0.7,10.2,4
4.8,1.09,0.01,2.9,0.045,7.0,27.0,0.9934,3.12,0.64,9.0,4
5.0,1.022,0.87,1.9,0.045,21.0,81.0,0.99476,3.24,0.43,9.0,4
4.6,0.63,1.0,1.4,0.045,4.0,33.0,0.99641,2.83,0.67,9.9,4
6.0,1.09,0.0,3.1,0.06092921990309044,11.0,119.0,0.9934,3.34,0.59,10.1,4
6.3,0.41,0.02,2.7,0.045,20.0,119.0,0.99604,3.42,0.67,9.0,4
4.6,0.864,0.0,1.4,0.08907470702084834,4.0,14.0,0.99413,3.61,0.56,12.2,4
4.6,0.654,0.35,2.0,0.05216135015699602,5.0,83.0,0.99355,3.3,0.45,10.3,4
4.6,0.35,1.0,3.2,0.1186635212330667,38.0,61.0,0.99705,2.86,0.49,9.2,4
4.8,0.8,0.12,3.2,0.045,4.0,68.0,0.9934,3.45,0.84,13.0,4
4.6,0.818,0.14,2.1,0.045,17.0,36.0,0.99576,3.66,0.71,10.6,4
11.4,1.09,0.19,2.0,0.045,4.0,31.0,0.9934,3.41,0.69,9.2,4
5.3,0.851,0.19,2.1,0.047910195302261066,4.0,71.0,0.9934,3.48,0.43,9.8,4
6.1,0.887,0.36,2.4,0.045,20.0,72.0,0.99358,3.34,0.52,9.8,4
5.4,0.878,0.0,3.4,0.10355627027486389,13.0,102.0,0.9934,3.22,0.51,10.7,4
4.6,0.891,0.51,3.2,0.05507369167337128,4.0,105.0,0.9934,3.4,0.48,10.2,4
4.8,1.09,0.05,2.2,0.06670066850437585,4.0,119.0,0.9934,3.07,0.44,9.0,4
5.7,1.062,0.45,2.1,0.045,7.0,95.0,0.9934,3.47,0.51,10.9,4
6.1,0.882,0.29,1.4,0.05225401787231551,13.0,37.0,0.9934,3.26,0.77,10.3,4
10.1,0.478,0.0,5.6,0.056139055976890284,4.0,57.0,0.9934,3.39,0.51,9.8,4
4.9,1.09,0.28,2.7,0.045,4.0,43.0,0.9934,3.32,0.88,11.4,4
8.0,1.09,0.04,5.6,0.057517019953206835,19.0,20.0,0.9934,3.76,0.54,9.6,4
4.6,0.73,0.75,4.3,0.04656415860513613,4.0,7.0,0.99389,3.14,0.63,11.3,4
5.7,0.86,0.27,2.4,0.045,33.0,104.0,0.99384,3.37,0.48,9.6,4
6.5,0.784,0.46,2.9,0.08047552210246929,17.0,100.0,0.99805,3.32,0.59,9.1,4
6.0,1.022,0.2,1.8,0.045,4.0,77.0,0.99553,3.38,0.53,10.0,4
4.6,1.027,0.46,2.1,0.09259754527876564,20.0,24.0,0.99579,3.17,0.67,10.3,4
5.4,0.954,0.1,2.6,0.09625690652256097,4.0,34.0,0.9934,2.85,1.55,10.2,4
8.4,0.882,0.07,3.2,0.05819750082244783,5.0,113.0,0.9934,3.45,0.57,9.2,4
5.8,0.641,0.39,2.1,0.045,25.0,47.0,0.9934,3.77,0.47,9.0,4
4.6,0.361,0.29,2.4,0.04803189024951612,14.0,32.0,0.99715,3.66,0.51,9.5,4
6.8,1.09,0.38,1.5,0.045,4.0,55.0,0.99716,2.8,0.69,9.0,4
4.6,0.963,0.0,4.6,0.045,4.0,7.0,0.99381,3.28,0.71,10.0,4
9.3,0.971,0.1,2.9,0.049964228195880034,11.0,28.0,0.9934,3.13,0.52,9.2,4
5.9,0.889,0.11,2.7,0.06246008527519198,4.0,70.0,0.9934,2.93,0.43,9.2,4
6.5,1.09,0.31,2.0,0.0892780406398069,4.0,7.0,0.9934,3.32,0.7,9.0,4
6.3,0.743,0.51,2.2,0.045,12.0,118.0,0.99514,3.14,0.45,9.0,4
4.6,0.888,0.13,2.3,0.08184174000674357,15.0,33.0,0.99403,3.35,0.74,9.0,4
8.8,1.09,1.0,5.6,0.04624256778236821,5.0,7.0,0.99659,3.68,0.68,9.7,4
4.8,0.531,0.09,1.7,0.09385429095919276,28.0,118.0,0.99644,3.2,1.68,9.0,4
7.4,0.859,0.27,2.1,0.05682613303204703,4.0,39.0,0.99415,2.76,0.59,9.7,4
7.8,0.925,0.31,3.1,0.10266986598091116,4.0,19.0,0.9934,3.57,0.52,10.8,4
8.2,0.8,0.33,5.6,0.045,7.0,7.0,0.99542,3.44,0.61,9.0,4
6.7,0.524,0.08,3.0,0.06302490878114239,4.0,108.0,0.9934,3.22,0.6,11.5,4
5.1,1.09,0.25,1.5,0.045,4.0,7.0,0.99502,3.53,0.67,9.3,4
4.6,1.09,0.0,1.8,0.10922261474133954,4.0,38.0,0.9934,3.66,0.59,9.0,4
4.6,0.796,0.26,3.2,0.045,6.0,12.0,0.99594,3.9,0.43,9.0,4
4.6,1.014,0.38,1.5,0.045,4.0,7.0,0.9934,3.16,0.76,9.0,4
4.6,0.798,0.3,2.5,0.07050574625179235,20.0,119.0,0.99341,2.78,0.43,9.4,4
6.2,1.09,0.14,2.6,0.045,24.0,7.0,0.99709,3.5,0.43,13.1,4
4.6,1.09,0.23,2.7,0.045,4.0,67.0,0.9969,3.35,0.59,9.1,4
6.6,0.819,0.14,1.9,0.06997253392991741,4.0,20.0,0.99404,3.37,0.43,9.6,4
5.7,1.09,0.07,2.9,0.13963827858618352,4.0,119.0,0.99558,2.74,0.62,11.5,4
5.9,0.867,0.15,2.1,0.04567022489206759,15.0,23.0,0.99737,3.34,0.61,11.3,4
4.6,0.514,0.22,2.4,0.04655179911884875,7.0,66.0,0.99571,3.12,0.52,10.4,4
7.5,0.846,0.2,2.5,0.045,4.0,84.0,0.9934,3.31,0.76,9.7,4
8.8,0.884,0.46,2.4,0.10163644902611496,8.0,86.0,0.99625,3.31,0.72,9.0,4
4.6,1.09,0.26,2.7,0.045,12.0,117.0,0.9934,3.28,0.5,9.0,4
7.9,0.97,0.11,2.3,0.045,8.0,62.0,0.99454,3.9,0.52,9.0,4
9.9,0.723,0.34,2.6,0.045,26.0,38.0,0.9946,3.58,0.58,12.0,4
4.6,0.68,0.11,2.9,0.045,10.0,119.0,0.99443,3.41,0.75,9.6,4
7.6,0.889,0.37,2.4,0.10456884836644753,4.0,70.0,0.9959,3.45,0.61,9.7,4
4.6,0.942,0.7,2.3,0.045,8.0,90.0,0.9934,3.48,0.73,10.1,4
4.6,0.785,0.21,2.1,0.052247160782494376,11.0,51.0,0.9934,3.4,0.8,9.0,4
5.7,1.09,0.1,2.5,0.05302093821236529,12.0,23.0,0.99533,3.72,0.57,11.0,4
9.2,0.765,0.21,2.2,0.09881420130768487,4.0,72.0,0.99932,3.27,0.63,13.1,4
4.7,1.09,0.08,3.1,0.045,4.0,107.0,0.99478,3.65,0.79,10.0,4
7.0,0.833,0.38,2.4,0.045,18.0,66.0,0.9934,3.49,0.44,11.0,4
7.4,0.868,0.39,2.8,0.045,4.0,23.0,0.99418,3.53,0.69,9.0,4
4.7,0.969,0.04,5.6,0.11786132534703947,20.0,71.0,0.9934,3.27,0.69,10.6,4
4.6,0.504,0.29,3.4,0.045,15.0,119.0,0.99555,3.47,0.52,9.0,4
4.6,0.864,0.54,3.2,0.045,17.0,99.0,0.99581,3.53,0.49,9.5,4
5.0,0.656,0.23,1.8,0.0921079014003994,4.0,14.0,0.99456,3.44,1.65,9.3,4
5.1,1.002,0.43,1.4,0.07571375739912473,16.0,100.0,0.9934,3.45,0.67,9.5,4
5.6,0.564,0.2,3.0,0.07093321472255106,4.0,43.0,0.9934,3.3,0.73,9.7,4
6.8,0.722,0.37,2.8,0.045,4.0,64.0,0.99382,3.18,0.77,9.7,4
4.6,0.716,0.8,3.1,0.045,5.0,88.0,0.9934,3.09,0.5,9.2,4
8.2,1.019,0.11,2.4,0.045,33.0,62.0,0.9934,2.98,0.59,9.5,4
6.6,1.09,0.49,2.4,0.12391684812746648,29.0,37.0,0.99739,3.54,1.48,12.2,4
4.6,0.937,1.0,1.4,0.1005388313135226,4.0,87.0,0.9934,3.11,0.48,9.6,4
8.7,0.848,1.0,2.6,0.0676065820551002,8.0,108.0,0.9934,2.74,0.43,9.5,4
6.0,1.02,0.3,1.6,0.045,18.0,87.0,0.99487,3.2,0.61,9.0,4
5.5,1.055,0.04,2.3,0.065925905995016,19.0,7.0,0.99446,3.42,0.5,11.4,4
7.1,1.09,0.39,2.2,0.0675366012723231,22.0,89.0,0.99366,3.27,0.47,9.0,4
4.6,0.741,0.57,5.2,0.08338595732696852,21.0,39.0,0.9934,3.39,1.81,9.0,4
9.0,0.697,0.18,1.8,0.11208159806414073,8.0,83.0,0.99357,3.25,0.61,9.7,4
4.8,1.036,0.32,2.2,0.05048033625980355,5.0,7.0,0.99375,3.41,0.52,10.6,4
6.1,0.936,0.0,3.2,0.045,5.0,47.0,0.9934,3.68,0.59,11.1,4
6.0,1.062,0.0,2.8,0.10157744460443448,4.0,51.0,0.9934,3.49,0.43,12.3,4
4.6,1.09,0.09,2.4,0.11255294772860241,4.0,99.0,0.9934,2.74,0.75,11.4,4
4.6,1.049,0.18,2.6,0.06101892569009939,36.0,103.0,0.9934,3.69,0.64,9.7,4
7.2,0.592,0.36,1.8,0.045,6.0,88.0,0.9934,3.52,0.43,9.3,4
6.0,1.041,0.74,2.2,0.045,4.0,87.0,0.9934,3.38,0.56,10.0,4
4.6,0.5,0.19,1.5,0.045,15.0,39.0,0.99386,3.68,0.43,13.1,4
5.6,0.974,0.75,1.4,0.045,9.0,7.0,0.99397,3.4,0.43,9.8,4
4.6,0.768,0.52,2.7,0.06596163812282788,26.0,116.0,0.994,3.52,0.65,10.3,4
4.6,0.987,0.11,5.4,0.06664519799264465,32.0,78.0,0.99444,2.74,0.7,9.5,4
4.6,1.09,0.0,2.2,0.045,12.0,89.0,0.9934,3.32,0.49,10.1,4
6.0,0.957,0.57,2.2,0.07676451610132469,5.0,28.0,0.9934,3.1,0.63,9.5,4
5.1,1.09,0.13,2.2,0.06712556222152977,13.0,37.0,0.99546,3.41,0.43,9.1,4
4.6,1.09,0.11,1.8,0.045,4.0,51.0,0.99493,3.48,1.64,9.7,4
6.5,0.85,0.76,1.9,0.045,4.0,68.0,0.9934,3.69,0.43,9.0,4
4.7,1.016,0.0,2.0,0.045,14.0,41.0,0.9934,3.34,0.57,13.1,4
5.6,1.09,0.24,2.9,0.05391517296840158,4.0,78.0,0.9934,3.31,0.55,10.5,4
4.9,0.546,0.23,2.2,0.045,14.0,50.0,0.99487,3.65,0.46,10.9,4
4.6,0.626,0.18,1.4,0.12248908160951723,31.0,51.0,0.99578,3.23,0.48,9.5,4
4.6,0.739,0.29,2.7,0.04714553612939134,14.0,41.0,0.9934,2.84,0.61,10.5,4
6.6,0.917,0.07,2.5,0.08233528838888264,4.0,70.0,0.99487,3.09,0.47,11.2,4
7.6,1.09,0.14,3.2,0.045,15.0,30.0,0.99432,3.61,0.49,9.0,4
8.0,1.09,0.12,1.6,0.045,27.0,72.0,0.9934,3.18,0.5,9.5,4
