9.1,0.66,0.15,3.2,0.0969999999999999,9.0,59.0,0.99976,3.28,0.54,9.6,5
7.1,0.67,0.0,2.3,0.083,18.0,27.0,0.99768,3.44,0.54,9.4,5
7.4,0.64,0.07,1.8,0.1,8.0,23.0,0.9961,3.3,0.58,9.6,5
7.1,0.735,0.16,1.9,0.1,15.0,77.0,0.9966,3.27,0.64,9.3,5
6.6,0.88,0.04,2.2,0.066,12.0,20.0,0.99636,3.53,0.56,9.9,5
8.4,0.65,0.6,2.1,0.1119999999999999,12.0,90.0,0.9973,3.2,0.52,9.2,5
9.9,0.49,0.58,3.5,0.094,9.0,43.0,1.0004,3.29,0.58,9.0,5
7.3,0.69,0.32,2.2,0.069,35.0,104.0,0.99632,3.33,0.51,9.5,5
7.2,0.66,0.03,2.3,0.078,16.0,86.0,0.99743,3.53,0.57,9.7,5
8.6,0.49,0.51,2.0,0.422,16.0,62.0,0.9979,3.03,1.17,9.0,5
7.8,0.6,0.26,2.0,0.08,31.0,131.0,0.99622,3.21,0.52,9.9,5
6.4,0.795,0.0,2.2,0.065,28.0,52.0,0.99378,3.49,0.52,11.6,5
7.2,1.0,0.0,3.0,0.102,7.0,16.0,0.99586,3.43,0.46,10.0,5
7.9,0.43,0.21,1.6,0.106,10.0,37.0,0.9966,3.17,0.91,9.5,5
10.7,0.9,0.34,6.6,0.1119999999999999,23.0,99.0,1.00289,3.22,0.68,9.3,5
7.2,0.725,0.05,4.65,0.086,4.0,11.0,0.9962,3.41,0.39,10.9,5
9.9,0.63,0.24,2.4,0.077,6.0,33.0,0.9974,3.09,0.57,9.4,5
10.2,0.24,0.49,2.4,0.075,10.0,28.0,0.9978,3.14,0.61,10.4,5
9.6,0.88,0.28,2.4,0.086,30.0,147.0,0.9979,3.24,0.53,9.4,5
9.6,0.6,0.5,2.3,0.079,28.0,71.0,0.9997,3.5,0.57,9.7,5
8.1,0.87,0.0,2.2,0.084,10.0,31.0,0.99656,3.25,0.5,9.8,5
13.2,0.38,0.55,2.7,0.081,5.0,16.0,1.0006,2.98,0.54,9.4,5
9.9,0.59,0.07,3.4,0.102,32.0,71.0,1.00015,3.31,0.71,9.8,5
9.4,0.615,0.28,3.2,0.087,18.0,72.0,1.0001,3.31,0.53,9.7,5
7.1,0.68,0.0,2.2,0.073,12.0,22.0,0.9969,3.48,0.5,9.3,5
9.9,0.72,0.55,1.7,0.136,24.0,52.0,0.99752,3.35,0.94,10.0,5
8.4,0.59,0.29,2.6,0.109,31.0,119.0,0.99801,3.15,0.5,9.1,5
8.9,0.75,0.14,2.5,0.086,9.0,30.0,0.99824,3.34,0.64,10.5,5
7.7,0.66,0.04,1.6,0.039,4.0,9.0,0.9962,3.4,0.47,9.4,5
8.6,0.47,0.27,2.3,0.055,14.0,28.0,0.99516,3.18,0.8,11.2,5
13.5,0.53,0.79,4.8,0.12,23.0,77.0,1.0018,3.18,0.77,13.0,5
7.6,0.39,0.31,2.3,0.0819999999999999,23.0,71.0,0.9982,3.52,0.65,9.7,5
7.5,0.6,0.03,1.8,0.095,25.0,99.0,0.995,3.35,0.54,10.1,5
8.6,0.635,0.68,1.8,0.4029999999999999,19.0,56.0,0.99632,3.02,1.15,9.3,5
7.9,0.18,0.4,1.8,0.062,7.0,20.0,0.9941,3.28,0.7,11.1,5
9.9,0.54,0.45,2.3,0.071,16.0,40.0,0.9991,3.39,0.62,9.4,5
7.1,0.43,0.42,5.5,0.071,28.0,128.0,0.9973,3.42,0.71,10.5,5
7.2,0.34,0.32,2.5,0.09,43.0,113.0,0.9966,3.32,0.79,11.1,5
5.9,0.46,0.0,1.9,0.077,25.0,44.0,0.99385,3.5,0.53,11.2,5
8.1,0.67,0.55,1.8,0.1169999999999999,32.0,141.0,0.9968,3.17,0.62,9.4,5
8.6,0.725,0.24,6.6,0.1169999999999999,31.0,134.0,1.0014,3.32,1.07,9.3,5
8.4,0.62,0.09,2.2,0.084,11.0,108.0,0.9964,3.15,0.66,9.8,5
10.8,0.89,0.3,2.6,0.132,7.0,60.0,0.99786,2.99,1.18,10.2,5
7.6,0.95,0.03,2.0,0.09,7.0,20.0,0.9959,3.2,0.56,9.6,5
7.2,0.62,0.06,2.7,0.077,15.0,85.0,0.99746,3.51,0.54,9.5,5
9.9,0.5,0.5,13.8,0.205,48.0,82.0,1.00242,3.16,0.75,8.8,5
8.9,0.61,0.49,2.0,0.27,23.0,110.0,0.9972,3.12,1.02,9.3,5
8.3,0.78,0.1,2.6,0.081,45.0,87.0,0.9983,3.48,0.53,10.0,5
7.7,0.54,0.26,1.9,0.089,23.0,147.0,0.99636,3.26,0.59,9.7,5
5.6,0.5,0.09,2.3,0.049,17.0,99.0,0.9937,3.63,0.63,13.0,5
6.9,0.63,0.33,6.7,0.235,66.0,115.0,0.99787,3.22,0.56,9.5,5
7.8,0.76,0.04,2.3,0.092,15.0,54.0,0.997,3.26,0.65,9.8,5
9.4,0.685,0.26,2.4,0.0819999999999999,23.0,143.0,0.9978,3.28,0.55,9.4,5
7.2,0.41,0.3,2.1,0.083,35.0,72.0,0.997,3.44,0.52,9.4,5
8.4,0.56,0.08,2.1,0.105,16.0,44.0,0.9958,3.13,0.52,11.0,5
9.0,0.47,0.31,2.7,0.084,24.0,125.0,0.9984,3.31,0.61,9.4,5
12.7,0.6,0.49,2.8,0.075,5.0,19.0,0.9994,3.14,0.57,11.4,5
9.6,0.68,0.24,2.2,0.087,5.0,28.0,0.9988,3.14,0.6,10.2,5
6.8,0.64,0.1,2.1,0.085,18.0,101.0,0.9956,3.34,0.52,10.2,5
7.7,0.64,0.21,2.2,0.077,32.0,133.0,0.9956,3.27,0.45,9.9,5
7.5,0.42,0.32,2.7,0.067,7.0,25.0,0.99628,3.24,0.44,10.4,5
7.7,0.69,0.22,1.9,0.084,18.0,94.0,0.9961,3.31,0.48,9.5,5
6.1,0.59,0.01,2.1,0.0559999999999999,5.0,13.0,0.99472,3.52,0.56,11.4,5
7.4,0.7,0.0,1.9,0.076,11.0,34.0,0.9978,3.51,0.56,9.4,5
8.5,0.49,0.11,2.3,0.084,9.0,67.0,0.9968,3.17,0.53,9.4,5
8.6,0.8,0.11,2.3,0.084,12.0,31.0,0.9979,3.4,0.48,9.9,5
7.7,0.935,0.43,2.2,0.114,22.0,114.0,0.997,3.25,0.73,9.2,5
8.7,0.625,0.16,2.0,0.1009999999999999,13.0,49.0,0.9962,3.14,0.57,11.0,5
8.8,0.64,0.17,2.9,0.084,25.0,130.0,0.99818,3.23,0.54,9.6,5
7.8,0.44,0.28,2.7,0.1,18.0,95.0,0.9966,3.22,0.67,9.4,5
7.4,0.6,0.26,7.3,0.07,36.0,121.0,0.9982,3.37,0.49,9.4,5
6.1,0.32,0.25,1.8,0.086,5.0,32.0,0.99464,3.36,0.44,10.1,5
7.4,0.64,0.17,5.4,0.168,52.0,98.0,0.99736,3.28,0.5,9.5,5
7.3,0.45,0.36,5.9,0.074,12.0,87.0,0.9978,3.33,0.83,10.5,5
10.2,0.67,0.39,1.9,0.054,6.0,17.0,0.9976,3.17,0.47,10.0,5
9.7,0.55,0.17,2.9,0.087,20.0,53.0,1.0004,3.14,0.61,9.4,5
7.2,0.695,0.13,2.0,0.076,12.0,20.0,0.99546,3.29,0.54,10.1,5
7.6,0.62,0.32,2.2,0.0819999999999999,7.0,54.0,0.9966,3.36,0.52,9.4,5
7.4,0.5,0.47,2.0,0.086,21.0,73.0,0.997,3.36,0.57,9.1,5
6.9,0.58,0.2,1.75,0.0579999999999999,8.0,22.0,0.99322,3.38,0.49,11.7,5
5.6,0.605,0.05,2.4,0.073,19.0,25.0,0.99258,3.56,0.55,12.9,5
8.3,0.65,0.1,2.9,0.089,17.0,40.0,0.99803,3.29,0.55,9.5,5
6.8,0.48,0.08,1.8,0.074,40.0,64.0,0.99529,3.12,0.49,9.6,5
8.9,0.31,0.57,2.0,0.111,26.0,85.0,0.9971,3.26,0.53,9.7,5
7.3,0.59,0.26,2.0,0.08,17.0,104.0,0.99584,3.28,0.52,9.9,5
9.0,0.45,0.49,2.6,0.084,21.0,75.0,0.9987,3.35,0.57,9.7,5
6.2,0.58,0.0,1.6,0.065,8.0,18.0,0.9966,3.56,0.84,9.4,5
6.6,0.735,0.02,7.9,0.122,68.0,124.0,0.9994,3.47,0.53,9.9,5
7.9,0.35,0.21,1.9,0.073,46.0,102.0,0.9964,3.27,0.58,9.5,5
5.8,0.68,0.02,1.8,0.087,21.0,94.0,0.9944,3.54,0.52,10.0,5
8.4,1.035,0.15,6.0,0.073,11.0,54.0,0.999,3.37,0.49,9.9,5
7.8,0.7,0.06,1.9,0.079,20.0,35.0,0.99628,3.4,0.69,10.9,5
8.9,0.59,0.39,2.3,0.095,5.0,22.0,0.9986,3.37,0.58,10.3,5
9.2,0.53,0.24,2.6,0.078,28.0,139.0,0.99788,3.21,0.57,9.5,5
7.2,0.695,0.13,2.0,0.076,12.0,20.0,0.99546,3.29,0.54,10.1,5
6.1,0.715,0.1,2.6,0.053,13.0,27.0,0.99362,3.57,0.5,11.9,5
7.2,0.635,0.07,2.6,0.077,16.0,86.0,0.99748,3.51,0.54,9.7,5
5.3,0.715,0.19,1.5,0.161,7.0,62.0,0.99395,3.62,0.61,11.0,5
9.3,0.27,0.41,2.0,0.091,6.0,16.0,0.998,3.28,0.7,9.7,5
7.7,0.56,0.2,2.0,0.075,9.0,39.0,0.9987,3.48,0.62,9.3,5
8.0,0.39,0.3,1.9,0.074,32.0,84.0,0.99717,3.39,0.61,9.0,5
11.9,0.38,0.49,2.7,0.098,12.0,42.0,1.0004,3.16,0.61,10.3,5
9.5,0.55,0.66,2.3,0.387,12.0,37.0,0.9982,3.17,0.67,9.6,5
7.0,0.51,0.09,2.1,0.062,4.0,9.0,0.99584,3.35,0.54,10.5,5
7.9,0.33,0.23,1.7,0.077,18.0,45.0,0.99625,3.29,0.65,9.3,5
7.4,0.55,0.19,1.8,0.0819999999999999,15.0,34.0,0.99655,3.49,0.68,10.5,5
7.5,0.4,0.18,1.6,0.079,24.0,58.0,0.9965,3.34,0.58,9.4,5
8.4,0.29,0.4,1.7,0.067,8.0,20.0,0.99603,3.39,0.6,10.5,5
8.5,0.46,0.59,1.4,0.414,16.0,45.0,0.99702,3.03,1.34,9.2,5
7.3,0.38,0.21,2.0,0.08,7.0,35.0,0.9961,3.33,0.47,9.5,5
8.0,0.6,0.22,2.1,0.08,25.0,105.0,0.99613,3.3,0.49,9.9,5
7.1,0.43,0.42,5.5,0.071,28.0,128.0,0.9973,3.42,0.71,10.5,5
10.0,0.32,0.59,2.2,0.077,3.0,15.0,0.9994,3.2,0.78,9.6,5
6.7,0.675,0.07,2.4,0.089,17.0,82.0,0.9958,3.35,0.54,10.1,5
11.3,0.37,0.41,2.3,0.088,6.0,16.0,0.9988,3.09,0.8,9.3,5
9.2,0.43,0.49,2.4,0.086,23.0,116.0,0.9976,3.23,0.64,9.5,5
7.9,0.66,0.0,1.4,0.096,6.0,13.0,0.99569,3.43,0.58,9.5,5
7.8,0.6,0.26,2.0,0.08,31.0,131.0,0.99622,3.21,0.52,9.9,5
8.5,0.66,0.2,2.1,0.0969999999999999,23.0,113.0,0.99733,3.13,0.48,9.2,5
7.8,0.56,0.19,1.8,0.104,12.0,47.0,0.9964,3.19,0.93,9.5,5
7.6,0.54,0.13,2.5,0.0969999999999999,24.0,66.0,0.99785,3.39,0.61,9.4,5
8.7,0.675,0.1,1.6,0.09,4.0,11.0,0.99745,3.31,0.65,9.55,5
6.2,0.6,0.08,2.0,0.09,32.0,44.0,0.9949,3.45,0.58,10.5,5
8.8,0.52,0.34,2.7,0.087,24.0,122.0,0.9982,3.26,0.61,9.5,5
10.2,0.42,0.57,3.4,0.07,4.0,10.0,0.9971,3.04,0.63,9.6,5
9.0,0.66,0.17,3.0,0.077,5.0,13.0,0.9976,3.29,0.55,10.4,5
9.3,0.39,0.44,2.1,0.107,34.0,125.0,0.9978,3.14,1.22,9.5,5
7.1,0.685,0.35,2.0,0.088,9.0,92.0,0.9963,3.28,0.62,9.4,5
7.6,0.79,0.21,2.3,0.087,21.0,68.0,0.9955,3.12,0.44,9.2,5
9.3,0.655,0.26,2.0,0.096,5.0,35.0,0.99738,3.25,0.42,9.6,5
10.8,0.5,0.46,2.5,0.073,5.0,27.0,1.0001,3.05,0.64,9.5,5
7.4,0.61,0.01,2.0,0.074,13.0,38.0,0.99748,3.48,0.65,9.8,5
7.2,0.725,0.05,4.65,0.086,4.0,11.0,0.9962,3.41,0.39,10.9,5
8.0,0.57,0.23,3.2,0.073,17.0,119.0,0.99675,3.26,0.57,9.3,5
7.4,0.49,0.19,3.0,0.077,16.0,37.0,0.9966,3.37,0.51,10.5,5
10.4,0.28,0.54,2.7,0.105,5.0,19.0,0.9988,3.25,0.63,9.5,5
8.0,1.18,0.21,1.9,0.083,14.0,41.0,0.99532,3.34,0.47,10.5,5
7.3,1.07,0.09,1.7,0.178,10.0,89.0,0.9962,3.3,0.57,9.0,5
7.1,0.72,0.0,1.8,0.123,6.0,14.0,0.99627,3.45,0.58,9.8,5
8.6,0.38,0.36,3.0,0.081,30.0,119.0,0.997,3.2,0.56,9.4,5
5.2,0.32,0.25,1.8,0.103,13.0,50.0,0.9957,3.38,0.55,9.2,5
12.7,0.6,0.49,2.8,0.075,5.0,19.0,0.9994,3.14,0.57,11.4,5
8.4,0.745,0.11,1.9,0.09,16.0,63.0,0.9965,3.19,0.82,9.6,5
7.9,0.72,0.01,1.9,0.076,7.0,32.0,0.99668,3.39,0.54,9.6,5
6.0,0.5,0.0,1.4,0.057,15.0,26.0,0.99448,3.36,0.45,9.5,5
7.4,0.39,0.48,2.0,0.0819999999999999,14.0,67.0,0.9972,3.34,0.55,9.2,5
6.6,0.66,0.0,3.0,0.115,21.0,31.0,0.99629,3.45,0.63,10.3,5
7.5,0.41,0.15,3.7,0.104,29.0,94.0,0.99786,3.14,0.58,9.1,5
8.8,0.66,0.26,1.7,0.074,4.0,23.0,0.9971,3.15,0.74,9.2,5
7.0,0.45,0.34,2.7,0.0819999999999999,16.0,72.0,0.998,3.55,0.6,9.5,5
8.7,0.46,0.31,2.5,0.126,24.0,64.0,0.99746,3.1,0.74,9.6,5
7.9,0.6,0.06,1.6,0.069,15.0,59.0,0.9964,3.3,0.46,9.4,5
7.7,0.41,0.76,1.8,0.611,8.0,45.0,0.9968,3.06,1.26,9.4,5
7.7,0.49,0.26,1.9,0.062,9.0,31.0,0.9966,3.39,0.64,9.6,5
11.2,0.5,0.74,5.15,0.1,5.0,17.0,0.9996,3.22,0.62,11.2,5
8.3,0.655,0.12,2.3,0.083,15.0,113.0,0.9966,3.17,0.66,9.8,5
10.0,0.43,0.33,2.7,0.095,28.0,89.0,0.9984,3.22,0.68,10.0,5
7.4,0.7,0.0,1.9,0.076,11.0,34.0,0.9978,3.51,0.56,9.4,5
9.4,0.59,0.14,2.0,0.084,25.0,48.0,0.9981,3.14,0.56,9.7,5
7.5,0.58,0.03,4.1,0.08,27.0,46.0,0.99592,3.02,0.47,9.2,5
8.2,1.33,0.0,1.7,0.081,3.0,12.0,0.9964,3.53,0.49,10.9,5
7.1,0.68,0.07,1.9,0.075,16.0,51.0,0.99685,3.38,0.52,9.5,5
7.0,0.6,0.3,4.5,0.068,20.0,110.0,0.99914,3.3,1.17,10.2,5
9.1,0.775,0.22,2.2,0.079,12.0,48.0,0.9976,3.18,0.51,9.6,5
7.0,0.735,0.05,2.0,0.081,13.0,54.0,0.9966,3.39,0.57,9.8,5
9.0,0.69,0.0,2.4,0.088,19.0,38.0,0.999,3.35,0.6,9.3,5
7.3,0.49,0.1,2.6,0.068,4.0,14.0,0.99562,3.3,0.47,10.5,5
7.8,0.59,0.18,2.3,0.076,17.0,54.0,0.9975,3.43,0.59,10.0,5
5.6,0.615,0.0,1.6,0.089,16.0,59.0,0.9943,3.58,0.52,9.9,5
9.9,0.63,0.24,2.4,0.077,6.0,33.0,0.9974,3.09,0.57,9.4,5
7.6,0.49,0.33,1.9,0.074,27.0,85.0,0.99706,3.41,0.58,9.0,5
6.8,0.61,0.04,1.5,0.057,5.0,10.0,0.99525,3.42,0.6,9.5,5
6.8,0.77,0.0,1.8,0.066,34.0,52.0,0.9976,3.62,0.68,9.9,5
6.8,0.68,0.21,2.1,0.07,9.0,23.0,0.99546,3.38,0.6,10.3,5
9.4,0.34,0.37,2.2,0.075,5.0,13.0,0.998,3.22,0.62,9.2,5
6.4,0.57,0.02,1.8,0.067,4.0,11.0,0.997,3.46,0.68,9.5,5
10.6,0.36,0.6,2.2,0.152,7.0,18.0,0.9986,3.04,1.06,9.4,5
7.2,0.835,0.0,2.0,0.166,4.0,11.0,0.99608,3.39,0.52,10.0,5
8.2,0.43,0.29,1.6,0.081,27.0,45.0,0.99603,3.25,0.54,10.3,5
12.5,0.46,0.63,2.0,0.071,6.0,15.0,0.9988,2.99,0.87,10.2,5
6.5,0.885,0.0,2.3,0.166,6.0,12.0,0.99551,3.56,0.51,10.8,5
7.5,0.61,0.2,1.7,0.076,36.0,60.0,0.99494,3.1,0.4,9.3,5
8.3,0.54,0.24,3.4,0.076,16.0,112.0,0.9976,3.27,0.61,9.4,5
6.9,0.56,0.03,1.5,0.086,36.0,46.0,0.99522,3.53,0.57,10.6,5
6.1,0.705,0.1,2.8,0.081,13.0,28.0,0.99631,3.6,0.66,10.2,5
5.6,0.54,0.04,1.7,0.049,5.0,13.0,0.9942,3.72,0.58,11.4,5
11.5,0.41,0.52,3.0,0.08,29.0,55.0,1.0001,3.26,0.88,11.0,5
6.8,0.66,0.07,1.6,0.07,16.0,61.0,0.99572,3.29,0.6,9.3,5
6.3,0.39,0.08,1.7,0.066,3.0,20.0,0.9954,3.34,0.58,9.4,5
7.0,0.6,0.3,4.5,0.068,20.0,110.0,0.99914,3.3,1.17,10.2,5
9.2,0.63,0.21,2.7,0.0969999999999999,29.0,65.0,0.9988,3.28,0.58,9.6,5
7.0,0.56,0.13,1.6,0.077,25.0,42.0,0.99629,3.34,0.59,9.2,5
7.3,0.74,0.08,1.7,0.094,10.0,45.0,0.99576,3.24,0.5,9.8,5
10.7,0.43,0.39,2.2,0.106,8.0,32.0,0.9986,2.89,0.5,9.6,5
9.0,0.54,0.49,2.9,0.094,41.0,110.0,0.9982,3.08,0.61,9.2,5
7.8,0.63,0.48,1.7,0.1,14.0,96.0,0.9961,3.19,0.62,9.5,5
8.9,0.635,0.37,1.7,0.263,5.0,62.0,0.9971,3.0,1.09,9.3,5
7.6,0.645,0.03,1.9,0.086,14.0,57.0,0.9969,3.37,0.46,10.3,5
10.4,0.575,0.61,2.6,0.076,11.0,24.0,1.0,3.16,0.69,9.0,5
6.8,0.61,0.2,1.8,0.077,11.0,65.0,0.9971,3.54,0.58,9.3,5
8.1,0.33,0.44,1.5,0.042,6.0,12.0,0.99542,3.35,0.61,10.7,5
9.0,0.48,0.32,2.8,0.084,21.0,122.0,0.9984,3.32,0.62,9.4,5
7.0,0.49,0.49,5.6,0.06,26.0,121.0,0.9974,3.34,0.76,10.5,5
9.3,0.48,0.29,2.1,0.127,6.0,16.0,0.9968,3.22,0.72,11.2,5
7.0,0.62,0.18,1.5,0.062,7.0,50.0,0.9951,3.08,0.6,9.3,5
12.3,0.5,0.49,2.2,0.089,5.0,14.0,1.0002,3.19,0.44,9.6,5
8.1,0.38,0.48,1.8,0.157,5.0,17.0,0.9976,3.3,1.05,9.4,5
7.1,0.43,0.42,5.5,0.07,29.0,129.0,0.9973,3.42,0.72,10.5,5
9.3,0.43,0.44,1.9,0.085,9.0,22.0,0.99708,3.28,0.55,9.5,5
15.9,0.36,0.65,7.5,0.096,22.0,71.0,0.9976,2.98,0.84,14.9,5
6.2,0.65,0.06,1.6,0.05,6.0,18.0,0.99348,3.57,0.54,11.95,5
8.0,0.52,0.03,1.7,0.07,10.0,35.0,0.99575,3.34,0.57,10.0,5
7.6,0.43,0.29,2.1,0.075,19.0,66.0,0.99718,3.4,0.64,9.5,5
6.6,0.64,0.31,6.1,0.083,7.0,49.0,0.99718,3.35,0.68,10.3,5
7.1,0.66,0.0,3.9,0.086,17.0,45.0,0.9976,3.46,0.54,9.5,5
6.3,0.57,0.28,2.1,0.048,13.0,49.0,0.99374,3.41,0.6,12.8,5
6.6,0.63,0.0,4.3,0.093,51.0,77.5,0.99558,3.2,0.45,9.5,5
6.6,0.61,0.01,1.9,0.08,8.0,25.0,0.99746,3.69,0.73,10.5,5
8.4,0.56,0.04,2.0,0.0819999999999999,10.0,22.0,0.9976,3.22,0.44,9.6,5
7.0,0.655,0.16,2.1,0.074,8.0,25.0,0.99606,3.37,0.55,9.7,5
6.5,0.52,0.11,1.8,0.073,13.0,38.0,0.9955,3.34,0.52,9.3,5
7.4,0.74,0.07,1.7,0.086,15.0,48.0,0.99502,3.12,0.48,10.0,5
8.1,0.87,0.0,2.2,0.084,10.0,31.0,0.99656,3.25,0.5,9.8,5
6.7,0.75,0.12,2.0,0.086,12.0,80.0,0.9958,3.38,0.52,10.1,5
7.7,0.665,0.0,2.4,0.09,8.0,19.0,0.9974,3.27,0.73,9.3,5
9.8,0.39,0.43,1.65,0.068,5.0,11.0,0.99478,3.19,0.46,11.4,5
6.7,0.48,0.08,2.1,0.064,18.0,34.0,0.99552,3.33,0.64,9.7,5
7.1,0.52,0.03,2.6,0.076,21.0,92.0,0.99745,3.5,0.6,9.8,5
7.3,0.735,0.0,2.2,0.08,18.0,28.0,0.99765,3.41,0.6,9.4,5
7.8,0.5,0.17,1.6,0.0819999999999999,21.0,102.0,0.996,3.39,0.48,9.5,5
7.0,0.59,0.0,1.7,0.052,3.0,8.0,0.996,3.41,0.47,10.3,5
11.1,0.35,0.48,3.1,0.09,5.0,21.0,0.9986,3.17,0.53,10.5,5
8.8,0.61,0.14,2.4,0.067,10.0,42.0,0.9969,3.19,0.59,9.5,5
9.1,0.34,0.42,1.8,0.0579999999999999,9.0,18.0,0.99392,3.18,0.55,11.4,5
6.7,0.58,0.08,1.8,0.0969999999999999,15.0,65.0,0.9959,3.28,0.54,9.2,5
8.3,0.6,0.25,2.2,0.118,9.0,38.0,0.99616,3.15,0.53,9.8,5
8.1,0.82,0.0,4.1,0.095,5.0,14.0,0.99854,3.36,0.53,9.6,5
7.7,0.39,0.12,1.7,0.0969999999999999,19.0,27.0,0.99596,3.16,0.49,9.4,5
7.7,0.96,0.2,2.0,0.047,15.0,60.0,0.9955,3.36,0.44,10.9,5
6.6,0.735,0.02,7.9,0.122,68.0,124.0,0.9994,3.47,0.53,9.9,5
8.3,0.56,0.22,2.4,0.0819999999999999,10.0,86.0,0.9983,3.37,0.62,9.5,5
6.2,0.45,0.2,1.6,0.069,3.0,15.0,0.9958,3.41,0.56,9.2,5
8.8,0.47,0.49,2.9,0.085,17.0,110.0,0.9982,3.29,0.6,9.8,5
10.0,0.32,0.59,2.2,0.077,3.0,15.0,0.9994,3.2,0.78,9.6,5
7.7,0.51,0.28,2.1,0.087,23.0,54.0,0.998,3.42,0.74,9.2,5
7.5,0.58,0.2,2.0,0.073,34.0,44.0,0.99494,3.1,0.43,9.3,5
9.5,0.37,0.52,2.0,0.0819999999999999,6.0,26.0,0.998,3.18,0.51,9.5,5
6.4,0.64,0.21,1.8,0.081,14.0,31.0,0.99689,3.59,0.66,9.8,5
7.4,0.47,0.46,2.2,0.114,7.0,20.0,0.99647,3.32,0.63,10.5,5
9.9,0.59,0.07,3.4,0.102,32.0,71.0,1.00015,3.31,0.71,9.8,5
9.8,0.45,0.38,2.5,0.081,34.0,66.0,0.99726,3.15,0.58,9.8,5
8.2,0.5,0.35,2.9,0.077,21.0,127.0,0.9976,3.23,0.62,9.4,5
11.9,0.58,0.66,2.5,0.072,6.0,37.0,0.9992,3.05,0.56,10.0,5
10.8,0.26,0.45,3.3,0.06,20.0,49.0,0.9972,3.13,0.54,9.6,5
7.0,0.42,0.19,2.3,0.071,18.0,36.0,0.99476,3.39,0.56,10.9,5
7.6,0.55,0.21,2.2,0.071,7.0,28.0,0.9964,3.28,0.55,9.7,5
7.5,0.77,0.2,8.1,0.098,30.0,92.0,0.99892,3.2,0.58,9.2,5
11.9,0.38,0.49,2.7,0.098,12.0,42.0,1.0004,3.16,0.61,10.3,5
9.0,0.45,0.49,2.6,0.084,21.0,75.0,0.9987,3.35,0.57,9.7,5
9.2,0.92,0.24,2.6,0.087,12.0,93.0,0.9998,3.48,0.54,9.8,5
6.0,0.64,0.05,1.9,0.066,9.0,17.0,0.99496,3.52,0.78,10.6,5
7.0,0.685,0.0,1.9,0.099,9.0,22.0,0.99606,3.34,0.6,9.7,5
8.6,0.37,0.65,6.4,0.08,3.0,8.0,0.99817,3.27,0.58,11.0,5
7.1,0.48,0.28,2.8,0.068,6.0,16.0,0.99682,3.24,0.53,10.3,5
11.3,0.37,0.5,1.8,0.09,20.0,47.0,0.99734,3.15,0.57,10.5,5
8.3,0.43,0.3,3.4,0.079,7.0,34.0,0.99788,3.36,0.61,10.5,5
11.6,0.42,0.53,3.3,0.105,33.0,98.0,1.001,3.2,0.95,9.2,5
9.5,0.885,0.27,2.3,0.084,31.0,145.0,0.9978,3.24,0.53,9.4,5
8.0,0.81,0.25,3.4,0.076,34.0,85.0,0.99668,3.19,0.42,9.2,5
7.2,0.65,0.02,2.3,0.094,5.0,31.0,0.9993,3.67,0.8,9.7,5
8.3,0.85,0.14,2.5,0.093,13.0,54.0,0.99724,3.36,0.54,10.1,5
6.1,0.32,0.25,2.3,0.071,23.0,58.0,0.99633,3.42,0.97,10.6,5
6.2,0.46,0.17,1.6,0.073,7.0,11.0,0.99425,3.61,0.54,11.4,5
7.6,0.43,0.29,2.1,0.075,19.0,66.0,0.99718,3.4,0.64,9.5,5
7.7,0.6,0.0,2.6,0.055,7.0,13.0,0.99639,3.38,0.56,10.8,5
8.1,0.78,0.1,3.3,0.09,4.0,13.0,0.99855,3.36,0.49,9.5,5
7.4,0.53,0.12,1.9,0.165,4.0,12.0,0.99702,3.26,0.86,9.2,5
9.9,0.35,0.41,2.3,0.083,11.0,61.0,0.9982,3.21,0.5,9.5,5
6.7,0.64,0.23,2.1,0.08,11.0,119.0,0.99538,3.36,0.7,10.9,5
7.1,0.34,0.28,2.0,0.0819999999999999,31.0,68.0,0.99694,3.45,0.48,9.4,5
7.7,0.775,0.42,1.9,0.092,8.0,86.0,0.9959,3.23,0.59,9.5,5
9.3,0.4,0.49,2.5,0.085,38.0,142.0,0.9978,3.22,0.55,9.4,5
7.8,0.53,0.01,1.6,0.077,3.0,19.0,0.995,3.16,0.46,9.8,5
7.1,0.34,0.28,2.0,0.0819999999999999,31.0,68.0,0.99694,3.45,0.48,9.4,5
7.1,0.56,0.14,1.6,0.078,7.0,18.0,0.99592,3.27,0.62,9.3,5
7.0,0.57,0.02,2.0,0.072,17.0,26.0,0.99575,3.36,0.61,10.2,5
8.3,0.6,0.25,2.2,0.118,9.0,38.0,0.99616,3.15,0.53,9.8,5
7.5,0.42,0.31,1.6,0.08,15.0,42.0,0.9978,3.31,0.64,9.0,5
7.4,0.41,0.24,1.8,0.066,18.0,47.0,0.9956,3.37,0.62,10.4,5
6.7,0.7,0.08,3.75,0.067,8.0,16.0,0.99334,3.43,0.52,12.6,5
12.5,0.38,0.6,2.6,0.081,31.0,72.0,0.9996,3.1,0.73,10.5,5
10.6,1.025,0.43,2.8,0.08,21.0,84.0,0.9985,3.06,0.57,10.1,5
10.0,0.38,0.38,1.6,0.1689999999999999,27.0,90.0,0.99914,3.15,0.65,8.5,5
9.9,0.54,0.45,2.3,0.071,16.0,40.0,0.9991,3.39,0.62,9.4,5
7.1,0.755,0.15,1.8,0.107,20.0,84.0,0.99593,3.19,0.5,9.5,5
10.0,0.58,0.22,1.9,0.08,9.0,32.0,0.9974,3.13,0.55,9.5,5
8.7,0.78,0.51,1.7,0.415,12.0,66.0,0.99623,3.0,1.17,9.2,5
13.0,0.32,0.65,2.6,0.093,15.0,47.0,0.9996,3.05,0.61,10.6,5
7.6,0.55,0.21,2.2,0.071,7.0,28.0,0.9964,3.28,0.55,9.7,5
6.5,0.46,0.14,2.4,0.114,9.0,37.0,0.99732,3.66,0.65,9.8,5
8.8,0.6,0.29,2.2,0.098,5.0,15.0,0.9988,3.36,0.49,9.1,5
8.1,1.33,0.0,1.8,0.0819999999999999,3.0,12.0,0.9964,3.54,0.48,10.9,5
6.8,0.775,0.0,3.0,0.102,8.0,23.0,0.9965,3.45,0.56,10.7,5
6.6,0.705,0.07,1.6,0.076,6.0,15.0,0.9962,3.44,0.58,10.7,5
6.4,0.57,0.02,1.8,0.067,4.0,11.0,0.997,3.46,0.68,9.5,5
8.9,0.31,0.36,2.6,0.0559999999999999,10.0,39.0,0.99562,3.4,0.69,11.8,5
12.3,0.5,0.49,2.2,0.089,5.0,14.0,1.0002,3.19,0.44,9.6,5
7.9,0.18,0.4,2.2,0.049,38.0,67.0,0.996,3.33,0.93,11.3,5
8.8,0.4,0.4,2.2,0.079,19.0,52.0,0.998,3.44,0.64,9.2,5
11.5,0.42,0.48,2.6,0.077,8.0,20.0,0.99852,3.09,0.53,11.0,5
8.6,0.47,0.47,2.4,0.074,7.0,29.0,0.9979,3.08,0.46,9.5,5
8.4,0.56,0.04,2.0,0.0819999999999999,10.0,22.0,0.9976,3.22,0.44,9.6,5
6.7,0.64,0.23,2.1,0.08,11.0,119.0,0.99538,3.36,0.7,10.9,5
9.5,0.57,0.27,2.3,0.0819999999999999,23.0,144.0,0.99782,3.27,0.55,9.4,5
12.3,0.39,0.63,2.3,0.091,6.0,18.0,1.0004,3.16,0.49,9.5,5
8.0,0.6,0.22,2.1,0.08,25.0,105.0,0.99613,3.3,0.49,9.9,5
7.8,0.43,0.32,2.8,0.08,29.0,58.0,0.9974,3.31,0.64,10.3,5
8.0,0.745,0.56,2.0,0.118,30.0,134.0,0.9968,3.24,0.66,9.4,5
9.3,0.61,0.26,3.4,0.09,25.0,87.0,0.99975,3.24,0.62,9.7,5
7.1,0.63,0.06,2.0,0.083,8.0,29.0,0.99855,3.67,0.73,9.6,5
6.8,0.48,0.25,2.0,0.076,29.0,61.0,0.9953,3.34,0.6,10.4,5
7.8,0.61,0.29,1.6,0.114,9.0,29.0,0.9974,3.26,1.56,9.1,5
7.2,0.66,0.03,2.3,0.078,16.0,86.0,0.99743,3.53,0.57,9.7,5
8.2,0.28,0.6,3.0,0.104,10.0,22.0,0.99828,3.39,0.68,10.6,5
8.4,0.745,0.11,1.9,0.09,16.0,63.0,0.9965,3.19,0.82,9.6,5
8.6,0.55,0.09,3.3,0.068,8.0,17.0,0.99735,3.23,0.44,10.0,5
7.1,0.71,0.0,1.9,0.08,14.0,35.0,0.9972,3.47,0.55,9.4,5
7.0,0.58,0.12,1.9,0.091,34.0,124.0,0.9956,3.44,0.48,10.5,5
6.9,0.55,0.15,2.2,0.076,19.0,40.0,0.9961,3.41,0.59,10.1,5
8.2,0.28,0.6,3.0,0.104,10.0,22.0,0.99828,3.39,0.68,10.6,5
7.0,0.62,0.1,1.4,0.071,27.0,63.0,0.996,3.28,0.61,9.2,5
8.8,0.6,0.29,2.2,0.098,5.0,15.0,0.9988,3.36,0.49,9.1,5
8.3,0.65,0.1,2.9,0.089,17.0,40.0,0.99803,3.29,0.55,9.5,5
7.9,0.69,0.21,2.1,0.08,33.0,141.0,0.9962,3.25,0.51,9.9,5
7.1,0.62,0.06,1.3,0.07,5.0,12.0,0.9942,3.17,0.48,9.8,5
8.5,0.21,0.52,1.9,0.09,9.0,23.0,0.99648,3.36,0.67,10.4,5
8.2,0.73,0.21,1.7,0.074,5.0,13.0,0.9968,3.2,0.52,9.5,5
8.8,0.24,0.54,2.5,0.083,25.0,57.0,0.9983,3.39,0.54,9.2,5
8.2,0.56,0.23,3.4,0.078,14.0,104.0,0.9976,3.28,0.62,9.4,5
8.6,0.63,0.17,2.9,0.099,21.0,119.0,0.998,3.09,0.52,9.3,5
7.8,0.6,0.26,2.0,0.08,31.0,131.0,0.99622,3.21,0.52,9.9,5
10.0,0.69,0.11,1.4,0.084,8.0,24.0,0.99578,2.88,0.47,9.7,5
7.7,1.005,0.15,2.1,0.102,11.0,32.0,0.99604,3.23,0.48,10.0,5
8.9,0.875,0.13,3.45,0.088,4.0,14.0,0.9994,3.44,0.52,11.5,5
7.3,0.73,0.24,1.9,0.108,18.0,102.0,0.9967,3.26,0.59,9.3,5
12.3,0.39,0.63,2.3,0.091,6.0,18.0,1.0004,3.16,0.49,9.5,5
7.0,0.62,0.08,1.8,0.076,8.0,24.0,0.9978,3.48,0.53,9.0,5
7.6,0.685,0.23,2.3,0.111,20.0,84.0,0.9964,3.21,0.61,9.3,5
15.5,0.645,0.49,4.2,0.095,10.0,23.0,1.00315,2.92,0.74,11.1,5
7.6,0.46,0.11,2.6,0.079,12.0,49.0,0.9968,3.21,0.57,10.0,5
8.1,0.725,0.22,2.2,0.072,11.0,41.0,0.9967,3.36,0.55,9.1,5
6.2,0.63,0.31,1.7,0.088,15.0,64.0,0.9969,3.46,0.79,9.3,5
7.8,0.88,0.0,2.6,0.098,25.0,67.0,0.9968,3.2,0.68,9.8,5
7.8,0.53,0.01,1.6,0.077,3.0,19.0,0.995,3.16,0.46,9.8,5
11.2,0.4,0.5,2.0,0.099,19.0,50.0,0.99783,3.1,0.58,10.4,5
8.1,0.575,0.22,2.1,0.077,12.0,65.0,0.9967,3.29,0.51,9.2,5
7.8,0.87,0.26,3.8,0.107,31.0,67.0,0.99668,3.26,0.46,9.2,5
7.3,0.59,0.26,7.2,0.07,35.0,121.0,0.9981,3.37,0.49,9.4,5
8.9,0.595,0.41,7.9,0.086,30.0,109.0,0.9998,3.27,0.57,9.3,5
6.1,0.34,0.25,1.8,0.084,4.0,28.0,0.99464,3.36,0.44,10.1,5
8.9,0.48,0.24,2.85,0.094,35.0,106.0,0.9982,3.1,0.53,9.2,5
7.2,0.655,0.03,1.8,0.078,7.0,12.0,0.99587,3.34,0.39,9.5,5
7.8,0.82,0.29,4.3,0.083,21.0,64.0,0.99642,3.16,0.53,9.4,5
5.6,0.66,0.0,2.5,0.066,7.0,15.0,0.99256,3.52,0.58,12.9,5
7.2,0.73,0.02,2.5,0.076,16.0,42.0,0.9972,3.44,0.52,9.3,5
6.6,0.57,0.02,2.1,0.115,6.0,16.0,0.99654,3.38,0.69,9.5,5
7.1,0.69,0.04,2.1,0.068,19.0,27.0,0.99712,3.44,0.67,9.8,5
7.8,0.41,0.68,1.7,0.467,18.0,69.0,0.9973,3.08,1.31,9.3,5
7.7,0.39,0.12,1.7,0.0969999999999999,19.0,27.0,0.99596,3.16,0.49,9.4,5
7.1,0.31,0.3,2.2,0.053,36.0,127.0,0.9965,2.94,1.62,9.5,5
8.1,0.78,0.23,2.6,0.059,5.0,15.0,0.997,3.37,0.56,11.3,5
7.6,0.41,0.24,1.8,0.08,4.0,11.0,0.9962,3.28,0.59,9.5,5
9.3,0.43,0.44,1.9,0.085,9.0,22.0,0.99708,3.28,0.55,9.5,5
8.8,0.61,0.14,2.4,0.067,10.0,42.0,0.9969,3.19,0.59,9.5,5
7.8,0.815,0.01,2.6,0.074,48.0,90.0,0.99621,3.38,0.62,10.8,5
7.7,0.965,0.1,2.1,0.1119999999999999,11.0,22.0,0.9963,3.26,0.5,9.5,5
7.0,0.23,0.4,1.6,0.063,21.0,67.0,0.9952,3.5,0.63,11.1,5
7.2,0.54,0.27,2.6,0.084,12.0,78.0,0.9964,3.39,0.71,11.0,5
7.2,0.695,0.13,2.0,0.076,12.0,20.0,0.99546,3.29,0.54,10.1,5
7.4,0.36,0.29,2.6,0.087,26.0,72.0,0.99645,3.39,0.68,11.0,5
6.7,0.54,0.13,2.0,0.076,15.0,36.0,0.9973,3.61,0.64,9.8,5
6.2,0.64,0.09,2.5,0.081,15.0,26.0,0.99538,3.57,0.63,12.0,5
7.2,0.62,0.06,2.5,0.078,17.0,84.0,0.99746,3.51,0.53,9.7,5
8.1,0.78,0.23,2.6,0.059,5.0,15.0,0.997,3.37,0.56,11.3,5
7.8,0.56,0.19,1.8,0.104,12.0,47.0,0.9964,3.19,0.93,9.5,5
8.6,0.52,0.38,1.5,0.096,5.0,18.0,0.99666,3.2,0.52,9.4,5
7.2,0.49,0.24,2.2,0.07,5.0,36.0,0.996,3.33,0.48,9.4,5
6.8,0.59,0.1,1.7,0.063,34.0,53.0,0.9958,3.41,0.67,9.7,5
10.6,0.28,0.39,15.5,0.069,6.0,23.0,1.0026,3.12,0.66,9.2,5
8.0,0.52,0.25,2.0,0.078,19.0,59.0,0.99612,3.3,0.48,10.2,5
5.0,1.04,0.24,1.6,0.05,32.0,96.0,0.9934,3.74,0.62,11.5,5
6.2,0.46,0.29,2.1,0.074,32.0,98.0,0.99578,3.33,0.62,9.8,5
6.8,0.915,0.29,4.8,0.07,15.0,39.0,0.99577,3.53,0.54,11.1,5
9.3,0.715,0.24,2.1,0.07,5.0,20.0,0.9966,3.12,0.59,9.9,5
8.3,0.615,0.22,2.6,0.087,6.0,19.0,0.9982,3.26,0.61,9.3,5
7.3,0.695,0.0,2.5,0.075,3.0,13.0,0.998,3.49,0.52,9.2,5
6.1,0.6,0.08,1.8,0.071,14.0,45.0,0.99336,3.38,0.54,11.0,5
7.6,0.9,0.06,2.5,0.079,5.0,10.0,0.9967,3.39,0.56,9.8,5
7.1,0.36,0.3,1.6,0.08,35.0,70.0,0.99693,3.44,0.5,9.4,5
8.2,0.73,0.21,1.7,0.074,5.0,13.0,0.9968,3.2,0.52,9.5,5
6.4,0.64,0.21,1.8,0.081,14.0,31.0,0.99689,3.59,0.66,9.8,5
7.8,0.64,0.0,1.9,0.072,27.0,55.0,0.9962,3.31,0.63,11.0,5
7.8,0.55,0.35,2.2,0.074,21.0,66.0,0.9974,3.25,0.56,9.2,5
11.1,0.39,0.54,2.7,0.095,21.0,101.0,1.0001,3.13,0.51,9.5,5
8.0,0.64,0.22,2.4,0.094,5.0,33.0,0.99612,3.37,0.58,11.0,5
15.6,0.645,0.49,4.2,0.095,10.0,23.0,1.00315,2.92,0.74,11.1,5
9.0,0.58,0.25,2.0,0.104,8.0,21.0,0.99769,3.27,0.72,9.6,5
7.1,0.59,0.01,2.5,0.077,20.0,85.0,0.99746,3.55,0.59,9.8,5
7.5,0.61,0.26,1.9,0.073,24.0,88.0,0.99612,3.3,0.53,9.8,5
6.6,0.7,0.08,2.6,0.106,14.0,27.0,0.99665,3.44,0.58,10.2,5
9.5,0.86,0.26,1.9,0.079,13.0,28.0,0.99712,3.25,0.62,10.0,5
8.9,0.565,0.34,3.0,0.093,16.0,112.0,0.9998,3.38,0.61,9.5,5
7.1,0.46,0.14,2.8,0.076,15.0,37.0,0.99624,3.36,0.49,10.7,5
8.7,0.765,0.22,2.3,0.064,9.0,42.0,0.9963,3.1,0.55,9.4,5
8.3,0.705,0.12,2.6,0.092,12.0,28.0,0.9994,3.51,0.72,10.0,5
7.7,0.69,0.05,2.7,0.075,15.0,27.0,0.9974,3.26,0.61,9.1,5
8.0,0.62,0.35,2.8,0.086,28.0,52.0,0.997,3.31,0.62,10.8,5
7.3,0.58,0.3,2.4,0.074,15.0,55.0,0.9968,3.46,0.59,10.2,5
9.0,0.785,0.24,1.7,0.078,10.0,21.0,0.99692,3.29,0.67,10.0,5
7.0,0.805,0.0,2.5,0.068,7.0,20.0,0.9969,3.48,0.56,9.6,5
7.6,0.41,0.33,2.5,0.078,6.0,23.0,0.9957,3.3,0.58,11.2,5
9.6,0.41,0.37,2.3,0.091,10.0,23.0,0.99786,3.24,0.56,10.5,5
6.8,0.69,0.0,5.6,0.124,21.0,58.0,0.9997,3.46,0.72,10.2,5
6.8,0.67,0.0,1.9,0.08,22.0,39.0,0.99701,3.4,0.74,9.7,5
12.5,0.56,0.49,2.4,0.064,5.0,27.0,0.9999,3.08,0.87,10.9,5
5.9,0.645,0.12,2.0,0.075,32.0,44.0,0.99547,3.57,0.71,10.2,5
8.1,0.66,0.22,2.2,0.069,9.0,23.0,0.9968,3.3,1.2,10.3,5
9.1,0.47,0.49,2.6,0.094,38.0,106.0,0.9982,3.08,0.59,9.1,5
7.5,0.6,0.03,1.8,0.095,25.0,99.0,0.995,3.35,0.54,10.1,5
7.5,0.49,0.19,1.9,0.076,10.0,44.0,0.9957,3.39,0.54,9.7,5
7.3,0.835,0.03,2.1,0.092,10.0,19.0,0.9966,3.39,0.47,9.6,5
8.7,0.78,0.51,1.7,0.415,12.0,66.0,0.99623,3.0,1.17,9.2,5
8.2,0.57,0.26,2.2,0.06,28.0,65.0,0.9959,3.3,0.43,10.1,5
7.9,0.885,0.03,1.8,0.0579999999999999,4.0,8.0,0.9972,3.36,0.33,9.1,4
7.6,0.68,0.02,1.3,0.072,9.0,20.0,0.9965,3.17,1.08,9.2,4
8.5,0.4,0.4,6.3,0.05,3.0,10.0,0.99566,3.28,0.56,12.0,4
6.2,0.785,0.0,2.1,0.06,6.0,13.0,0.99664,3.59,0.61,10.0,4
9.2,0.52,1.0,3.4,0.61,32.0,69.0,0.9996,2.74,2.0,9.4,4
8.3,0.845,0.01,2.2,0.07,5.0,14.0,0.9967,3.32,0.58,11.0,4
5.0,1.02,0.04,1.4,0.045,41.0,85.0,0.9938,3.75,0.48,10.5,4
8.4,0.67,0.19,2.2,0.093,11.0,75.0,0.99736,3.2,0.59,9.2,4
8.8,0.61,0.3,2.8,0.088,17.0,46.0,0.9976,3.26,0.51,9.3,4
6.4,0.53,0.09,3.9,0.123,14.0,31.0,0.9968,3.5,0.67,11.0,4
6.5,0.88,0.03,5.6,0.079,23.0,47.0,0.99572,3.58,0.5,11.2,4
5.6,0.62,0.03,1.5,0.08,6.0,13.0,0.99498,3.66,0.62,10.1,4
8.3,0.625,0.2,1.5,0.08,27.0,119.0,0.9972,3.16,1.12,9.1,4
7.0,0.975,0.04,2.0,0.087,12.0,67.0,0.99565,3.35,0.6,9.4,4
12.5,0.46,0.49,4.5,0.07,26.0,49.0,0.9981,3.05,0.57,9.6,4
7.3,0.55,0.03,1.6,0.072,17.0,42.0,0.9956,3.37,0.48,9.0,4
9.9,0.5,0.24,2.3,0.103,6.0,14.0,0.9978,3.34,0.52,10.0,4
7.3,0.35,0.24,2.0,0.067,28.0,48.0,0.99576,3.43,0.54,10.0,4
8.1,0.87,0.0,3.3,0.096,26.0,61.0,1.00025,3.6,0.72,9.8,4
11.6,0.47,0.44,1.6,0.147,36.0,51.0,0.99836,3.38,0.86,9.9,4
10.1,0.935,0.22,3.4,0.105,11.0,86.0,1.001,3.43,0.64,11.3,4
6.9,1.09,0.06,2.1,0.061,12.0,31.0,0.9948,3.51,0.43,11.4,4
8.8,0.955,0.05,1.8,0.075,5.0,19.0,0.99616,3.3,0.44,9.6,4
6.7,1.04,0.08,2.3,0.067,19.0,32.0,0.99648,3.52,0.57,11.0,4
7.5,0.38,0.48,2.6,0.073,22.0,84.0,0.9972,3.32,0.7,9.6,4
6.9,0.39,0.24,2.1,0.102,4.0,7.0,0.99462,3.44,0.58,11.4,4
6.3,1.02,0.0,2.0,0.083,17.0,24.0,0.99437,3.59,0.55,11.2,4
7.5,0.685,0.07,2.5,0.0579999999999999,5.0,9.0,0.99632,3.38,0.55,10.9,4
8.1,0.73,0.0,2.5,0.081,12.0,24.0,0.99798,3.38,0.46,9.6,4
8.3,0.675,0.26,2.1,0.084,11.0,43.0,0.9976,3.31,0.53,9.2,4
9.1,0.765,0.04,1.6,0.078,4.0,14.0,0.998,3.29,0.54,9.7,4
4.6,0.52,0.15,2.1,0.054,8.0,65.0,0.9934,3.9,0.56,13.1,4
4.6,0.906,0.28,2.8,0.0848662854887015,25.0,35.0,0.99742,3.67,1.39,9.0,4
9.7,0.35,0.27,6.3,0.12030645424502984,5.0,7.0,0.99631,3.54,0.75,10.5,4
4.6,0.737,0.0,2.6,0.061019512550402534,8.0,52.0,0.99901,3.88,0.66,9.8,4
4.6,0.35,0.2,1.8,0.1308342963037367,23.0,10.0,0.99405,3.6,0.76,10.5,4
9.3,0.58,0.01,3.5,0.14919283223151725,5.0,7.0,1.00064,3.9,0.59,11.0,4
6.0,0.846,0.15,4.1,0.059155610115991464,3.0,7.0,0.9948,3.69,0.55,9.0,4
6.7,0.787,0.06,3.5,0.11810043407048737,4.0,7.0,0.9934,3.66,0.67,9.0,4
6.6,0.499,0.26,1.6,0.10753148328996487,38.0,20.0,0.9934,3.38,0.36,9.7,4
5.7,0.44,0.27,2.6,0.07716212789687182,3.0,71.0,0.99834,3.9,0.73,10.3,4
5.8,0.35,0.04,2.0,0.1209144749395395,12.0,7.0,0.99773,3.55,0.51,12.3,4
9.7,1.033,0.14,3.7,0.045,3.0,38.0,0.9934,3.79,0.67,9.2,4
4.6,0.35,0.04,1.5,0.14402911250591366,7.0,32.0,0.99692,3.73,0.67,9.4,4
6.7,0.844,0.0,2.6,0.08547583216687232,12.0,60.0,0.99648,3.38,0.45,12.7,4
4.6,0.379,0.41,2.5,0.1080470495495824,3.0,28.0,0.99618,3.47,0.76,10.2,4
5.6,0.57,0.31,2.8,0.0678867187424624,4.0,7.0,0.9975,3.62,0.63,9.0,4
6.5,0.724,0.0,3.0,0.1317847867957091,3.0,7.0,0.99664,3.67,0.63,11.8,4
5.8,0.753,0.01,3.1,0.10706515039943564,3.0,7.0,0.99522,3.2,0.72,9.3,4
7.7,0.545,0.0,2.6,0.08831426988558247,3.0,25.0,0.99481,3.79,0.57,9.8,4
6.2,0.743,0.01,3.9,0.15664795326857373,3.0,7.0,0.99548,3.6,0.58,9.8,4
6.9,0.35,0.19,3.6,0.05160334697656227,3.0,15.0,0.99397,3.51,0.72,9.1,4
6.1,0.515,0.02,2.0,0.10259244205204783,3.0,7.0,0.99598,3.82,0.57,9.0,4
6.4,0.642,0.05,2.2,0.12555039160001713,9.0,7.0,0.99615,3.84,0.54,9.2,4
7.0,0.714,0.21,6.3,0.09740831586176696,10.0,113.0,0.99899,3.48,0.69,10.6,4
7.9,0.35,0.39,3.1,0.0968150140573302,3.0,70.0,0.99739,3.59,0.68,13.0,4
4.6,0.916,0.09,3.7,0.10759169313146663,13.0,7.0,0.99529,3.81,0.5,13.1,4
10.2,0.689,0.36,2.0,0.08714548536113588,3.0,7.0,0.99582,3.64,0.44,9.3,4
5.8,0.914,0.03,6.3,0.13638391909154632,3.0,7.0,0.99478,3.68,0.7,9.0,4
9.6,0.35,0.15,6.3,0.09108334145893188,3.0,7.0,0.99455,3.78,0.8,12.8,4
6.9,0.488,0.15,3.2,0.07432488962462909,6.0,9.0,0.99607,3.57,0.76,9.0,4
6.6,1.09,0.0,2.7,0.045,3.0,51.0,0.99656,3.86,0.73,9.4,4
6.2,0.669,0.23,1.7,0.11534957704322477,9.0,7.0,0.99593,3.69,0.67,10.9,4
4.6,0.35,0.29,2.8,0.08155307494796978,10.0,7.0,1.001,3.6,0.42,9.3,4
6.0,0.459,0.21,3.1,0.13685260867635762,7.0,13.0,0.9934,3.61,0.76,10.4,4
8.4,0.661,0.14,3.3,0.09805514163354502,6.0,48.0,0.99922,3.42,0.56,10.5,4
6.8,0.937,0.0,5.6,0.5814366468269887,3.0,22.0,0.99644,3.71,0.63,9.0,4
5.9,0.896,0.05,6.3,0.045,3.0,7.0,0.99847,3.31,0.53,9.3,4
10.6,1.022,0.0,5.8,0.045,10.0,29.0,0.99741,3.59,0.39,11.8,4
6.4,0.831,0.47,3.8,0.09756528681209109,4.0,7.0,0.9934,3.76,0.7,11.2,4
7.8,0.371,0.32,2.4,0.060167755652848744,3.0,67.0,0.99436,3.29,0.51,9.9,4
9.2,0.752,0.02,2.7,0.045,5.0,60.0,0.9934,3.52,0.62,10.7,4
8.6,0.355,0.0,2.3,0.045,7.0,20.0,0.99811,3.38,0.4,9.2,4
6.4,0.35,0.18,6.3,0.1328328019911724,3.0,7.0,0.9946,3.47,0.58,9.8,4
6.5,0.709,0.0,3.1,0.08956149406951103,4.0,34.0,0.9997,3.54,2.0,10.9,4
9.2,0.957,0.13,2.2,0.61,8.0,119.0,0.9934,3.83,0.59,10.6,4
4.7,0.35,0.03,2.5,0.04912844180951516,3.0,7.0,0.99824,3.58,0.57,9.0,4
6.3,0.952,0.25,2.8,0.11753551869690547,3.0,7.0,0.99928,3.8,0.43,9.7,4
5.9,0.65,0.14,4.8,0.11452051900192145,3.0,7.0,1.001,3.76,0.54,9.3,4
5.0,0.538,0.0,2.9,0.3971090261980821,7.0,17.0,0.9985,3.12,0.36,11.7,4
5.7,0.638,0.19,3.3,0.1268297068546185,11.0,7.0,0.99793,3.7,0.66,10.9,4
8.2,0.984,0.14,1.3,0.045,4.0,7.0,0.99552,3.37,0.34,9.5,4
10.6,1.09,0.05,2.2,0.045,12.0,7.0,0.99852,3.45,0.43,9.0,4
8.6,0.898,0.07,2.8,0.09688704755943552,3.0,7.0,0.99493,3.27,0.61,9.8,4
6.5,0.761,0.11,3.0,0.09061530293904842,3.0,21.0,0.99684,3.49,0.68,9.0,4
4.6,0.35,0.09,3.5,0.1219616574149222,3.0,7.0,0.99949,3.56,0.71,10.0,4
10.2,0.788,0.09,3.7,0.0861672900470232,3.0,119.0,1.00057,3.34,0.34,9.3,4
12.5,0.965,0.24,6.3,0.05008311519270314,3.0,59.0,0.99446,3.49,0.45,9.0,4
5.4,0.931,0.23,5.3,0.13775635109894172,3.0,7.0,0.9934,3.72,0.82,9.6,4
7.4,0.581,0.0,3.3,0.056136668664950345,5.0,15.0,0.99398,3.4,0.33,10.5,4
6.2,0.393,0.0,3.5,0.12851200397091633,3.0,7.0,1.00011,3.9,0.68,13.1,4
4.6,0.493,0.3,1.5,0.045,19.0,7.0,0.99403,3.64,0.51,13.0,4
4.9,0.938,0.4,3.0,0.07303696705054623,7.0,50.0,0.9934,3.41,0.54,9.5,4
9.5,0.51,0.0,3.3,0.045,11.0,7.0,0.9934,3.64,0.47,9.6,4
9.0,0.595,0.09,2.8,0.10427299817250152,5.0,35.0,0.99414,3.9,0.58,9.0,4
7.7,0.35,0.12,2.4,0.045,3.0,9.0,0.9934,3.54,0.38,10.1,4
9.1,0.669,0.3,3.7,0.045,6.0,7.0,0.99368,3.9,0.75,9.8,4
7.0,0.682,0.2,4.0,0.13057742627239466,3.0,28.0,0.9934,3.53,0.83,10.6,4
6.2,0.699,0.05,2.5,0.09528196192087918,8.0,7.0,0.9934,3.21,0.62,10.6,4
9.7,0.836,0.0,5.5,0.07603301111072307,3.0,17.0,0.99774,3.46,0.33,9.2,4
6.5,0.527,0.22,2.7,0.11516380973227638,9.0,14.0,0.99443,3.33,0.72,12.6,4
7.3,0.578,0.15,2.4,0.054942207265046214,3.0,7.0,0.99484,3.75,0.51,12.8,4
5.4,0.35,0.0,5.9,0.09148746951641495,3.0,7.0,0.99512,3.48,1.06,11.7,4
5.1,0.458,0.17,1.9,0.045,3.0,7.0,0.9956,3.23,0.67,9.0,4
7.1,0.963,0.0,6.3,0.10425787256779467,13.0,7.0,0.9934,3.36,0.45,10.1,4
6.9,0.733,0.08,6.0,0.12838146625666347,10.0,7.0,0.99364,3.53,0.63,10.9,4
4.6,0.789,0.36,2.9,0.05347076355401608,8.0,12.0,0.9956,3.64,0.52,9.4,4
4.6,0.907,0.02,1.4,0.04774761829860506,6.0,7.0,0.9983,3.76,0.72,9.0,4
10.8,0.5,0.17,2.6,0.15975832031116416,3.0,7.0,0.99396,3.8,0.63,9.8,4
8.0,0.516,0.0,2.8,0.08504645966964923,4.0,26.0,0.99389,3.9,0.69,10.8,4
5.9,0.804,0.0,3.6,0.11632900375421337,17.0,7.0,0.99934,3.81,0.49,11.4,4
5.1,0.993,0.0,3.8,0.0866854686041908,6.0,21.0,0.99694,3.9,0.69,9.5,4
4.6,0.516,0.65,2.6,0.06532405002313922,3.0,56.0,0.9934,3.85,0.71,12.4,4
5.4,0.35,0.34,2.2,0.0752431568234835,3.0,7.0,0.99969,3.9,0.57,9.3,4
10.2,0.55,0.08,3.6,0.14436639307476623,3.0,35.0,0.99697,3.71,0.75,9.4,4
8.6,0.666,0.25,2.9,0.04634482898232625,13.0,7.0,0.99964,3.53,0.45,9.9,4
10.5,0.878,0.99,1.7,0.11684965957324231,16.0,51.0,0.99859,3.69,0.58,9.0,4
7.9,1.09,0.22,3.5,0.05394270042562811,3.0,7.0,0.9962,3.68,0.69,9.1,4
9.0,0.361,0.15,3.4,0.09379673653175873,3.0,27.0,0.99756,3.62,0.52,11.3,4
5.2,0.35,0.07,3.3,0.10021525288905062,35.0,27.0,0.9988,3.48,0.42,9.0,4
6.6,0.901,0.0,3.5,0.13529571791814046,9.0,7.0,0.9934,3.65,0.53,9.0,4
7.7,0.408,0.0,3.3,0.049138273693709766,3.0,27.0,0.99457,3.64,0.48,9.4,4
6.3,0.375,0.18,1.6,0.07735013434871256,12.0,66.0,1.00008,3.76,0.57,9.0,4
5.6,0.615,0.0,3.0,0.14989335880308619,12.0,53.0,0.99708,3.37,0.75,10.4,4
7.6,0.436,0.32,2.2,0.10487310963381342,3.0,7.0,0.9934,3.82,1.01,12.4,4
4.6,0.35,0.0,1.6,0.10994726533129104,10.0,33.0,0.9934,3.23,0.7,10.6,4
8.2,0.615,0.15,2.4,0.047723572300602625,3.0,7.0,1.001,3.71,0.95,9.0,4
6.8,0.719,0.29,2.9,0.07070160840727234,7.0,21.0,0.99547,3.52,0.48,9.9,4
9.8,0.946,0.0,3.9,0.07319251851857084,3.0,71.0,0.9934,3.54,0.45,9.4,4
4.6,0.667,0.0,3.2,0.16354423185162958,3.0,36.0,0.9934,3.65,0.46,13.1,4
6.2,1.09,0.0,2.3,0.0660165773377179,3.0,10.0,0.99606,3.53,0.59,9.6,4
6.7,0.35,0.0,2.1,0.06787701948260495,3.0,7.0,0.99659,3.62,0.43,9.6,4
7.5,1.09,0.0,2.3,0.07288033208187622,12.0,54.0,0.99576,3.46,0.69,9.0,4
8.6,0.759,0.0,4.1,0.06982308148820927,7.0,12.0,0.99575,3.14,0.43,9.3,4
6.3,0.497,0.27,3.4,0.1450793622205121,12.0,51.0,0.9944,3.39,0.67,10.7,4
9.4,0.768,0.15,3.1,0.13544598048835602,12.0,7.0,0.99427,3.85,0.5,11.6,4
7.2,0.791,0.11,2.9,0.16476942398740552,3.0,7.0,1.001,3.3,0.71,10.2,4
5.2,0.387,0.09,6.3,0.11934387484377953,3.0,7.0,1.001,3.6,0.82,11.4,4
4.6,0.409,0.01,3.3,0.11128716659824137,6.0,21.0,0.9934,3.47,0.63,9.9,4
7.0,0.913,0.28,2.6,0.045,3.0,7.0,0.99645,3.57,0.63,9.0,4
9.4,0.539,0.21,3.0,0.13506979035033306,3.0,7.0,0.9934,3.54,0.6,9.1,4
9.9,0.836,0.11,2.9,0.13974262962627537,3.0,33.0,0.99827,3.64,2.0,9.9,4
5.8,0.927,0.43,6.3,0.07616833495597959,3.0,29.0,0.99633,3.9,0.44,9.0,4
6.1,0.565,0.15,2.7,0.1303053968774236,4.0,7.0,1.001,3.9,0.41,9.2,4
11.2,0.35,0.0,2.0,0.09728379688106946,5.0,7.0,0.9947,3.77,0.61,9.0,4
6.4,0.577,0.0,1.9,0.1478729869794806,3.0,48.0,0.99423,3.81,0.38,9.4,4
8.8,0.35,0.25,1.3,0.140649387845908,27.0,68.0,0.99491,3.57,0.66,10.4,4
6.7,0.876,0.01,2.3,0.13427190304718106,15.0,7.0,0.99618,3.62,0.5,10.0,4
5.3,0.866,0.0,6.3,0.1384658093167803,7.0,7.0,0.9955,3.78,0.69,10.0,4
9.6,0.704,0.12,2.8,0.045,11.0,119.0,0.99463,3.31,0.75,9.0,4
10.2,0.905,0.0,2.8,0.05288517003681169,3.0,7.0,0.99644,3.72,0.58,9.4,4
7.5,0.884,0.06,3.3,0.07102550195591059,3.0,7.0,0.99855,3.8,0.5,12.7,4
10.9,1.09,0.14,3.1,0.08013708189931536,3.0,7.0,0.99488,3.61,0.51,11.5,4
8.0,1.029,0.15,3.8,0.08791686628388522,3.0,42.0,1.00098,3.71,0.73,10.9,4
8.1,0.589,0.0,2.8,0.07774193075419157,14.0,18.0,0.99374,3.65,0.65,10.2,4
4.6,0.584,0.32,2.1,0.08201766644076294,9.0,25.0,0.99591,3.68,0.57,9.2,4
7.9,0.792,0.19,6.0,0.045,3.0,20.0,0.99378,3.52,0.54,9.4,4
5.3,0.419,0.0,3.1,0.059563290898142635,8.0,32.0,0.99611,3.2,0.7,10.1,4
7.1,0.634,0.0,5.3,0.09287193818713722,3.0,22.0,0.9938,3.18,0.34,9.8,4
4.9,0.35,0.13,2.4,0.1525376983930148,4.0,7.0,0.9934,3.81,0.59,9.9,4
5.7,1.09,0.0,2.2,0.07869458704177897,3.0,7.0,0.9934,3.74,0.35,9.5,4
6.8,0.759,0.04,1.9,0.07435924857146728,12.0,42.0,0.9958,3.6,0.55,9.3,4
10.7,0.416,0.35,2.1,0.07639893371369845,3.0,7.0,0.99569,3.78,0.36,9.8,4
6.3,0.826,0.0,2.5,0.09316153990488972,19.0,7.0,0.99883,3.55,0.59,9.1,4
5.8,0.653,0.22,2.8,0.11629491367307687,3.0,36.0,0.99868,3.63,0.45,10.3,4
8.5,0.402,0.22,2.2,0.045,5.0,7.0,0.99628,3.6,0.72,9.8,4
5.7,0.529,0.8,2.0,0.17283005148305267,3.0,62.0,0.99668,3.5,0.64,12.4,4
8.7,1.09,0.21,3.2,0.08045558394211096,3.0,7.0,0.99632,3.47,0.48,11.3,4
8.2,0.959,0.0,3.4,0.07735109165529168,5.0,15.0,0.9934,3.05,1.99,10.0,4
5.5,0.462,0.22,3.8,0.29556219491107305,3.0,59.0,0.9934,3.56,0.42,9.0,4
5.1,0.999,0.21,1.8,0.09268562028424365,3.0,7.0,0.99589,3.62,0.73,11.6,4
7.0,0.409,0.0,3.0,0.10651839893355729,6.0,7.0,0.99348,3.43,0.75,10.2,4
9.7,0.726,0.09,2.7,0.61,3.0,13.0,0.99424,3.55,0.48,10.7,4
8.8,0.669,0.08,2.6,0.12465575765615228,5.0,8.0,0.99447,3.5,0.66,12.3,4
4.6,0.35,0.29,3.0,0.045,5.0,7.0,0.99562,3.61,0.82,10.1,4
9.9,0.365,0.0,2.8,0.050620965556098574,3.0,38.0,0.9934,3.77,0.51,10.9,4
7.6,0.669,0.07,6.3,0.10983912425055671,3.0,7.0,0.99411,3.79,0.51,10.0,4
4.6,0.378,0.39,3.1,0.06634513202896933,24.0,22.0,0.99543,3.84,0.81,9.0,4
8.1,0.35,0.0,1.4,0.045,11.0,9.0,0.99599,3.9,0.46,10.5,4
9.4,0.479,0.24,2.1,0.12603105756436572,31.0,7.0,0.99683,2.74,0.48,9.8,4
7.2,0.641,0.0,2.1,0.045,5.0,7.0,0.99751,3.83,0.38,12.0,4
5.6,0.609,0.14,2.7,0.16415777018984162,11.0,7.0,0.99591,3.29,0.65,10.6,4
6.5,0.35,0.22,3.5,0.045,3.0,7.0,0.99647,3.79,0.86,10.6,4
7.1,0.997,0.12,3.1,0.14187405222819413,3.0,7.0,0.99434,3.58,0.87,9.0,4
8.0,0.782,0.08,2.4,0.1524446716640132,3.0,7.0,0.99507,3.45,0.55,9.8,4
6.3,0.9,0.14,2.9,0.06638514599716554,3.0,55.0,0.99516,3.05,0.51,9.1,4
7.2,0.588,0.0,3.6,0.05175338448729658,21.0,7.0,0.99447,3.9,1.34,10.3,4
4.7,1.046,0.1,6.3,0.15568244809406734,17.0,35.0,0.99872,3.7,0.63,9.8,4
5.2,1.09,0.0,3.1,0.11960964437003677,3.0,89.0,0.99677,3.9,0.75,9.7,4
4.6,0.659,0.03,3.2,0.10708573369656248,3.0,47.0,0.99698,3.22,0.5,10.4,4
8.2,1.09,0.16,3.6,0.04582672276570619,3.0,7.0,0.99546,3.56,0.39,9.0,4
4.6,0.463,0.01,2.9,0.15317306059935926,28.0,36.0,0.99532,3.5,0.74,9.4,4
7.1,0.947,0.25,5.6,0.11924304176591452,3.0,75.0,0.99357,3.79,0.63,11.6,4
8.6,0.734,0.23,3.8,0.123617879782751,3.0,26.0,0.99925,3.75,0.51,9.6,4
7.0,0.86,0.0,3.2,0.0960217581567885,10.0,7.0,0.9934,3.69,0.53,10.4,4
4.6,0.35,0.0,2.2,0.10614756842632322,25.0,33.0,0.99698,3.23,0.69,10.5,4
8.4,0.76,0.0,3.2,0.045,3.0,41.0,0.9934,3.58,0.41,9.8,4
4.9,0.754,0.0,1.3,0.14289984119231752,3.0,66.0,0.99537,3.82,0.82,9.5,4
6.4,0.531,0.14,3.4,0.06859244659939948,3.0,72.0,0.99415,3.64,0.53,9.7,4
8.9,0.594,0.0,3.4,0.045,3.0,7.0,0.995,3.78,0.53,9.0,4
7.3,1.09,0.0,3.7,0.11364325965000807,3.0,7.0,0.99364,3.5,0.78,9.3,4
10.0,0.771,0.18,3.5,0.12068746387108671,3.0,7.0,0.99487,3.41,0.61,9.0,4
5.4,0.35,0.3,1.6,0.07401790567897842,3.0,7.0,0.9934,3.73,1.57,9.4,4
8.7,1.09,0.25,3.2,0.09524442360697657,3.0,7.0,0.99581,3.63,0.63,9.9,4
6.4,0.581,0.0,2.9,0.10296627067308552,9.0,113.0,0.9934,3.73,0.7,11.6,4
5.9,0.459,0.0,2.1,0.06861745633425193,3.0,22.0,0.9962,3.68,0.72,9.0,4
7.4,0.733,0.13,2.0,0.1286635268742268,3.0,7.0,0.99942,3.9,0.57,10.2,4
7.4,0.947,0.12,3.9,0.10166885420592184,12.0,7.0,0.99973,3.32,0.43,9.0,4
4.6,0.961,0.04,2.1,0.1258471871833306,3.0,22.0,0.9934,3.49,0.5,9.0,4
10.5,0.613,0.0,6.3,0.61,7.0,13.0,0.99643,3.58,0.35,9.2,4
10.7,1.09,0.0,2.7,0.10739727067589695,3.0,32.0,0.9934,3.9,0.4,13.1,4
6.3,0.553,0.14,2.2,0.09143299065384611,9.0,13.0,0.99429,3.39,0.51,9.5,4
6.5,0.35,0.33,2.2,0.0541981075703421,11.0,7.0,0.9934,3.59,0.44,9.2,4
4.9,1.09,0.12,3.5,0.0689736161784448,3.0,7.0,1.001,3.88,0.66,9.3,4
9.6,0.648,0.37,6.3,0.09328824035498748,3.0,7.0,0.99464,3.6,0.42,9.0,4
4.6,0.496,0.0,1.3,0.07887795837350904,4.0,52.0,0.99489,3.48,0.42,9.6,4
8.5,0.586,0.16,2.3,0.13098060425735336,3.0,12.0,0.9934,3.46,0.63,9.2,4
8.4,1.09,0.21,3.1,0.052735164677431834,3.0,7.0,0.99546,3.59,0.43,9.0,4
6.8,1.003,0.17,3.7,0.11960269324720199,8.0,7.0,0.99613,3.76,0.5,9.5,4
6.6,0.6,0.2,3.6,0.06839608541715571,3.0,7.0,0.9934,3.57,0.34,9.0,4
4.9,1.09,0.0,3.2,0.1468633444255682,7.0,7.0,0.99643,3.46,0.64,9.9,4
9.2,0.35,0.34,3.2,0.1024914353568687,3.0,43.0,0.99861,3.3,0.53,10.4,4
5.6,1.09,0.2,2.4,0.059279772216654425,3.0,53.0,0.99374,2.96,0.58,9.7,4
8.6,0.859,0.4,5.2,0.14561429645605778,5.0,23.0,0.99848,3.42,0.52,9.8,4
5.4,0.792,0.19,6.3,0.09242568864017293,8.0,7.0,0.99864,3.9,0.6,13.1,4
9.0,0.852,0.0,2.8,0.08667795644022065,5.0,8.0,0.99529,3.74,0.58,9.7,4
4.8,0.692,0.0,2.7,0.08876417343398141,3.0,20.0,0.99705,3.49,0.37,9.8,4
8.4,0.615,0.03,3.1,0.12149249199006482,7.0,29.0,0.99929,3.9,0.57,9.5,4
6.7,0.93,0.04,3.5,0.045,7.0,17.0,1.0005,3.82,0.62,10.3,4
7.4,0.758,0.12,6.3,0.14760819485439902,18.0,14.0,0.99555,3.56,0.68,9.8,4
8.1,1.09,0.0,2.1,0.045,19.0,43.0,0.9934,3.53,0.74,9.8,4
4.6,0.41,0.0,5.0,0.09019424638965703,9.0,11.0,0.9958,3.66,0.81,10.2,4
9.5,0.456,0.21,3.3,0.06193011285689344,3.0,7.0,0.99641,3.67,0.72,9.5,4
9.4,1.0,0.3,2.8,0.12288274549323874,3.0,57.0,0.99526,3.46,0.6,9.3,4
6.7,1.09,0.17,3.5,0.1083695179894341,3.0,63.0,0.99671,3.2,0.62,9.1,4
8.6,0.979,0.07,3.4,0.16698757165285122,19.0,7.0,1.001,3.81,0.7,11.4,4
6.9,0.603,0.23,2.5,0.045,3.0,7.0,0.9934,3.21,0.74,9.4,4
8.8,0.43,0.0,6.3,0.14057003187282385,3.0,7.0,0.99379,3.66,1.03,9.4,4
5.4,1.09,0.02,2.5,0.11116027484758455,8.0,9.0,0.99348,3.49,0.63,10.0,4
7.6,0.35,0.25,2.1,0.06011146827659139,3.0,18.0,0.99541,3.56,0.72,9.4,4
7.0,1.09,0.0,2.7,0.06254191455068787,3.0,8.0,0.99584,3.87,0.71,9.3,4
5.4,0.35,1.0,1.3,0.15448158214435428,8.0,7.0,0.99754,3.49,0.65,10.0,4
6.2,0.35,0.13,2.6,0.06917107291809187,3.0,7.0,0.99764,3.25,0.83,9.0,4
5.6,0.768,0.03,2.7,0.24847504291145503,11.0,7.0,0.9934,3.77,0.69,9.0,4
11.9,0.814,0.07,2.6,0.12278886675334393,6.0,7.0,0.99971,3.81,0.41,9.5,4
6.4,0.936,0.0,2.0,0.16107684735766786,3.0,12.0,1.001,3.78,0.61,11.7,4
6.5,0.821,0.0,3.7,0.06077441312992919,3.0,7.0,1.001,3.51,0.48,10.7,4
9.2,1.09,0.0,3.8,0.14969679828244475,3.0,23.0,0.9934,3.67,0.69,10.5,4
8.3,1.09,0.0,3.8,0.12392692503211464,13.0,62.0,0.99634,3.21,0.61,10.0,4
9.7,0.935,0.16,6.2,0.0907872845529872,4.0,26.0,0.99766,3.75,0.49,9.0,4
6.0,0.35,0.0,2.9,0.05851056070654744,7.0,38.0,0.99589,3.62,0.35,12.0,4
7.9,1.023,0.0,3.1,0.07908829052494251,16.0,34.0,0.9934,3.24,0.64,9.2,4
4.6,0.381,0.0,3.5,0.09361968866814054,3.0,27.0,0.99682,3.67,0.51,10.0,4
11.1,1.09,0.32,3.3,0.3486340199620406,3.0,7.0,0.9934,3.56,0.64,9.8,4
8.1,0.718,0.0,2.9,0.11409095118521999,8.0,39.0,0.99858,3.46,0.5,10.2,4
8.6,0.433,0.33,2.8,0.10274346017909325,3.0,11.0,1.00072,3.69,0.46,10.2,4
6.0,0.804,0.13,3.4,0.10692862610298187,3.0,32.0,0.99697,3.54,0.46,11.3,4
5.1,0.444,0.04,3.9,0.07761917889231372,3.0,49.0,0.99906,3.41,0.39,9.9,4
7.4,0.703,0.35,2.4,0.09097649045129536,3.0,7.0,0.99605,3.9,0.69,11.6,4
5.5,0.613,0.02,2.4,0.13724672640962884,3.0,11.0,0.9934,3.83,0.52,9.0,4
4.6,0.792,0.07,3.0,0.10949409842041417,22.0,50.0,0.99927,3.71,0.67,11.1,4
7.3,0.413,0.0,2.8,0.045,3.0,7.0,0.99452,3.14,0.5,9.0,4
5.9,0.547,1.0,2.7,0.045,4.0,32.0,0.99669,3.66,0.71,9.0,4
7.3,0.771,0.26,2.4,0.09401400091710624,3.0,7.0,0.99516,3.74,0.65,9.4,4
7.9,0.402,0.0,1.9,0.05033668649507733,3.0,102.0,0.9934,3.41,0.7,11.2,4
7.7,0.584,0.0,2.5,0.22655202597367075,3.0,99.0,0.99613,3.45,0.34,10.0,4
6.6,0.673,0.0,3.1,0.052400977068878585,4.0,7.0,0.99984,3.22,0.41,9.7,4
7.1,0.694,0.0,3.5,0.12895060953335719,7.0,12.0,0.99429,3.7,0.79,9.5,4
6.2,0.35,0.08,3.1,0.12304306822226557,3.0,11.0,0.99662,3.61,1.29,10.4,4
7.5,0.835,0.06,3.4,0.1175129098644475,3.0,27.0,0.99923,3.56,0.63,13.1,4
7.7,0.35,0.19,3.2,0.0762973535187341,3.0,21.0,0.99704,3.42,1.34,9.7,4
10.0,0.936,0.13,3.6,0.04871465387758385,12.0,35.0,0.99497,3.51,0.46,9.9,4
9.9,1.033,0.33,2.5,0.045,3.0,10.0,0.99499,3.59,0.69,9.0,4
4.6,0.35,0.03,3.1,0.12862478449209958,12.0,55.0,0.9934,3.23,0.72,9.8,4
5.4,1.09,0.03,2.2,0.045,3.0,7.0,0.99665,3.45,0.67,11.8,4
5.0,0.369,0.0,2.2,0.09317066526307001,3.0,7.0,0.9934,3.63,0.48,12.4,4
8.2,0.85,0.23,3.0,0.0652443194867756,10.0,7.0,0.9934,3.72,0.62,9.0,4
9.1,1.09,0.42,1.9,0.07633887538545459,9.0,31.0,0.9934,3.74,0.71,12.2,4
7.3,0.569,0.0,2.8,0.1188699349427845,8.0,7.0,1.001,3.82,0.51,10.1,4
12.5,1.038,0.0,3.6,0.058167865849603435,3.0,48.0,0.99468,3.51,0.53,11.8,4
4.6,0.35,0.72,1.7,0.12087692858779828,10.0,7.0,0.9962,3.65,0.82,9.0,4
5.8,0.626,0.04,2.6,0.09088439370022162,3.0,7.0,0.99853,3.26,0.46,10.3,4
12.5,0.564,0.12,2.8,0.06600570696477415,3.0,7.0,0.99456,3.9,0.71,9.3,4
9.8,1.09,0.22,3.8,0.06877498109165668,3.0,7.0,0.9934,3.9,1.3,9.0,4
5.1,0.386,0.0,2.6,0.045,25.0,7.0,0.9934,3.5,0.53,12.3,4
6.6,0.866,0.01,3.1,0.045,10.0,7.0,0.99915,3.9,0.54,9.0,4
12.5,0.932,0.03,5.3,0.07872822630064212,13.0,22.0,0.99366,3.76,0.62,11.9,4
4.6,0.58,0.0,1.3,0.15854260043568946,3.0,7.0,0.99675,3.77,0.59,9.5,4
7.8,1.057,0.19,3.5,0.0820499992494321,3.0,7.0,1.001,3.64,0.47,10.2,4
5.5,1.09,0.15,3.4,0.07243579057561776,3.0,45.0,0.9982,3.23,0.52,9.8,4
5.1,0.892,0.0,2.6,0.08559738478322873,15.0,70.0,0.99408,3.8,0.7,11.7,4
8.2,0.615,0.07,1.6,0.15348593829017484,3.0,60.0,0.9934,3.82,0.51,9.3,4
8.7,0.758,0.11,2.5,0.1306698324802551,6.0,41.0,0.99906,3.75,0.71,10.2,4
9.6,0.6,0.21,6.3,0.10059419679058328,18.0,41.0,0.99389,3.77,0.81,10.1,4
4.6,0.399,0.0,2.9,0.1212087144901732,30.0,7.0,0.99799,3.9,0.64,10.1,4
5.5,0.927,0.9,3.9,0.097912307633778,5.0,45.0,0.99409,3.9,0.68,11.8,4
8.9,1.013,0.08,2.5,0.13303040743083383,7.0,7.0,1.00084,3.12,0.69,9.3,4
8.9,0.5,0.0,2.1,0.12024165640524628,3.0,7.0,0.9934,3.38,0.61,9.7,4
9.7,0.35,0.19,1.8,0.08350422430257988,3.0,10.0,0.9951,3.31,0.41,10.8,4
9.1,0.703,0.15,2.5,0.26676370299065544,3.0,7.0,0.99837,3.9,0.9,10.6,4
8.6,0.35,0.21,1.7,0.0697972502862503,3.0,15.0,0.99681,3.53,0.48,9.0,4
7.4,0.35,0.76,4.2,0.1634402226912203,3.0,12.0,0.99732,3.75,0.61,9.0,4
6.9,0.641,0.05,2.7,0.3272027548598384,3.0,36.0,0.9958,3.72,0.38,11.5,4
8.3,0.781,0.0,2.2,0.045,4.0,7.0,0.99364,3.12,0.33,10.1,4
7.4,0.354,1.0,3.6,0.045,22.0,7.0,0.99406,3.06,0.48,9.0,4
6.3,1.09,0.18,3.4,0.045,3.0,36.0,0.99612,3.9,0.73,9.6,4
7.5,0.884,0.28,3.0,0.12669944564201402,3.0,7.0,0.9934,3.61,0.57,9.3,4
4.8,0.448,0.0,1.3,0.12359786556459815,5.0,7.0,0.99535,3.9,0.33,11.2,4
6.0,0.947,0.0,2.6,0.05757130229025646,5.0,7.0,0.99824,3.64,0.5,12.6,4
5.3,1.09,0.0,3.3,0.06906241500433455,3.0,64.0,0.99665,3.45,0.45,9.2,4
10.1,1.09,0.0,2.3,0.09014043225634169,13.0,49.0,0.9934,3.72,0.62,9.9,4
11.5,0.375,0.05,3.1,0.10176820510634614,3.0,23.0,0.99359,3.55,0.57,9.0,4
4.7,0.82,0.0,3.4,0.08441770336097097,12.0,44.0,0.99967,3.35,0.73,10.6,4
7.6,0.806,0.14,3.2,0.07144759538648339,3.0,61.0,0.99829,3.4,0.45,9.4,4
12.5,1.09,0.06,2.1,0.08079155665414775,4.0,24.0,0.99442,3.59,0.56,10.7,4
9.2,1.09,0.11,2.0,0.1212754349809536,3.0,7.0,0.9934,3.63,0.77,10.3,4
5.1,0.925,0.05,6.3,0.16527266984799305,3.0,56.0,0.9981,3.6,0.76,9.8,4
10.1,0.683,0.05,3.5,0.10509053799106868,4.0,13.0,0.99775,3.36,0.39,10.1,4
5.1,0.473,0.0,3.4,0.045,3.0,7.0,0.9934,3.83,0.82,10.1,4
5.3,0.35,0.0,1.9,0.13684370275117155,3.0,7.0,0.99489,3.82,0.55,12.4,4
10.0,1.09,0.0,3.8,0.10757565603586078,3.0,45.0,0.9974,3.85,0.68,13.1,4
8.3,0.35,0.0,3.4,0.045,8.0,12.0,0.99419,3.76,0.64,9.1,4
8.4,0.912,0.15,2.9,0.045,6.0,21.0,0.99412,3.48,0.71,10.0,4
6.6,0.564,0.24,6.3,0.16077059927614246,3.0,22.0,0.99957,3.84,0.59,12.3,4
7.3,1.062,0.0,2.3,0.06623210072722126,14.0,7.0,0.99627,3.85,0.64,9.4,4
6.7,1.09,0.19,2.9,0.05768769340854586,10.0,69.0,0.99762,3.77,0.79,9.0,4
6.3,1.009,0.0,1.9,0.045,41.0,58.0,0.9934,3.14,0.41,9.0,4
6.1,0.35,0.06,6.3,0.13966686174434922,9.0,7.0,0.9934,3.66,0.76,9.9,4
7.1,0.84,0.0,3.3,0.16124386721382922,3.0,7.0,0.99678,3.8,0.61,10.4,4
5.3,0.674,0.18,3.2,0.12142394530235096,16.0,7.0,0.99684,3.66,0.64,13.1,4
4.6,0.582,0.32,1.3,0.1241811618675262,3.0,7.0,0.99526,3.9,0.68,9.0,4
6.2,0.619,0.2,5.8,0.045,3.0,105.0,0.99397,3.74,0.5,9.0,4
6.8,0.459,0.23,5.0,0.4675078672433821,6.0,11.0,0.9934,3.89,0.69,10.4,4
4.6,0.627,0.24,6.3,0.06869265915612338,6.0,47.0,0.9934,3.74,0.61,9.8,4
7.6,1.09,0.05,3.9,0.045,3.0,28.0,0.9934,3.55,0.79,10.5,4
5.6,0.35,0.17,3.2,0.15022574593578952,4.0,7.0,1.001,3.72,0.77,10.5,4
6.8,0.928,0.14,2.9,0.08932314884482637,3.0,18.0,0.99805,3.56,0.54,9.3,4
11.4,0.448,0.23,6.3,0.06153769914540875,13.0,9.0,0.99675,3.51,0.56,11.0,4
7.4,0.888,0.17,3.5,0.06784225663437632,3.0,25.0,0.9934,3.67,0.51,11.5,4
11.5,0.836,0.14,3.8,0.045,3.0,7.0,0.9934,3.51,0.85,10.5,4
7.0,0.615,0.12,3.6,0.14549770278423527,3.0,7.0,0.9934,3.68,0.66,11.1,4
7.1,0.619,0.17,3.3,0.11326579310321296,3.0,7.0,0.99697,3.78,1.11,12.1,4
7.2,0.917,0.05,3.6,0.09591391608365066,7.0,32.0,0.99529,3.45,0.54,10.6,4
6.9,0.73,0.47,3.3,0.05017463402318041,3.0,7.0,0.99439,3.26,0.49,12.1,4
5.7,0.632,0.0,2.5,0.08480795730521964,3.0,36.0,0.99351,3.79,0.5,9.9,4
6.4,0.705,0.04,2.7,0.09218412426112274,6.0,105.0,0.99518,3.25,0.55,9.8,4
4.7,1.09,0.07,2.4,0.10807323361265658,8.0,7.0,0.99509,3.04,0.57,11.8,4
5.2,0.35,0.24,2.4,0.12723392975859724,3.0,7.0,0.99514,3.76,0.33,10.0,4
9.0,0.365,0.31,1.6,0.045,3.0,70.0,0.99541,3.49,0.33,9.0,4
7.6,0.69,0.15,2.9,0.12529438322497471,3.0,26.0,0.9934,3.47,0.39,13.0,4
5.5,0.66,0.04,3.0,0.10018612536947538,3.0,24.0,0.9934,3.57,0.71,9.0,4
5.8,0.746,0.94,3.3,0.40885234169198814,3.0,7.0,0.99852,3.85,0.7,11.1,4
4.6,0.35,0.14,2.2,0.07300040854917088,9.0,7.0,0.9965,3.72,0.58,10.3,4
6.4,1.081,0.19,5.0,0.5501021986964199,3.0,39.0,0.9934,3.5,0.7,9.4,4
9.6,0.775,0.35,2.3,0.1223666841027625,3.0,10.0,0.9934,3.33,0.39,9.0,4
9.2,1.09,0.0,2.1,0.09651237496534319,12.0,11.0,0.9934,3.59,0.65,9.1,4
7.9,0.434,0.15,2.4,0.09984565538626018,3.0,7.0,0.99706,3.44,0.41,10.6,4
6.0,1.09,0.16,2.1,0.05930956205413158,3.0,7.0,0.99777,3.24,0.48,10.0,4
6.0,0.709,0.0,5.6,0.06662540905014387,7.0,7.0,0.99753,3.74,0.52,9.9,4
6.5,1.09,0.0,3.4,0.045,15.0,75.0,0.9934,3.27,0.73,10.4,4
8.5,0.551,0.06,2.1,0.045,7.0,37.0,0.9934,3.45,0.34,9.0,4
9.7,0.35,0.23,2.4,0.07218539020057742,3.0,7.0,0.99412,3.23,0.45,11.0,4
9.3,0.845,0.0,2.1,0.10267291689226726,3.0,7.0,0.99637,3.87,1.1,9.2,4
6.2,0.408,0.21,1.3,0.16636236284424596,3.0,40.0,0.9936,3.62,0.73,12.2,4
4.9,0.35,0.0,2.3,0.61,7.0,7.0,0.99715,3.59,0.62,12.1,4
5.7,0.373,0.38,2.8,0.11462723256251765,25.0,7.0,0.99935,3.32,0.74,10.0,4
9.7,0.35,0.18,5.2,0.09369574269712139,3.0,7.0,0.99821,3.52,0.55,12.1,4
7.2,0.687,0.18,3.6,0.09566123376622734,3.0,7.0,0.9934,3.67,2.0,10.4,4
4.8,0.844,0.0,3.8,0.10170677672851025,3.0,7.0,0.99622,3.49,0.67,12.3,4
9.2,0.379,0.14,5.2,0.08595242334893473,3.0,7.0,0.99698,3.44,0.68,9.8,4
8.5,0.35,0.25,3.2,0.09844471477286296,6.0,7.0,0.99449,3.13,0.42,9.0,4
10.0,0.838,0.04,2.8,0.11949064256176503,3.0,86.0,0.99419,3.81,0.71,9.2,4
5.6,1.047,0.0,3.1,0.09092826583095331,3.0,7.0,0.99812,3.29,0.35,9.4,4
4.6,0.976,0.0,2.8,0.12467145073226538,3.0,7.0,0.9934,3.44,0.75,9.8,4
4.6,0.737,0.25,1.4,0.05496095954253642,36.0,37.0,0.9984,3.63,0.82,9.0,4
6.5,1.09,0.0,2.9,0.05490170781139763,3.0,17.0,0.99414,3.49,1.62,9.0,4
6.0,0.449,0.04,3.2,0.22385148900972446,4.0,28.0,0.99544,3.41,0.4,9.0,4
4.6,0.476,0.0,6.2,0.06145465380440005,3.0,22.0,0.99656,3.52,0.53,9.6,4
9.4,0.932,0.31,3.6,0.07950874581888721,17.0,63.0,0.99479,3.04,0.49,10.2,4
5.9,0.558,0.0,3.0,0.13927579195948106,3.0,7.0,0.9947,3.9,0.54,9.7,4
6.3,0.35,0.05,3.9,0.1498799066763791,11.0,29.0,0.99552,3.29,0.53,9.4,4
9.0,0.569,0.23,3.3,0.1279620132560759,7.0,40.0,0.99473,3.18,0.6,9.3,4
5.9,0.77,0.27,1.7,0.14573183537770149,20.0,16.0,0.9934,3.77,0.61,9.7,4
10.0,0.863,0.14,2.8,0.045,3.0,7.0,0.9934,3.31,0.45,12.2,4
6.5,0.784,0.06,1.7,0.13782765637286845,8.0,27.0,0.99817,3.53,0.44,9.8,4
7.2,1.051,0.13,3.2,0.09157518564544317,3.0,63.0,0.9934,3.58,0.76,10.1,4
8.6,0.452,0.36,1.9,0.07499047932876336,3.0,7.0,0.99503,3.76,0.37,9.0,4
10.1,0.533,0.17,2.5,0.15124704657083,22.0,7.0,0.99427,3.78,0.54,9.0,4
9.6,0.802,0.17,2.6,0.0649557675107463,28.0,11.0,0.99767,3.74,0.43,9.0,4
5.8,0.35,0.0,2.5,0.11725286327928458,27.0,11.0,0.9934,3.61,0.4,11.7,4
6.5,0.686,0.28,3.2,0.10105830159224827,3.0,24.0,0.99467,2.94,0.64,10.2,4
5.9,0.711,0.11,2.8,0.11070609195390667,4.0,26.0,0.99926,3.53,0.77,9.0,4
6.5,0.554,0.05,2.8,0.12045482953073844,6.0,44.0,0.9954,3.52,0.78,10.1,4
5.6,0.535,0.0,2.7,0.09619756176298899,3.0,21.0,0.9947,3.58,0.59,9.5,4
9.9,0.677,0.0,2.7,0.15492817731837905,3.0,31.0,0.99683,3.25,0.65,9.2,4
5.9,0.983,0.11,2.9,0.08152267021583853,5.0,49.0,0.9934,3.31,0.63,10.1,4
7.4,0.408,0.29,1.8,0.12802811965598607,3.0,77.0,0.99489,3.9,0.57,9.6,4
7.2,0.519,0.31,3.1,0.1169541546903806,3.0,31.0,0.9934,3.28,2.0,9.1,4
5.7,0.35,0.0,5.2,0.11543451127630813,18.0,7.0,0.99965,3.55,0.57,10.1,4
10.0,0.852,0.0,2.6,0.18740237867034076,6.0,7.0,0.9934,3.81,0.54,11.6,4
7.4,0.65,0.22,6.3,0.1318884942046631,31.0,21.0,0.9934,3.58,0.68,9.0,4
8.6,0.35,0.12,3.2,0.10497184483579977,8.0,7.0,0.9934,3.62,0.71,10.5,4
10.6,1.09,0.11,3.9,0.12985637749127238,3.0,7.0,0.99488,3.74,0.5,9.8,4
8.3,0.898,0.0,3.2,0.09431488454513959,16.0,7.0,0.99385,3.9,0.73,10.5,4
10.8,0.488,0.0,3.7,0.10007032422854038,3.0,7.0,0.9934,3.66,0.51,10.0,4
4.6,0.494,0.0,2.7,0.1564156275812283,5.0,85.0,0.99368,3.41,0.62,9.5,4
5.5,0.671,0.54,2.3,0.14744629349386806,3.0,7.0,0.9946,3.67,0.57,9.9,4
9.8,0.496,0.0,3.2,0.14741967217237317,3.0,13.0,0.9934,3.75,0.56,10.0,4
6.3,1.072,0.64,2.7,0.051564726769582014,15.0,7.0,0.99482,3.71,0.4,10.7,4
9.6,0.35,0.2,4.0,0.059959991992744884,16.0,7.0,0.997,3.46,0.44,12.2,4
4.8,0.453,0.32,1.8,0.058087307415862405,3.0,7.0,0.99648,3.42,0.73,11.0,4
7.1,0.416,0.2,1.9,0.0959098794810979,12.0,7.0,0.99563,3.54,0.69,9.0,4
7.7,0.745,0.0,2.2,0.09153418061174567,12.0,7.0,0.99476,3.69,0.54,9.8,4
11.8,0.583,0.28,6.3,0.0895054148732738,6.0,7.0,0.99816,3.32,0.66,10.2,4
6.5,0.991,0.22,3.0,0.13161121127837286,3.0,7.0,0.9934,3.79,0.72,9.5,4
7.2,0.623,0.46,3.4,0.05336914598310216,3.0,18.0,0.9943,3.48,0.71,9.0,4
4.6,0.575,0.29,3.0,0.05651422684310568,8.0,7.0,1.00004,3.82,0.58,10.5,4
5.1,0.578,0.15,3.2,0.09791763672078016,25.0,29.0,0.99345,3.37,0.77,12.1,4
7.1,0.35,0.15,5.4,0.10196423030693577,13.0,28.0,0.99573,3.53,0.69,10.8,4
7.6,1.09,0.2,3.0,0.06758666381559031,9.0,37.0,0.99529,3.86,0.83,9.5,4
6.7,0.509,0.12,3.6,0.08578630453448217,18.0,41.0,0.9934,3.9,0.88,10.3,4
10.0,0.894,0.12,3.6,0.045,11.0,64.0,0.99647,3.74,0.66,9.0,4
9.2,0.895,0.0,3.3,0.0913319293013644,3.0,15.0,0.99804,3.42,0.49,9.2,4
7.7,0.35,0.36,2.3,0.12225266575443242,3.0,22.0,0.99427,3.39,0.77,9.0,4
5.2,0.35,0.3,3.8,0.15417781614739337,8.0,7.0,0.99637,3.31,0.41,12.9,4
9.2,0.742,0.0,1.6,0.08966256747875066,5.0,7.0,0.9934,3.49,0.59,9.0,4
4.8,0.668,0.71,2.0,0.08744046439292222,3.0,7.0,0.99603,3.36,0.54,10.4,4
5.0,0.959,0.0,2.2,0.1040354929019522,3.0,60.0,0.99401,3.23,0.66,9.7,4
6.4,0.958,0.03,3.5,0.060027979246891114,16.0,66.0,0.9966,3.56,1.76,9.2,4
10.7,0.407,0.28,2.9,0.06902721650525295,3.0,7.0,0.99825,3.73,0.33,9.4,4
8.7,0.473,0.14,2.6,0.10966766750747953,4.0,46.0,0.99442,3.66,0.46,10.4,4
6.6,0.912,0.0,2.5,0.134186920587066,3.0,43.0,0.99362,3.59,0.65,10.1,4
8.4,1.09,0.0,3.6,0.050293549022795106,3.0,7.0,0.99508,3.81,0.56,9.0,4
