150000,2,2,2,44,0,0,0,0,0,0,37050,39471,41515,43879,44446,45394,3000,2636,3000,1528,1600,2000,0
40000,1,1,1,47,2,2,2,2,2,2,10555,11084,12605,13102,12595,14386,1000,2000,1000,0,2000,0,1
80000,2,2,1,49,0,0,0,0,0,0,83888,83503,82265,81974,81253,78343,3900,3000,3500,3200,3800,3300,0
310000,1,4,1,46,-1,-1,-1,-1,-1,-1,15431,10414,21209,91238,18293,14332,10414,21229,91254,18293,14332,15785,0
90000,2,2,1,58,1,2,2,2,2,0,25941,25722,28015,28262,27509,28082,500,3000,1000,0,1017,2433,1
20000,2,2,1,28,0,0,0,0,0,0,6064,7076,8169,8956,8956,0,1120,1213,1000,0,0,0,0
500000,1,2,1,40,-2,-2,-2,-2,-2,-2,22520,1110,79243,0,4580,0,1110,79243,0,4580,0,1380,0
80000,2,2,2,31,-2,-2,-2,-2,-2,-2,4771,4771,538,15664,150,1150,4771,538,15664,150,1150,791,0
60000,1,2,2,42,0,0,0,0,0,0,99114,97895,94204,95986,13529,16099,3700,3000,4000,1500,3250,1000,0
220000,2,1,1,39,-1,-1,-1,-1,-1,-1,2342,1120,5707,2021,15441,7661,1122,5738,2041,15516,7697,2916,0
280000,2,3,1,45,0,0,0,0,0,0,294995,316345,334612,262625,172344,182776,26345,24612,22625,12344,12776,11852,0
200000,2,4,2,27,-2,-2,-2,-2,-2,-2,0,0,0,0,0,0,0,0,0,0,0,0,0
150000,2,1,2,32,-2,-2,-2,-2,-2,-2,1999,3769,1999,1999,1500,1500,3769,1999,1999,1500,1500,1500,0
50000,2,3,1,53,1,2,0,0,0,0,51254,49852,28379,15988,16718,17446,0,6200,2000,1000,1000,1000,0
80000,1,3,1,41,1,-1,0,0,0,-1,-1645,78379,76304,52774,11855,48944,85900,3409,1178,1926,52964,1804,1
500000,2,2,1,37,0,0,0,0,0,0,58448,60182,67153,64079,64120,61295,5000,10000,5169,2322,5174,0,0
150000,1,3,1,43,-1,2,-1,-1,-1,-1,1280,390,390,780,1746,0,0,390,780,1746,0,0,0
90000,1,3,1,35,0,0,0,0,0,0,86821,71263,73515,74100,23500,23500,4000,4000,3000,0,0,0,0
230000,1,2,2,28,-2,-2,-2,-2,-2,-2,-73,-73,-73,-73,7723,0,0,0,0,7796,0,0,0
260000,2,2,1,31,-1,-1,-1,-1,-1,-1,2224,1996,1497,-3,2138,900,2007,1501,0,2141,902,197,0
50000,2,2,2,23,2,0,0,0,0,0,49441,45880,42621,21734,18775,19590,1998,2198,1300,655,1100,654,0
170000,1,2,1,33,-1,2,2,-1,-1,-2,917,917,0,2038,0,0,0,0,2038,0,0,0,0
120000,2,2,2,33,-1,-1,-1,-1,-1,-1,508,607,611,593,653,587,700,611,593,653,587,916,0
220000,2,1,1,39,-1,-1,-1,-1,-1,-1,2342,1120,5707,2021,15441,7661,1122,5738,2041,15516,7697,2916,0
200000,2,3,1,28,-2,-2,-2,-2,-2,-2,86,7024,1466,1466,479,2448,7066,1473,1473,486,3442,12,1
230000,1,1,1,56,0,0,0,0,0,0,38349,39154,39921,40828,37934,38889,1933,1700,1600,1340,1548,1844,0
50000,2,1,2,30,-2,-2,-2,-2,-2,-2,0,2070,0,0,0,0,2070,0,0,0,0,0,0
90000,2,2,2,25,1,2,0,0,0,0,91830,89448,83949,47118,44942,45886,0,2549,1583,1444,1500,1511,0
340000,2,2,1,31,0,0,0,0,0,0,192860,189272,137255,137180,135783,135201,7332,5008,6367,4800,4941,4696,0
30000,1,1,2,24,0,0,0,2,0,0,6003,4912,6214,3311,4430,906,1440,2259,0,1500,425,895,0
20000,2,2,2,29,0,0,0,0,0,0,17648,13580,14204,15345,17764,20049,3000,5007,3000,3000,3000,3000,0
60000,2,1,2,33,1,2,0,0,0,0,11776,11295,12799,14272,15225,16320,0,2000,2000,1500,1500,1500,0
50000,1,2,2,25,0,0,0,2,2,0,18894,21258,23590,24896,24200,26630,3000,3000,2000,0,3000,1500,0
160000,1,2,1,43,0,0,0,0,0,0,69554,72390,75521,78987,80891,62113,4000,5000,10000,4000,3000,6000,0
120000,1,2,2,29,1,-1,-1,-1,0,-1,0,326,326,652,326,326,652,326,652,0,326,326,1
240000,2,2,2,38,1,-2,-2,-2,-2,-2,0,0,0,0,0,0,0,0,0,0,0,0,1
400000,2,3,2,49,1,-1,-1,-1,-1,-1,0,877,33508,9506,8967,4326,877,33508,9506,8967,4326,5420,0
30000,1,1,2,24,0,0,0,2,0,0,6003,4912,6214,3311,4430,906,1440,2259,0,1500,425,895,0
340000,2,1,2,26,1,2,2,2,2,0,17211,19262,20012,19728,19042,11728,2637,1353,531,14,235,1400,0
90000,2,1,2,28,2,3,2,0,0,2,88627,86357,84131,85225,90347,85725,0,0,3400,6500,0,3301,1
230000,2,2,2,40,0,0,-1,-1,-1,-1,164208,161207,1665,1228,8599,3890,7105,1762,1228,8599,3890,6999,0
190000,1,1,1,44,-1,-1,2,2,-2,-2,231,3421,3190,0,0,0,3190,0,0,0,0,0,0
230000,2,2,1,39,0,0,-2,-2,-2,-2,24510,0,0,0,0,0,0,0,0,0,0,0,0
50000,2,3,1,27,2,0,0,0,2,0,11275,37651,38498,40644,39731,35657,27234,1754,2900,0,1265,832,1
500000,2,2,1,34,-2,-2,-2,-2,-2,-2,17172,34674,6229,11534,12482,18192,35454,6229,11534,12564,18192,32550,0
20000,2,3,2,45,0,0,0,0,0,0,14381,15701,17137,18541,18909,19464,1564,2000,2000,677,860,1000,1
240000,1,1,1,34,0,0,-2,-1,0,0,102650,0,0,4557,7557,9275,0,0,4557,3000,4000,2282,0
20000,1,2,2,23,3,2,2,-1,2,2,18781,13255,0,20358,18044,20325,0,0,20358,0,2577,0,0
20000,2,3,1,46,0,0,2,2,2,2,11691,14179,13662,15518,14972,16925,3000,0,2088,0,2200,0,1
150000,1,1,2,39,-2,-1,-1,-1,-2,-2,8766,5890,1000,0,0,0,5950,1010,0,0,0,0,0
50000,2,2,2,36,0,0,0,0,0,0,29647,30845,32821,34855,11776,12088,2000,2800,3732,750,500,1000,1
210000,2,2,2,27,0,0,0,0,0,0,83381,85097,86928,89471,91282,93309,3100,3200,4000,3300,3500,3500,0
120000,2,1,2,29,-2,-2,-2,-2,-2,-2,0,0,0,0,0,0,0,0,0,0,0,0,0
130000,2,2,2,40,2,0,0,2,0,0,8539,9559,12394,11883,9826,10167,1165,3000,0,500,500,2700,1
40000,2,1,2,23,0,0,0,0,0,0,10389,11410,12970,13246,11024,9798,1200,1751,1027,250,385,1000,0
160000,2,2,1,41,1,-1,-1,-1,-1,-1,0,1496,1496,1496,1496,1496,1496,1496,1496,1496,1496,1496,0
10000,1,3,1,43,0,0,0,-2,-2,-2,8802,10400,0,0,0,0,2000,0,0,0,0,0,0
160000,2,2,1,49,-1,-1,2,0,0,2,16982,21353,20723,21873,25999,26377,4980,0,1500,4520,939,0,0
180000,2,1,1,33,-1,-1,-1,-1,-1,-1,4520,1449,1730,2215,1525,1050,1453,1731,2215,1525,1050,1440,0
80000,1,1,2,27,0,0,0,0,0,-1,74413,76817,74554,43727,16307,1755,7000,3000,1400,326,1755,0,0
80000,2,3,1,65,0,0,0,0,0,0,82074,80260,82116,80299,81416,81617,3470,3750,3520,3069,3271,3262,0
360000,1,1,1,32,-1,-1,-1,-1,-1,-1,7462,2708,5562,3906,8413,3079,2721,5588,3924,8454,3093,4095,0
190000,2,2,2,40,0,0,0,0,0,0,182923,183436,162537,157497,155297,153594,8059,7741,7201,4815,4927,5380,1
210000,1,2,2,47,-2,-2,-2,-2,-2,-2,-163,-163,-163,-65167,-168,2999,0,0,5530,84332,21500,30000,1
170000,1,1,2,25,0,0,0,0,0,0,112367,106345,91409,90720,83208,83956,5451,4456,2992,3000,3200,3200,0
20000,1,2,1,40,0,0,0,0,0,0,10288,9276,5622,19263,18433,26132,3010,2010,15000,4000,2000,2000,0
210000,2,2,1,46,0,0,0,0,0,0,134700,132799,111335,114037,67224,69177,6149,4100,4547,2500,3000,2500,0
380000,1,1,2,40,0,0,0,0,0,0,245069,251731,257028,266487,269786,265312,12000,10600,15000,9800,10000,10000,0
220000,2,3,2,39,0,0,0,0,0,0,209596,160515,141917,144811,147685,150780,6888,5155,5258,5284,5473,5505,0
180000,2,2,1,24,0,0,-2,-1,-1,-2,6272,0,0,1000,2190,0,0,0,1000,2190,0,384,0
270000,2,3,1,58,-2,-2,-2,-2,-2,-2,936,1188,2078,795,828,1251,1188,2078,795,828,1251,2267,0
20000,2,2,2,24,1,2,2,2,2,-2,4697,3800,5989,5761,0,0,0,2266,38,0,0,0,1
20000,1,1,1,41,0,0,0,0,0,0,19796,18510,16077,16389,11286,12833,1507,4011,5066,1003,7000,3000,0
500000,2,1,2,35,0,0,0,0,0,0,3994,11230,10925,11795,14384,15806,11160,1244,1114,2703,3435,402,0
350000,2,1,1,45,-1,-1,-1,-1,-1,-1,291,291,291,291,291,291,291,291,291,291,291,291,0
80000,2,3,1,41,-1,-1,-1,-1,-1,-1,3526,10129,6100,6420,606,7228,10129,6100,6434,606,7228,14387,0
40000,2,2,2,44,2,2,2,2,2,2,35515,36176,37490,38726,39795,40230,1550,2200,2170,2001,1601,1602,1
140000,1,1,2,30,-1,-1,-1,2,2,-1,1800,1885,4158,2021,-372,628,1885,4158,0,0,2000,0,0
200000,1,2,2,30,0,0,0,0,0,0,183464,184391,169311,165686,162639,165627,7197,7035,7032,6008,7002,6523,0
60000,2,3,1,48,0,0,0,0,0,0,49890,51060,52236,54362,55458,56767,2000,2000,3000,2000,2200,2500,0
200000,1,1,2,29,-1,-1,-1,-1,-1,-1,3773,3990,9048,4700,800,4082,4029,9048,4700,800,4082,0,0
280000,1,1,2,36,-2,-2,-2,-2,-2,-2,198,1979,500,55176,5950,289,1979,500,55176,5950,289,6757,0
200000,2,3,2,29,-1,-1,-1,-1,-1,-1,326,326,326,326,326,326,326,326,326,326,326,326,0
180000,2,1,1,35,-1,-1,-1,2,-1,-1,3544,-36,163,163,1772,148,0,1000,0,2000,0,5000,0
120000,1,2,2,29,1,-1,-1,-1,0,-1,0,326,326,652,326,326,652,326,652,0,326,326,1
90000,1,2,2,27,2,0,0,0,-2,-2,2542,3556,4490,0,0,0,1066,1000,0,0,0,0,1
150000,2,2,2,23,0,0,0,0,0,0,167317,166596,165990,161285,156749,151863,10000,10000,6000,6000,5500,5500,0
50000,2,3,2,28,0,0,0,0,0,0,52775,54397,55328,42511,31032,34510,2500,2000,2000,5000,4000,3000,1
30000,1,1,1,35,1,2,2,2,-1,0,18829,19223,20599,15642,23789,20562,1000,2014,6,25700,800,1989,1
120000,1,2,2,34,-1,-1,-1,-1,-1,-1,1236,856,856,856,856,856,856,856,856,856,856,856,0
210000,2,3,1,39,1,2,2,2,0,0,26624,25903,28719,27964,28364,28855,0,3550,0,1164,1100,1118,0
200000,2,2,2,34,0,-1,-1,-1,-2,-2,13112,13011,12000,0,0,0,13011,12000,0,0,0,107918,0
50000,2,3,1,44,1,2,3,2,4,3,13112,14679,15143,16892,16341,15798,2100,1000,2300,0,0,0,1
170000,2,1,2,33,0,0,0,2,0,0,144031,147135,158528,138030,139444,148093,5500,14000,0,5200,11100,0,0
360000,1,1,1,32,-1,-1,-2,-2,-2,-2,2500,0,0,0,0,0,0,0,0,0,0,0,0
180000,2,3,2,45,0,0,0,2,0,0,76942,77952,80269,66855,67128,67257,4003,5603,3,2504,2511,3021,0
90000,2,2,2,48,-2,-2,-2,-2,-2,-2,6224,8150,0,0,9167,0,8150,0,0,9167,0,526,0
160000,1,2,2,30,-1,-1,-1,-1,-1,-2,3197,1936,2329,2332,-4,-4,1941,2645,2339,0,0,0,0
260000,2,2,1,30,0,0,0,0,0,0,66433,67134,67768,69033,70166,71377,2400,2496,2429,2599,2827,2050,0
160000,2,2,1,37,0,0,2,0,0,0,45966,48783,47681,46039,47197,46683,3900,0,1742,1900,1703,3612,0
30000,1,2,2,29,0,0,0,-1,-1,0,13172,7965,3101,3126,7365,3245,1082,1000,3126,7365,0,828,0
20000,1,3,2,45,0,0,0,0,0,0,18011,18083,18500,19014,19019,17484,1500,1400,1243,638,2000,480,0
310000,2,2,2,36,0,0,0,0,0,0,298221,303251,270591,252989,225814,231165,10500,9672,8826,8100,9000,8619,1
80000,2,3,1,44,-1,-1,-1,-1,-1,-1,817,1131,817,1907,1962,1865,1131,1000,1907,2000,2000,700,0
20000,1,2,2,24,2,2,2,0,0,-1,17996,19102,19117,19664,10000,4060,2100,1000,1000,1100,4060,0,1
300000,2,3,2,27,0,0,0,0,0,0,17376,17538,16425,11976,3012,0,1294,11236,1032,9,0,0,0
650000,1,1,1,44,-2,-2,-2,-2,-2,-2,2119,5094,5158,7139,1034,2127,5115,5180,7201,1035,2139,3463,0
490000,1,2,2,42,0,0,0,0,0,0,455520,464727,477884,488808,427064,436172,16100,20000,19000,16000,16000,15000,0
170000,2,1,2,29,-1,0,0,-2,-2,-2,1000,6000,0,0,0,0,5000,0,0,0,0,0,0
450000,2,1,1,35,-1,-1,-2,2,-1,-1,403,0,0,390,390,390,0,0,390,390,390,390,0
80000,2,3,1,44,-1,-1,-1,-1,-1,-1,817,1131,817,1907,1962,1865,1131,1000,1907,2000,2000,700,0
70000,1,1,2,29,1,-1,-1,0,-1,2,10449,2343,14336,13155,3929,1953,6000,15000,4000,4000,0,1000,0
140000,2,2,1,46,0,0,0,0,0,0,82497,83206,85862,86676,88948,54312,2978,3997,3140,3707,2104,1946,0
50000,2,3,1,39,0,0,0,0,0,0,49575,48208,47619,19929,15693,13766,2067,3000,1171,2000,2000,2500,0
170000,2,1,2,34,-2,-2,-1,0,0,-2,1088,1088,5425,5223,1084,1084,1088,5425,1000,2172,1084,1189,0
20000,1,1,2,25,0,0,0,0,0,0,26694,10298,9768,8798,9404,6864,1200,2000,2000,1000,1000,1000,0
210000,2,1,1,44,0,0,0,0,0,0,89519,50144,52148,50723,43200,17556,20033,10000,5012,1251,2007,10125,0
130000,2,1,2,32,0,0,0,0,0,0,126164,126080,129104,130745,127344,127809,6500,7000,8000,5000,4500,4500,0
50000,1,2,1,43,0,0,0,0,0,0,27681,28287,28924,29521,29876,30201,1458,1485,1472,1217,1347,558,0
50000,1,2,2,31,0,0,0,0,0,-1,47533,48640,49483,40850,0,800,2200,2000,3000,0,400,20000,0
280000,2,2,2,47,-2,-2,-1,0,0,0,12477,13915,67119,53044,66668,61466,13987,69805,1711,26743,10057,54318,0
300000,2,1,2,32,0,0,0,0,0,0,169223,179223,199223,202486,200935,-6,10000,20000,11022,4935,6,2844,0
150000,2,2,2,29,-1,-1,-1,-1,-1,-1,933,598,1062,0,1810,0,598,1062,0,1810,0,3163,0
490000,1,2,1,57,0,0,0,0,0,0,59056,60236,62268,63264,62928,66334,2153,3000,2112,2124,6004,3024,0
160000,1,1,1,41,1,2,0,0,0,0,63446,63501,65439,66761,67628,68983,1699,2960,3007,2573,2600,3008,0
500000,2,1,2,28,0,0,0,0,0,0,302089,279409,258310,221792,201215,183739,10049,10106,9021,7029,9093,10018,0
60000,2,3,2,41,0,0,0,0,0,0,56309,58369,59237,59851,32002,32388,3000,2400,1812,3200,2000,4000,0
130000,2,2,2,40,2,0,0,2,0,0,8539,9559,12394,11883,9826,10167,1165,3000,0,500,500,2700,1
360000,2,1,1,48,0,0,0,0,0,0,202783,202036,202918,202197,199002,197781,10000,10000,10000,7500,8000,8000,0
80000,2,2,2,28,0,0,0,0,0,0,77391,78198,78840,79855,79488,80001,2784,2887,3402,2790,2867,2894,0
20000,1,1,2,27,0,0,0,0,0,0,39628,20571,19089,19658,19453,19108,1610,1323,1600,830,700,674,0
260000,2,1,2,37,-2,-1,-1,-1,-1,-1,3821,1316,2609,1017,1012,959,1316,2609,1017,1012,959,935,0
210000,2,1,1,30,1,-1,-1,-1,-1,-1,0,820,718,424,631,843,820,718,424,631,843,0,0
280000,1,1,2,31,-2,-2,-2,-2,-2,-2,-1,-1,-1,-1,-1,219,0,0,82150,0,220,1124,0
150000,1,1,2,27,0,0,0,0,0,0,85500,86009,86108,89006,89775,87725,3956,4031,10006,3266,4040,1698,0
100000,2,3,1,48,-1,-1,-1,-1,-1,-1,390,5333,15798,390,2265,1823,5333,15798,390,2265,1823,780,0
20000,2,2,2,46,-1,-1,-1,-1,-2,-2,390,0,780,0,0,0,0,780,0,0,0,0,1
260000,1,1,2,29,0,0,0,0,0,0,56050,52079,52083,46703,47500,45030,6000,6000,5000,5000,4000,5000,0
260000,1,1,2,30,0,0,0,0,0,0,27855,28307,27842,25366,19533,14214,1259,1305,1113,528,406,211,0
50000,2,3,1,32,0,0,0,0,0,0,33231,34544,35976,15996,32714,16720,1868,2300,1239,600,600,600,1
90000,2,2,1,44,2,2,-1,-1,-1,-1,1654,827,827,2040,1279,1292,0,827,2040,1279,1292,1378,0
80000,1,1,2,26,0,0,0,0,0,0,56808,55901,57030,56576,53819,48604,3000,3010,4000,5000,3000,2200,0
250000,1,1,2,32,-1,-1,-1,-1,-1,-1,55741,74048,29381,56372,34020,4575,74081,29403,56692,34055,4575,0,0
60000,2,2,2,26,1,2,0,0,-2,-2,47963,36871,3800,0,0,0,0,1038,0,0,0,0,0
190000,2,2,2,40,0,0,0,0,0,0,182923,183436,162537,157497,155297,153594,8059,7741,7201,4815,4927,5380,1
230000,1,2,2,28,-2,-2,-2,-2,-2,-2,-73,-73,-73,-73,7723,0,0,0,0,7796,0,0,0
100000,2,2,1,31,0,0,0,-2,-1,-1,95160,94327,0,0,2743,1782,2000,0,0,2743,1782,0,0
50000,2,1,1,27,1,2,0,0,2,0,19029,18431,22782,32304,31519,23724,0,5000,10000,0,6724,13385,0
50000,2,3,1,32,0,0,0,0,0,0,33231,34544,35976,15996,32714,16720,1868,2300,1239,600,600,600,1
300000,1,2,2,29,-2,-2,-2,-2,-2,-2,0,0,0,0,0,0,0,0,0,0,0,0,1
80000,2,2,1,36,1,-2,-2,-2,-2,-2,4233,14233,15854,10000,10000,10000,14233,15854,10000,10000,10000,10000,0
200000,2,1,2,40,-1,-1,-1,-1,-1,-1,1489,9973,2457,0,948,0,9973,2457,0,948,0,1302,0
160000,1,1,2,30,1,-1,-1,-1,0,-1,0,650,0,650,325,325,650,0,650,0,325,325,1
50000,2,2,2,38,-1,-1,-1,-1,-1,-1,390,390,390,390,390,390,390,390,390,390,390,390,0
110000,2,2,2,40,0,0,0,0,0,0,111720,86877,133187,65025,62777,62105,3406,2357,2239,3617,2247,2500,1
390000,1,1,2,47,-1,-1,-2,-1,-1,-1,898,0,0,2582,128,6273,0,0,2582,128,6273,0,0
80000,1,1,2,27,0,0,0,0,0,-1,74413,76817,74554,43727,16307,1755,7000,3000,1400,326,1755,0,0
340000,1,1,2,29,-1,0,0,0,0,0,44855,331641,331334,286660,263505,268256,300039,13214,12005,13005,10011,12005,0
180000,1,1,1,30,1,1,-2,-2,-2,-2,143900,0,0,0,0,0,10000,0,0,0,0,0,0
20000,1,2,1,25,0,0,0,0,0,0,14447,15455,17562,17322,17119,17350,1552,2659,1419,606,500,1000,0
120000,2,1,2,25,0,0,0,0,0,0,58106,53974,51786,43180,41469,42004,2000,3000,3000,4000,4000,2000,0
400000,2,2,2,42,-1,-1,-1,-1,0,0,3608,4032,9885,65207,59247,53752,4052,9939,65243,1239,5366,10435,0
140000,2,2,2,35,0,0,0,0,0,0,84873,82471,84235,82432,81465,83160,4000,4010,3800,3200,3100,3000,0
50000,1,2,2,44,0,0,0,2,0,0,47674,45472,51447,49895,20317,19460,1764,6739,29,700,704,705,0
450000,1,1,2,32,-1,-1,-1,-2,-2,-1,1270,1570,0,0,0,144,1580,0,0,0,144,236,0
200000,2,1,1,46,-1,-1,-1,-1,-1,-1,10687,18021,3275,5430,6683,7790,18031,3275,5430,6871,7790,8901,0
180000,2,2,1,24,0,0,-2,-1,-1,-2,6272,0,0,1000,2190,0,0,0,1000,2190,0,384,0
50000,2,3,1,34,0,0,0,0,0,0,24203,23708,23609,22675,21628,20576,1367,1741,1280,706,700,776,0
150000,1,3,1,47,0,0,0,-1,-1,-2,250475,123543,52598,3218,0,0,5772,2424,3218,0,0,0,0
160000,2,3,1,38,0,0,0,0,0,0,151963,141884,143428,146289,128133,124606,5100,7100,7500,4500,5000,4800,0
500000,2,1,2,37,0,0,0,0,0,0,43643,46586,48832,49568,46939,49147,4000,3000,2000,2000,3000,7000,0
90000,2,2,1,31,0,0,0,0,-2,-2,19929,17671,7870,0,0,0,1500,1000,0,0,3000,40000,0
210000,2,3,1,39,1,2,2,2,0,0,26624,25903,28719,27964,28364,28855,0,3550,0,1164,1100,1118,0
240000,2,1,1,38,1,-1,-1,-1,0,0,-25,4078,2223,31136,4367,3632,4103,2223,31136,100,0,1101,0
50000,1,2,2,24,1,2,2,0,-1,0,59197,55551,54083,50000,10135,9952,2000,0,1000,10135,358,403,1
120000,1,2,2,28,0,0,0,0,0,0,92677,92809,93392,93609,95055,96761,4516,5005,5006,5014,5008,4008,0
350000,2,1,1,33,-2,-2,-2,-2,-2,-2,6016,4322,5568,9571,6370,9674,4348,5596,9632,6402,9722,24086,0
70000,1,1,2,27,0,0,0,0,0,0,43214,44196,45181,46426,47380,46923,2000,2000,2000,2000,2000,2000,0
110000,1,1,2,35,3,2,2,3,3,2,450,450,450,450,450,300,0,0,0,0,0,288,1
10000,2,2,1,29,0,0,0,0,0,0,6176,6512,7447,8777,8956,9731,1265,1200,1500,400,1000,273,0
150000,2,1,2,40,0,0,0,2,0,0,16986,18693,20885,21738,22080,23558,2000,2500,1500,1000,2000,2000,0
450000,2,2,1,38,-2,-2,-2,-2,-2,-2,390,390,390,390,390,390,390,780,390,390,390,390,1
60000,2,2,2,34,2,0,0,0,0,-1,60707,59675,59690,59513,28494,29149,2102,2922,1586,570,31110,1212,0
120000,2,2,2,28,1,-2,-2,-2,-2,-2,0,0,0,0,0,0,0,0,0,0,0,0,0
70000,1,2,1,37,0,0,0,0,0,0,68144,69548,70985,64905,48542,48525,2538,2607,2137,1714,1751,2153,0
70000,2,2,1,50,0,0,0,0,0,0,12857,13867,14897,15941,16376,16959,1530,1560,1600,1000,1000,2400,0
360000,2,2,2,35,0,0,0,0,0,0,35327,42032,35665,37071,38680,42352,10000,2453,5000,5000,10000,10017,0
160000,1,2,1,46,0,0,0,0,0,0,116988,114956,114531,106467,106967,109245,4200,5555,4000,4000,4000,4200,0
90000,2,3,1,41,0,0,0,0,0,0,2833,6003,7598,5036,4750,3007,5000,3500,4500,4300,0,1500,0
90000,2,1,2,28,2,3,2,0,0,2,88627,86357,84131,85225,90347,85725,0,0,3400,6500,0,3301,1
130000,1,2,2,30,-1,2,2,2,-1,-1,780,780,390,0,780,0,390,0,0,780,0,0,0
340000,2,2,1,57,-1,-1,-1,-1,-1,-1,16729,8942,10301,20793,14817,4614,8942,10321,20793,14817,4614,7005,0
210000,2,1,1,34,0,0,0,0,0,0,73329,74261,75602,76062,76287,76971,2700,3500,3300,3000,3000,3000,0
80000,2,2,2,31,0,0,0,-1,-1,-1,28788,27620,26352,939,2202,1369,8000,1000,939,2202,1369,4827,0
200000,2,1,1,38,-1,-1,-1,-1,-1,-1,3824,6115,11950,7311,18517,6787,6115,11950,7311,18567,6787,6653,0
230000,1,2,1,60,0,0,0,0,0,0,131550,132114,133281,123958,124474,120570,6057,4845,4291,4115,4274,4054,0
320000,1,1,2,41,0,0,0,0,0,0,309805,237915,235917,227714,154939,102338,15818,10049,10015,14939,4338,5267,0
20000,1,2,2,24,2,2,2,0,0,-1,17996,19102,19117,19664,10000,4060,2100,1000,1000,1100,4060,0,1
140000,1,2,2,39,1,-1,0,-1,0,0,10091,18324,8808,27319,19278,11505,18539,1000,27329,386,1000,16215,0
230000,2,3,2,48,-1,-1,-1,-1,-1,-1,3096,518,4988,3528,3642,14073,518,5003,3528,3642,14073,1485,1
180000,2,1,2,35,-2,-2,-2,-2,-2,-2,7210,370,8479,792,3826,1997,370,8875,792,3826,1997,396,0
160000,1,2,1,46,0,0,0,0,0,0,116988,114956,114531,106467,106967,109245,4200,5555,4000,4000,4000,4200,0
90000,2,1,2,27,0,0,0,0,0,0,61799,62561,63069,62643,59265,59046,2400,2518,2514,2100,2500,2500,0
240000,2,2,1,28,2,2,2,2,2,0,191137,210333,206332,214981,194817,186895,24000,0,12014,0,5307,5001,1
250000,2,2,1,29,0,0,0,-1,-1,-1,227762,191424,18016,15353,325,325,35018,1000,20000,325,325,318,0
250000,2,2,1,29,0,0,0,-1,-1,-1,227762,191424,18016,15353,325,325,35018,1000,20000,325,325,318,0
140000,2,2,2,27,0,0,0,-1,-1,-1,16037,17066,21199,390,0,390,2000,5000,390,0,390,780,0
100000,2,2,1,30,-1,0,0,0,0,0,98048,97585,84514,85496,69656,61532,3903,8000,5000,4000,3000,2300,0
150000,2,1,2,24,0,0,0,0,0,0,52824,15214,16452,17281,18576,18783,4000,2000,2000,2000,2000,3000,0
80000,1,2,1,47,2,2,2,0,0,2,68250,73424,71691,72507,76841,74336,6325,0,2612,5520,0,2998,1
60000,2,3,1,44,-1,0,0,0,0,0,63236,64683,66510,58622,47317,48726,2500,3000,2292,1526,2000,2000,1
120000,2,3,2,31,1,2,0,0,0,0,122806,119325,112976,63658,38495,38226,15,3500,2000,1500,1500,5000,0
140000,1,2,2,29,0,0,0,0,-2,-2,132629,55185,56000,0,0,0,5000,2000,0,0,0,0,0
480000,2,1,2,34,-1,-1,-1,0,-1,-1,19810,3478,7782,4720,4440,96628,3495,8037,4523,4462,96665,6865,0
60000,1,1,2,27,-1,-1,0,0,0,0,2165,18214,13172,8717,8552,9902,18214,13000,2000,3000,2000,0,0
30000,2,3,2,48,2,2,0,0,0,0,26950,23655,25131,29148,12134,12976,0,3200,5000,1000,1000,1000,1
250000,2,2,2,36,0,0,0,0,0,0,71012,60816,59328,57692,52811,49067,2200,3003,2800,1834,1850,3000,0
100000,1,1,2,32,0,0,0,0,0,0,26650,26127,26608,24689,25699,26809,2000,2000,2000,1700,1500,1500,0
140000,2,2,1,27,0,0,0,0,0,0,125792,126771,132730,124689,105447,106704,5000,10000,5000,5000,5000,5000,0
120000,1,1,2,30,-1,2,2,-1,-1,-1,1500,3010,1700,1125,909,786,1700,0,1125,909,786,1433,0
20000,1,2,1,33,1,2,0,0,2,2,4481,4261,5272,6685,6429,7225,0,1087,1500,0,900,0,0
200000,1,1,3,47,0,0,0,0,0,0,202967,203188,198576,186981,137486,140473,7208,7282,5835,5000,5500,4954,1
80000,1,3,1,49,0,0,0,0,-2,-2,77985,80886,82150,0,0,0,4200,3800,0,0,0,0,0
280000,2,2,2,35,0,0,0,0,0,0,259637,259593,261595,267359,236734,231064,10028,12500,13106,231064,15004,8004,0
50000,1,2,2,27,0,0,0,0,0,-1,50580,48956,49252,28838,2102,19366,3000,4063,1700,600,20000,1000,0
50000,1,2,2,29,0,0,2,0,0,0,13778,15837,16285,17009,18223,18778,2600,1000,1300,1500,1000,1000,0
370000,1,1,1,45,0,0,0,0,0,0,123485,129885,134782,141002,145637,149281,10000,7000,10000,7000,6000,6000,0
30000,2,1,1,32,0,0,0,0,0,0,27764,29276,28637,29325,30004,30506,2000,2000,1500,1100,1300,1000,1
200000,2,3,1,49,2,-1,2,2,2,0,570,52439,51040,56205,54723,58657,52439,0,6000,0,5000,2286,1
150000,2,4,2,31,-2,-2,-2,-2,-1,2,9846,5345,0,0,1493,159,5345,0,0,1493,0,1119,0
110000,2,1,2,31,0,-1,-1,-2,-2,-2,14268,2491,0,0,0,0,2491,0,0,0,0,0,0
90000,2,2,2,34,0,0,0,0,0,0,30026,29239,14027,13559,14331,14948,2000,1518,1500,1000,1000,1000,0
80000,2,1,2,28,0,0,0,0,0,0,39663,40664,42742,43730,44721,45764,1664,2742,2000,1720,1764,1762,0
70000,1,2,1,31,0,0,0,0,0,0,61177,62076,63806,126005,66451,20200,5300,3500,2154,7800,555,1000,1
20000,1,2,2,34,0,0,0,0,0,-1,13730,15170,15277,13478,16978,12914,2000,2000,1000,5000,12914,600,0
280000,1,1,2,31,0,0,0,0,0,0,148186,150724,153762,155242,143679,145615,5000,5006,4408,4117,4600,4600,0
110000,2,3,1,42,0,0,0,0,0,0,110191,110736,63652,62738,50687,49850,3200,2450,2027,1710,1800,1700,0
50000,2,1,2,23,1,-1,2,0,0,0,-69,7721,3079,7095,7237,6446,7790,0,4095,245,234,266,1
350000,1,3,2,36,-1,-1,-1,-1,-1,-1,9189,6080,12622,18103,13547,38868,6088,12635,18119,13547,38868,4650,0
150000,1,3,2,44,0,0,0,0,0,0,65903,35916,34409,93241,67549,62479,5011,3045,70092,2521,3000,3000,0
50000,2,3,1,47,0,0,0,0,0,0,34740,9769,9899,11017,13460,15529,4000,2000,2000,3000,4000,846,0
280000,1,1,2,30,-2,-2,-2,-2,-2,-2,3310,-6,4759,996,0,1199,0,4765,996,0,1199,909,0
100000,2,2,2,28,0,0,0,0,0,0,50697,51813,53416,32422,33177,42560,1959,2545,1513,1268,10000,10000,0
110000,1,2,1,51,0,0,0,0,0,0,54051,55126,57239,104353,48308,49693,1972,3000,49000,1569,2000,2000,1
360000,1,1,2,31,1,-1,-1,-1,0,0,0,4260,3278,580,580,0,4260,3278,580,0,0,0,0
20000,2,1,2,23,-1,0,0,0,0,0,19364,19082,19286,19637,18826,19522,1358,1321,1400,1000,1000,2583,0
230000,2,1,2,42,-2,-2,-2,-2,-2,-2,107,529,135,108,830,2536,529,135,108,830,2536,0,0
380000,1,1,2,40,0,0,0,0,0,0,245069,251731,257028,266487,269786,265312,12000,10600,15000,9800,10000,10000,0
420000,1,4,2,36,1,-2,-1,-1,0,0,944,1819,1133,10415,7792,-3,1819,1143,10429,194,556,0,0
180000,2,3,1,31,0,0,0,0,0,0,68450,69818,71298,72729,73627,75086,3100,3200,3210,2700,2800,3000,0
80000,1,2,2,25,0,0,0,-1,0,0,8852,1946,1473,48029,47525,47181,1000,1000,48029,2000,2000,2000,1
60000,1,2,2,27,2,0,0,2,0,0,58598,56486,60877,56138,56806,57935,2632,5924,0,2200,2200,2290,1
20000,2,2,2,21,-1,-1,2,2,-2,-2,390,780,780,0,0,0,780,0,0,0,0,0,0
500000,2,2,1,38,0,0,0,0,0,0,242546,184601,189136,172674,20253,29576,7000,8000,9000,791,10000,7000,0
280000,2,1,1,37,-1,-1,-1,-1,0,0,733,168,786,1028,889,698,168,786,1028,698,0,0,0
70000,2,2,1,48,-1,-1,-1,-1,0,-1,3838,1930,6384,4286,2333,930,1930,6384,4292,0,930,1422,0
130000,2,2,2,40,2,0,0,2,0,0,8539,9559,12394,11883,9826,10167,1165,3000,0,500,500,2700,1
220000,1,3,2,33,0,0,0,0,0,0,62770,86968,57675,75892,49548,35530,40000,25000,25000,10000,10000,10000,0
50000,2,3,1,32,0,0,0,0,0,0,33231,34544,35976,15996,32714,16720,1868,2300,1239,600,600,600,1
230000,1,1,1,29,2,0,0,0,0,0,306836,295324,303082,307038,116506,19085,9062,10978,10361,2507,490,308,0
300000,2,1,1,34,-1,-1,-1,-1,-2,-2,56,0,849,0,0,112,0,849,0,0,112,550,0
130000,1,2,1,37,0,0,0,2,2,2,25991,28053,30891,30096,32169,31520,2500,3300,0,2578,0,3225,1
40000,2,3,2,43,0,0,0,0,0,-2,26449,22072,19085,17550,0,0,1303,1665,1000,0,0,0,0
80000,2,2,2,23,0,0,0,0,0,0,51980,36668,39291,43476,46115,42129,6670,5000,5002,4003,3000,3002,0
130000,1,2,1,34,0,0,0,0,0,0,129998,132880,128615,130553,100976,96560,6543,6700,6050,4040,3700,3562,0
310000,2,1,2,36,0,0,0,0,0,0,67940,45746,46979,42045,40334,49542,2000,2000,2000,2000,13000,2000,0
20000,1,3,2,48,0,0,2,2,0,0,13543,16434,17452,16879,17059,17263,3132,1577,0,757,628,700,1
150000,1,2,1,48,0,0,0,0,0,0,118610,121098,123460,66902,68230,69661,4955,4947,3818,2442,2530,2538,0
280000,2,2,1,42,-2,-2,-2,-2,-2,-2,396,396,396,396,10948,61123,396,396,396,10948,61123,54802,0
370000,2,2,1,41,-2,-2,-2,-2,-2,-2,1442,9750,0,30100,0,0,9750,0,30100,0,0,0,0
130000,1,3,1,38,0,0,0,0,-1,0,6360,5375,5476,6931,99416,99702,1088,1189,2646,104590,3358,3314,0
180000,2,2,2,28,-1,-1,-1,-1,-1,-1,3840,18588,1557,2540,3058,16030,18588,1562,2540,3058,16030,330,0
360000,2,1,1,48,0,0,0,0,0,0,202783,202036,202918,202197,199002,197781,10000,10000,10000,7500,8000,8000,0
260000,2,2,1,31,0,0,0,0,0,0,82156,83083,85346,87620,89566,91502,3611,3712,3800,3500,3400,3100,0
80000,2,1,2,26,0,0,0,0,0,0,62536,61478,55760,15029,13809,13597,3000,2000,5000,3000,1000,44000,0
80000,2,3,1,47,-1,-1,2,-1,-1,-1,390,780,390,390,390,390,780,390,390,390,390,2379,1
170000,1,2,1,57,-1,-1,-1,-1,0,-1,792,-2604,396,792,396,396,0,3396,792,0,396,396,1
180000,2,1,2,27,0,0,0,0,0,0,101489,78738,78639,44295,44113,37805,10006,8000,1610,10000,1333,8818,0
50000,1,2,2,44,0,0,0,2,0,0,47674,45472,51447,49895,20317,19460,1764,6739,29,700,704,705,0
200000,2,1,1,46,-1,-1,-1,-1,-1,-1,10687,18021,3275,5430,6683,7790,18031,3275,5430,6871,7790,8901,0
230000,1,1,2,44,0,0,0,0,0,0,25949,27214,28472,29696,31393,33222,2000,2000,2000,2500,2500,3000,0
150000,1,2,1,36,2,2,2,2,2,2,47529,40605,39394,37686,38810,31548,17,3105,2,2020,36,1048,1
230000,1,1,2,34,0,-1,0,0,0,0,56449,219192,226596,225791,226638,226265,231788,11621,9027,9015,9000,9014,0
140000,1,2,2,44,0,0,0,0,0,0,129301,129885,131886,133105,78607,78773,6104,7000,5518,2933,3100,3502,0
320000,2,2,2,30,-1,-1,-1,-1,-1,0,3690,3720,4206,15610,10556,11863,3720,4206,15610,10556,8000,5600,0
100000,2,3,2,27,0,0,0,0,0,0,89312,141034,61119,58535,54224,51204,3000,2208,2700,2000,1844,1709,0
300000,1,1,1,40,-2,-2,-2,-2,-2,-2,5649,5649,5649,5699,5466,19878,5649,5649,5699,5616,20272,0,0
20000,1,1,2,26,-1,-1,0,-1,0,0,587,2195,1758,3720,3820,0,2195,1500,3720,100,0,0,0
180000,2,2,1,38,-1,2,2,-1,0,0,7098,4089,0,8941,5181,5181,0,0,8941,0,0,0,1
100000,1,1,2,38,0,-1,-1,0,0,0,3042,1427,102996,70626,69473,55004,2000,111784,4000,3000,2000,2000,0
210000,2,1,1,44,0,0,0,0,0,0,89519,50144,52148,50723,43200,17556,20033,10000,5012,1251,2007,10125,0
90000,2,2,2,35,2,2,2,2,2,2,89282,91247,68552,67324,39573,28610,6201,0,25000,0,2235,0,0
180000,2,2,2,31,0,0,0,0,0,0,69502,69878,71866,72140,60885,32397,2500,3300,2140,1885,4000,95000,0
180000,1,1,2,26,-1,-1,-1,-1,-1,-1,758,0,1022,2004,0,2051,0,1022,2016,0,2051,0,1
150000,2,2,1,27,-1,-1,0,0,0,0,1108,143813,149350,149984,130610,121793,147314,7752,6046,2753,5583,6700,0
240000,2,1,2,38,-2,-2,-2,-2,-2,-2,3816,3816,3816,3816,816,3816,3816,3816,3816,816,3816,816,0
80000,2,3,1,29,-2,-2,-2,-2,-2,-2,456,3351,9452,1584,2200,7042,3366,9481,1588,2206,7073,4186,0
30000,1,1,2,24,-1,0,0,0,0,0,1426,2539,3437,5365,6275,7172,1300,1100,2000,1000,1000,2000,0
20000,1,2,1,37,0,0,0,0,0,-2,17622,19996,15467,15863,0,0,3000,2000,1000,0,0,0,0
180000,2,1,1,36,0,0,0,0,0,0,4911,6688,8432,9977,10030,10836,2000,2000,2000,500,1100,0,0
90000,2,2,1,32,-1,2,-1,-1,-2,-1,3682,3472,33784,0,0,256,0,33812,0,0,256,3500,0
30000,1,2,1,33,0,0,0,0,0,0,59867,28357,29312,26404,25806,26325,1500,1433,1500,920,929,0,1
80000,2,1,1,48,-1,-1,-1,-2,-2,-1,1198,1150,0,0,0,7685,1150,0,0,0,7685,0,1
110000,2,3,1,42,0,0,0,0,0,0,110191,110736,63652,62738,50687,49850,3200,2450,2027,1710,1800,1700,0
300000,1,2,2,47,0,0,0,0,0,0,109274,110453,115453,118522,118586,118179,3000,5000,5013,4514,4220,4008,0
210000,1,2,1,31,-1,-1,2,-1,-1,-1,1748,2488,740,2048,740,740,2488,0,2048,740,740,740,0
200000,2,1,1,46,-1,-1,-1,-1,-1,-1,10687,18021,3275,5430,6683,7790,18031,3275,5430,6871,7790,8901,0
120000,2,1,1,35,-1,-1,-1,-1,-1,-1,525,2458,8067,802,2706,3597,2458,8152,802,2706,3597,1400,0
90000,2,1,2,24,0,0,0,0,0,0,53173,19825,20840,21023,20776,21055,1324,1339,1638,890,763,769,0
300000,2,2,2,30,0,0,0,-2,-2,-1,133115,41300,0,0,0,2538,2300,0,0,0,2538,47473,1
380000,2,1,2,40,0,-1,-1,-1,-1,0,4366,2566,4174,-192,15011,12990,2566,4174,192,16350,2000,55500,1
110000,2,3,1,64,0,0,0,0,0,0,83050,85550,76793,13062,12609,12638,4000,3275,3028,3000,2000,2000,0
320000,2,2,2,30,-1,-1,-1,-1,-1,0,3690,3720,4206,15610,10556,11863,3720,4206,15610,10556,8000,5600,0
200000,2,1,1,46,-1,-1,-1,-1,-1,-1,10687,18021,3275,5430,6683,7790,18031,3275,5430,6871,7790,8901,0
360000,2,3,2,45,-2,-2,-2,-2,-2,-2,0,0,0,0,0,0,0,0,0,0,0,0,1
260000,1,5,1,47,-1,-1,-1,-1,-1,-1,3469,1579,879,697,396,3635,1579,879,697,396,3635,5964,0
100000,1,2,1,28,0,0,0,0,0,0,74269,59948,56323,48985,23894,23402,2812,2081,2077,1003,1015,1000,0
280000,2,4,2,29,0,0,0,0,-2,-2,4567,5724,7184,0,0,0,2500,3000,0,0,0,0,0
150000,2,1,2,26,0,0,0,0,0,0,136736,125651,116684,101581,77741,77264,4486,4235,3161,2647,2669,2669,0
360000,2,1,2,32,0,0,0,0,0,0,272112,272444,256974,241226,241673,233157,10130,12649,8916,7725,8900,6956,0
300000,1,2,1,43,-2,-2,-2,-2,-2,-2,0,0,0,0,0,0,0,0,0,0,0,0,1
50000,1,2,2,24,1,2,2,0,-1,0,59197,55551,54083,50000,10135,9952,2000,0,1000,10135,358,403,1
360000,2,2,2,40,-1,-1,-1,-1,0,0,9325,10741,45619,37459,31747,26899,10741,46378,46347,0,0,19607,0
320000,2,2,1,37,2,2,2,2,2,2,289260,297888,304025,308421,315291,310339,14500,12001,10500,13000,1,120021,0
60000,1,2,2,42,0,0,0,0,0,0,99114,97895,94204,95986,13529,16099,3700,3000,4000,1500,3250,1000,0
360000,2,2,2,35,0,0,0,0,0,0,35327,42032,35665,37071,38680,42352,10000,2453,5000,5000,10000,10017,0
90000,2,3,1,36,0,0,-1,0,0,0,79642,79001,18318,18982,19371,19608,1580,19789,1295,1000,849,1000,0
390000,2,1,2,29,0,0,0,0,0,0,89953,107947,60313,55769,65835,72177,25000,35127,20000,12000,7500,15000,0
50000,2,1,2,23,1,-1,2,0,0,0,-69,7721,3079,7095,7237,6446,7790,0,4095,245,234,266,1
300000,2,2,2,39,-2,-2,-2,-2,-2,-2,1028,0,0,0,0,0,0,0,0,0,0,0,1
20000,1,2,2,25,1,2,0,0,-1,0,20873,20240,20365,19565,9928,12758,4,1378,1203,15460,3000,2000,1
360000,1,3,1,46,-2,-2,-2,-2,-2,-2,0,0,0,0,0,0,0,0,0,0,0,0,0
60000,2,2,1,41,0,0,0,0,0,0,19813,20064,23213,20383,18431,18702,5000,5000,2000,1000,2000,1000,0
30000,2,2,2,25,0,0,0,0,0,0,30523,30554,30593,30619,29146,29823,2000,2000,1700,1200,1300,1300,0
80000,2,3,2,52,0,0,0,0,0,-1,42635,39508,36060,30470,18306,7432,1623,1740,1200,366,7432,0,0
500000,2,1,2,37,-2,-2,-2,-2,-2,-2,747,0,0,989,0,0,0,0,989,0,0,880,0
100000,1,2,1,38,0,0,0,0,-1,0,100600,94367,96504,22850,91081,92986,4090,4385,1850,103300,3370,3670,0
50000,2,2,1,23,2,2,0,0,0,0,54866,51520,41711,22775,4215,3016,1000,1860,1600,452,100,114,1
20000,1,2,2,37,1,2,0,0,0,0,14440,13916,15376,18075,18830,20423,0,2000,3000,1000,2000,0,1
50000,2,3,2,51,0,0,0,0,0,0,25436,27445,28585,29736,21356,23403,2445,1585,1736,2356,2403,2414,0
50000,2,1,2,24,0,0,2,0,0,0,48483,52167,51052,50116,20181,19702,4500,0,2000,19000,1000,800,1
100000,1,2,1,28,0,0,0,0,0,0,74269,59948,56323,48985,23894,23402,2812,2081,2077,1003,1015,1000,0
280000,2,4,2,29,0,0,0,0,-2,-2,4567,5724,7184,0,0,0,2500,3000,0,0,0,0,0
140000,1,1,2,31,0,0,0,0,0,0,128036,106657,45887,137487,111602,111552,4180,2800,100005,3800,3990,4285,0
20000,1,2,2,37,1,2,0,0,0,0,14440,13916,15376,18075,18830,20423,0,2000,3000,1000,2000,0,1
30000,2,2,2,22,1,2,0,0,0,0,16549,17085,17003,7150,6508,8459,1500,1396,2000,178,2000,2000,0
20000,2,2,1,42,0,0,0,0,0,3,6336,7350,8370,9380,10078,10072,1125,1145,1154,852,150,0,1
200000,1,3,2,27,-1,-1,0,0,0,0,4484,192047,191248,191678,182676,181568,195316,7019,7493,5275,5786,20031,0
500000,2,1,2,35,0,0,0,0,0,0,3994,11230,10925,11795,14384,15806,11160,1244,1114,2703,3435,402,0
30000,2,1,2,25,0,0,0,0,0,0,26417,27421,28573,29222,28451,27270,1448,1600,1500,1000,1000,1200,0
210000,1,1,1,49,-1,-1,-1,-1,-1,-1,291,291,291,291,291,291,291,582,291,291,291,291,0
110000,2,1,2,27,0,0,0,0,0,0,52426,45107,44310,34820,36005,25976,1772,1900,1815,2000,1500,2000,0
160000,2,2,1,42,1,-2,-1,-1,-1,-1,0,0,369,0,522,0,0,369,0,522,0,978,0
150000,2,1,2,29,-1,-1,-1,-1,-1,-1,962,5868,15218,15965,9275,25321,5868,15283,15972,9275,25321,7350,0
230000,2,1,1,46,-2,-2,-2,-2,-2,-2,266,0,0,0,0,300,0,0,0,0,300,0,0
140000,1,2,2,29,0,0,0,0,-2,-2,132629,55185,56000,0,0,0,5000,2000,0,0,0,0,0
90000,2,2,2,34,0,0,0,0,0,0,30026,29239,14027,13559,14331,14948,2000,1518,1500,1000,1000,1000,0
180000,2,2,3,48,-1,-1,-1,-1,-2,-1,860,102,851,0,346,1592,102,851,0,346,1592,1098,1
100000,1,1,2,37,2,2,0,0,2,2,38604,37688,38780,43592,44117,45165,0,2000,5800,1540,1900,1700,1
300000,2,2,1,34,0,0,0,0,0,0,59900,62391,66156,66621,68030,70101,3500,5017,5000,2000,2500,8128,0
20000,1,2,1,37,0,0,0,0,0,-2,17622,19996,15467,15863,0,0,3000,2000,1000,0,0,0,0
200000,2,2,2,27,-1,-1,-1,-1,-1,-1,6369,5830,7254,7164,4576,5792,5830,7254,7164,4675,5792,5196,0
10000,2,2,2,22,1,-2,-2,-2,-2,-2,0,0,0,-400,0,0,0,0,0,400,0,0,0
270000,1,3,1,47,0,0,0,0,0,0,161999,165303,168837,172281,175705,179582,6000,6200,6254,6290,6710,8250,0
70000,1,3,2,27,2,2,2,3,3,2,58009,56479,63633,64500,62867,64210,0,8100,2500,0,2500,2455,1
310000,2,1,2,36,0,0,0,0,0,0,67940,45746,46979,42045,40334,49542,2000,2000,2000,2000,13000,2000,0
290000,1,1,1,37,-2,-2,-2,-2,-2,-2,-17,3465,10069,4225,-4,871,3482,10194,4276,0,875,3852,0
150000,2,2,2,38,-1,-1,-2,-2,-2,-2,1242,0,0,0,0,0,0,0,0,0,0,0,0
60000,1,2,2,27,2,0,0,2,0,0,58598,56486,60877,56138,56806,57935,2632,5924,0,2200,2200,2290,1
50000,1,3,2,24,1,2,2,0,0,0,52354,52651,51056,49515,42189,19938,2211,0,2174,2000,6473,0,1
200000,1,3,2,27,-1,0,0,0,0,0,3179,3844,5117,6877,7504,8148,1844,2117,1877,1504,1148,2599,0
220000,2,1,1,30,2,2,0,0,0,0,150682,139629,136020,115942,54611,42363,0,6824,2726,1239,2953,112742,0
110000,2,2,1,31,-1,2,2,-1,-1,-1,832,832,416,416,416,416,416,0,416,416,416,416,1
100000,2,1,2,27,-1,-1,-2,-2,-1,-1,4829,0,0,0,5330,0,0,0,0,5330,1274,2100,0
80000,2,1,2,54,0,0,0,0,0,0,78294,79247,74954,79356,48981,46848,3500,5608,8000,1205,1500,2000,1
100000,2,1,2,26,1,-1,-1,-1,-1,-1,0,632,0,316,632,0,632,0,316,632,0,316,0
20000,1,1,1,33,0,0,0,0,0,0,20276,20134,20298,19269,19254,19484,1326,1326,1287,662,903,500,0
80000,2,1,2,26,-1,-1,-1,-1,-2,-1,4620,2991,1441,1608,1453,4287,2991,1500,1608,1453,4287,6000,0
200000,1,1,2,33,-1,-1,-1,0,-1,-1,12202,1964,12181,5908,1114,8314,4994,12181,2000,1114,8314,1114,0
480000,1,1,1,66,-1,-1,-1,-1,-1,-1,3820,4665,5367,21222,9083,84804,4665,5473,21284,9088,84804,6285,0
230000,2,1,2,25,-2,-2,-2,-2,-2,-2,248,248,248,248,248,248,248,248,248,248,248,248,0
80000,2,1,2,54,0,0,0,0,0,0,78294,79247,74954,79356,48981,46848,3500,5608,8000,1205,1500,2000,1
260000,2,2,1,37,0,0,0,0,0,0,182249,181433,180660,179052,177072,175285,6107,6501,6005,5805,5909,6106,0
140000,1,2,1,32,0,0,0,0,0,0,134236,134663,137485,137450,135638,136375,6300,6500,6300,6000,5200,5000,0
230000,2,3,1,36,1,2,0,0,0,0,232115,225086,222286,222884,220876,221496,22,9005,9037,7519,8018,8100,0
10000,1,2,2,27,0,0,0,0,0,0,9457,9554,7335,9025,7886,8382,1107,1310,2000,269,1000,1100,0
440000,2,2,1,39,0,0,0,0,0,0,58639,66698,43399,44534,25341,20000,30000,2000,24534,5000,20000,20839,0
420000,1,1,1,43,-2,-2,-2,-2,-2,-2,3542,2967,2977,2987,3624,3165,3010,3035,3029,3637,3222,3025,0
300000,1,2,1,43,-2,-2,-2,-2,-2,-2,0,0,0,0,0,0,0,0,0,0,0,0,1
230000,2,1,2,42,-2,-2,-2,-2,-2,-2,107,529,135,108,830,2536,529,135,108,830,2536,0,0
400000,2,1,1,40,-1,-1,-1,-2,-2,-2,3716,4318,273,743,516,200,4318,273,743,516,200,422,0
160000,2,1,2,29,-2,-2,-2,-2,-2,-2,386,4194,196,7730,3113,3484,4194,196,7741,3113,3484,2475,0
310000,2,3,1,37,-2,-2,-2,-2,-2,-2,4052,6514,-3484,-3484,-3484,13833,6514,0,0,0,17317,0,0
30000,2,1,2,46,0,0,0,0,2,0,18910,20592,21949,24116,23430,25044,2000,2000,2535,0,2000,2300,0
410000,1,1,1,38,-1,-1,-1,-1,-2,-2,499,0,35509,0,0,0,0,35509,0,0,0,0,0
30000,2,2,1,43,-1,-1,-1,-1,-2,-1,10443,4503,9000,0,0,5394,4503,9000,0,0,5394,6171,0
20000,1,2,1,44,0,0,0,0,0,0,18015,18344,19672,19652,780,0,1400,1630,1000,0,0,0,1
160000,1,1,1,41,1,-2,-2,-2,-2,-2,0,0,0,0,0,0,0,0,0,0,0,0,1
50000,2,2,1,45,0,0,0,0,0,0,48153,49073,12630,9215,9215,8011,2000,2022,2000,0,1000,1904,0
50000,1,2,2,24,0,0,0,0,0,-1,49907,49355,34833,28614,29133,29340,1963,1539,1200,719,43945,1001,0
160000,2,1,2,29,-2,-2,-2,-2,-2,-2,386,4194,196,7730,3113,3484,4194,196,7741,3113,3484,2475,0
230000,2,1,2,33,-2,-2,-2,-2,-2,-2,5869,11556,156,2403,1546,7915,11556,156,2403,1546,7915,0,0
150000,2,1,2,27,-2,-2,-2,-1,0,0,-3706,-6108,32662,59350,41136,28596,3449,46128,60260,30218,17000,20133,0
170000,2,2,2,51,0,-1,-1,-1,-1,-1,1606,1420,1420,1420,1420,3464,1420,1420,1420,1420,3464,1420,0
80000,1,2,2,25,0,0,0,-1,0,0,8852,1946,1473,48029,47525,47181,1000,1000,48029,2000,2000,2000,1
230000,2,4,2,34,0,0,0,-1,-1,-1,2223,2233,159,1772,28704,19474,1000,159,1778,28704,19474,650,0
180000,2,2,1,32,0,0,0,0,2,0,151307,143025,140984,85948,80069,77462,6000,6000,8009,0,3000,3000,0
110000,2,1,2,28,0,0,0,0,0,0,91286,91850,84849,84362,59391,59129,8080,14298,2519,6616,1953,5300,0
390000,2,1,1,42,0,0,0,0,0,0,310075,184647,90383,55212,29701,-1429,10021,4000,15046,20000,0,10090,0
200000,2,1,1,37,-1,-1,-1,-1,0,0,9212,0,261,8203,13203,9691,0,261,8203,5000,0,13185,0
90000,2,2,1,33,0,0,0,0,0,-2,3817,8545,8961,11676,1189,0,5000,1285,3000,1189,0,8832,0
320000,2,1,1,36,-1,-1,2,2,-2,-2,7225,9336,945,-37,-37,-37,9386,13,0,0,0,7445,0
200000,2,2,1,50,0,0,0,0,0,0,4701,3146,4486,13390,8009,5010,2310,3518,12537,45,514,2811,0
50000,1,2,1,49,0,0,0,0,0,0,48321,48890,30272,31080,15315,15238,1839,1640,1901,526,537,577,1
310000,2,1,2,27,0,0,0,0,0,0,134525,115126,105687,102306,93929,87681,6200,5222,5197,4000,5000,3980,0
60000,2,2,1,35,2,0,0,2,2,2,49825,45436,42240,38884,34488,28838,1700,2500,2600,1500,0,1500,1
420000,1,1,1,32,0,0,0,0,0,0,387143,24830,25419,10951,8126,8313,1585,1174,1133,291,318,277,0
100000,1,3,1,35,0,0,0,0,0,0,94467,96521,98728,74239,75704,55704,3627,3938,2515,2516,4022,2032,0
70000,1,2,1,31,0,0,0,0,0,0,61177,62076,63806,126005,66451,20200,5300,3500,2154,7800,555,1000,1
150000,2,2,2,23,0,0,0,0,0,0,167317,166596,165990,161285,156749,151863,10000,10000,6000,6000,5500,5500,0
50000,1,2,2,29,1,2,0,0,0,0,50845,48750,103486,50590,50248,49387,0,6556,3250,1563,1208,781,0
160000,1,3,1,38,-1,-1,-1,-1,0,-1,6763,1651,3107,4187,2474,192,1651,3107,4187,0,192,5510,0
160000,2,3,1,42,-2,-2,-2,-2,-1,0,0,1473,1863,0,112978,115357,1473,1863,0,119001,5000,4500,0
90000,2,2,2,31,0,0,0,0,2,2,22259,23418,24443,26695,25967,26946,1838,1408,2660,0,1400,2000,1
210000,2,1,1,30,1,-1,-1,-1,-1,-1,0,820,718,424,631,843,820,718,424,631,843,0,0
200000,1,1,2,42,0,0,0,0,0,0,161514,163340,168701,172074,173907,184067,6000,8000,8000,6500,13500,0,1
180000,2,2,1,28,0,0,0,0,0,0,54972,42329,42071,39649,39221,40731,2000,2002,2000,2000,2000,2000,0
50000,2,2,1,45,0,0,0,0,0,0,15240,16252,17678,18658,18784,18779,1574,2000,1290,806,824,697,0
150000,2,3,1,48,0,0,0,2,0,0,36717,37800,40874,39922,40953,42136,2000,4000,0,2000,2000,2000,0
540000,2,3,2,38,1,-2,-2,-2,-2,-2,736,736,736,736,0,-736,736,736,736,0,0,2965,0
200000,2,2,1,37,0,0,0,0,0,0,114480,117791,123108,124327,127011,134519,5000,7000,4500,4500,9500,5000,0
200000,2,2,2,27,0,0,0,0,0,0,125854,127843,131352,130884,132142,118084,4775,6579,4734,4368,4183,4227,0
180000,2,1,2,35,-2,-2,-2,-2,-2,-2,7210,370,8479,792,3826,1997,370,8875,792,3826,1997,396,0
390000,1,1,2,37,-2,-2,-2,-2,-2,-2,73,10925,0,0,0,0,10952,0,0,0,0,0,1
290000,2,2,2,25,0,0,0,0,0,0,78719,71559,66658,68627,61578,59274,2510,2500,3000,3000,3000,3000,0
150000,2,4,2,31,-2,-2,-2,-2,-1,2,9846,5345,0,0,1493,159,5345,0,0,1493,0,1119,0
160000,2,3,2,26,-1,-1,-1,-1,-1,-1,390,390,390,390,390,390,390,390,390,390,390,390,0
200000,2,2,2,27,0,0,0,0,0,0,125854,127843,131352,130884,132142,118084,4775,6579,4734,4368,4183,4227,0
200000,2,2,1,33,0,0,0,0,0,0,15126,14633,14918,16992,8967,8494,3000,2000,5000,2000,1000,2000,0
230000,2,2,1,45,-1,-1,-1,-1,-1,0,12047,17091,8743,31886,14893,8343,17094,8786,32467,14893,0,8968,0
120000,2,2,2,33,-1,-1,-1,-1,-1,-1,508,607,611,593,653,587,700,611,593,653,587,916,0
160000,2,2,1,41,1,2,0,0,0,0,99496,97013,98427,102250,102734,104901,0,3879,5459,3675,3821,8256,0
200000,2,1,1,38,-1,-1,-1,-1,-1,-1,3824,6115,11950,7311,18517,6787,6115,11950,7311,18567,6787,6653,0
620000,1,2,2,31,-2,-2,-2,-2,-2,-2,5712,11598,21049,13846,3565,7076,11881,21171,13915,3583,7111,1971,0
70000,2,3,1,48,1,2,0,0,0,0,9518,9217,10557,11576,12383,13180,0,1500,1200,1000,1000,500,1
410000,1,1,1,38,-1,-1,-1,-1,-2,-2,499,0,35509,0,0,0,0,35509,0,0,0,0,0
80000,2,2,1,47,-2,-2,-2,-2,-2,-1,966,0,647,1988,1049,1466,0,647,1990,1049,1466,6309,1
50000,1,1,1,46,0,0,0,0,2,2,13176,15945,17180,18811,18380,19086,3000,1500,2000,0,2000,0,0
20000,2,3,1,52,0,0,0,2,0,0,10248,11271,13513,12999,14456,16313,1501,2743,0,1686,2089,0,1
170000,2,2,1,31,-2,-2,-2,-2,-2,-2,6015,7810,2760,3474,7680,7860,7820,26058,3474,7680,7860,9333,1
200000,2,1,2,37,0,0,0,0,0,0,83000,62084,64610,60567,52122,50610,2500,5000,2509,2000,2000,2000,0
200000,2,2,2,27,-1,-1,-1,0,-1,-1,13285,2150,14122,27413,35377,29922,2155,14122,23007,7212,29922,37790,0
230000,2,1,2,25,0,0,0,0,0,0,50757,52906,54454,53457,55128,52788,3000,3000,2000,2500,2500,2000,0
210000,2,1,1,40,1,2,2,2,0,0,66635,56729,73783,58144,27617,14695,0,20012,24,33,0,223,0
150000,2,1,2,28,0,0,0,0,0,0,82559,84681,87308,89316,91458,89063,3500,4000,3500,3500,3500,3500,0
70000,1,1,2,30,0,0,0,2,0,0,2329,55664,59529,57571,57871,60872,55000,5800,0,2250,4500,0,1
260000,2,3,2,42,-1,-1,-2,-2,-2,-2,6783,0,0,0,0,0,0,0,0,0,0,0,1
160000,1,2,1,32,1,2,0,0,0,0,5525,4039,3656,3801,2540,2279,0,1094,1500,0,1000,0,1
90000,2,2,1,58,1,2,2,2,2,0,25941,25722,28015,28262,27509,28082,500,3000,1000,0,1017,2433,1
80000,1,1,2,28,-1,-1,0,0,0,0,198,734,1580,2338,3140,3907,734,1044,1000,2000,1500,800,0
30000,2,1,2,24,0,0,0,0,0,0,26094,27095,28158,29385,29665,30446,1440,1503,1730,1010,1206,1949,0
300000,2,2,2,28,0,0,2,2,2,2,275855,286812,280337,318248,316147,303666,15000,7000,50000,12000,0,13000,1
400000,2,2,1,30,0,0,0,0,0,0,30667,31160,23054,8453,10387,9222,5034,2086,2025,5006,543,1711,0
300000,2,1,1,38,-1,0,0,0,0,0,15230,16212,17239,18237,18600,17939,1222,1249,1247,610,611,616,0
130000,1,2,1,37,0,0,0,2,2,2,25991,28053,30891,30096,32169,31520,2500,3300,0,2578,0,3225,1
280000,2,1,2,46,-1,-1,-1,-1,-1,-1,2475,1236,2726,10898,1050,812,1236,2726,10916,1056,812,9109,0
60000,1,2,1,31,0,-1,-1,-2,-2,-2,22219,140,0,0,0,0,140,0,0,0,0,0,1
200000,1,1,2,28,2,-1,3,2,-1,-1,833,932,662,311,355,1266,932,0,0,355,1200,0,0
90000,2,3,1,36,0,0,-1,0,0,0,79642,79001,18318,18982,19371,19608,1580,19789,1295,1000,849,1000,0
90000,2,3,1,41,0,0,0,0,0,0,2833,6003,7598,5036,4750,3007,5000,3500,4500,4300,0,1500,0
110000,2,2,1,31,-1,2,2,-1,-1,-1,832,832,416,416,416,416,416,0,416,416,416,416,1
90000,2,2,2,31,0,0,0,0,2,2,22259,23418,24443,26695,25967,26946,1838,1408,2660,0,1400,2000,1
140000,1,2,1,44,1,-1,-1,-1,0,-1,0,1384,-12,1900,664,1085,1384,0,1912,0,1085,0,0
500000,2,1,2,35,0,0,0,0,0,0,3994,11230,10925,11795,14384,15806,11160,1244,1114,2703,3435,402,0
110000,2,2,1,46,0,0,2,0,0,0,102726,110179,105137,105467,94294,86381,10700,0,5000,4000,4000,5000,0
100000,2,2,2,29,0,0,0,-1,-1,-1,7815,11139,3708,2180,1949,717,5000,1000,2180,1949,717,39000,0
30000,2,3,1,23,0,0,0,0,0,0,26117,27028,27510,27817,28130,27141,1737,1609,1306,1455,857,1087,0
90000,2,2,2,25,1,2,0,0,0,0,91830,89448,83949,47118,44942,45886,0,2549,1583,1444,1500,1511,0
320000,1,1,1,40,-2,-2,-2,-2,-2,-2,968,6444,23384,4310,5980,13522,6476,23507,4336,6010,13589,3574,0
230000,2,1,2,31,-2,-2,-2,-2,-2,-2,-7,6785,0,147,0,0,6792,0,147,0,0,176,0
140000,2,1,2,28,-1,-1,-1,-1,-1,0,31,1272,1446,2880,1914,968,2000,1500,3000,1914,0,3287,1
130000,1,2,2,25,0,0,0,0,0,0,39074,39767,38680,5654,1938,522,1766,1521,3100,0,10,0,0
360000,2,1,2,27,-2,-2,-2,-2,-2,-2,0,0,0,0,0,300,0,0,0,0,300,0,0
220000,2,2,1,40,-2,-2,-2,-2,-2,-2,5785,4164,8553,11652,14968,7898,4183,8603,11709,15823,7937,5302,0
130000,1,2,1,44,1,2,2,2,2,2,5230,4998,7898,7021,46431,45891,0,3000,0,40200,0,780,1
50000,1,1,2,34,1,2,2,2,2,2,48212,49207,49914,48382,50693,50364,2500,2200,0,3800,1000,1500,0
20000,2,1,2,24,0,0,0,2,0,0,19335,20094,19495,18845,19023,17928,1415,3600,0,700,4500,1900,0
50000,2,3,2,49,0,0,0,0,0,0,39803,37595,23250,26293,21508,20971,5007,1602,10002,5000,2000,2000,0
110000,2,3,1,64,0,0,0,0,0,0,83050,85550,76793,13062,12609,12638,4000,3275,3028,3000,2000,2000,0
90000,2,2,1,33,0,0,0,0,0,0,77379,67092,61071,44821,24653,25254,2500,3908,2100,884,1000,1000,0
30000,2,2,2,34,0,0,0,0,0,0,23336,24642,25382,26351,25165,25536,1700,1440,1409,1048,927,932,0
410000,1,2,1,36,0,0,0,0,0,0,421227,416160,419988,359736,358471,360557,15050,16000,13100,12700,13000,13100,0
230000,2,1,2,28,-1,0,0,0,0,0,48144,51966,44477,39998,23278,27775,12000,2353,5000,0,8000,643,0
200000,2,5,1,27,0,0,0,0,0,0,185143,188678,191500,187835,139070,140171,7000,7512,7500,5100,5100,5500,0
300000,1,3,1,45,-1,-1,-1,2,-1,0,836,390,780,390,780,780,390,780,0,780,0,0,0
310000,2,1,2,29,0,0,0,0,0,0,29906,14780,18261,41540,50803,59927,14750,5000,24000,10000,10000,30000,0
160000,2,2,2,28,-1,-1,-1,-1,-1,-1,5171,3634,4436,1978,3781,1732,3634,4436,1978,3781,1732,715,0
150000,2,1,2,40,0,0,0,2,0,0,16986,18693,20885,21738,22080,23558,2000,2500,1500,1000,2000,2000,0
120000,1,1,1,48,2,-1,-1,-1,-1,-1,360,360,360,360,150,870,360,360,360,150,870,510,1
200000,2,2,2,27,-1,-1,-1,0,-1,-1,13285,2150,14122,27413,35377,29922,2155,14122,23007,7212,29922,37790,0
300000,2,1,1,31,-1,-1,-1,2,-1,-1,17641,2749,27838,4184,856,6781,2765,28773,0,856,6781,8462,0
150000,1,3,2,39,0,0,0,0,0,0,42029,42678,11413,12418,12415,13211,2100,1500,1500,500,1000,2300,0
140000,2,2,2,35,0,0,0,0,0,0,84873,82471,84235,82432,81465,83160,4000,4010,3800,3200,3100,3000,0
60000,2,3,2,44,2,2,2,2,2,2,11847,62478,55887,70562,71322,58821,55887,0,20783,2500,0,3000,1
100000,2,1,2,29,2,2,2,2,2,2,57214,58666,58643,58589,62586,64519,3000,1500,1500,5600,3100,2000,1
230000,2,2,1,28,2,2,2,2,2,2,35610,38701,35043,35678,36730,35994,3706,0,1513,1730,2000,9000,1
200000,2,3,1,49,2,-1,2,2,2,0,570,52439,51040,56205,54723,58657,52439,0,6000,0,5000,2286,1
120000,2,1,1,47,-1,-1,3,2,0,0,632,948,948,632,632,316,948,0,0,316,0,466,1
100000,2,1,2,29,0,0,0,0,0,0,70205,64898,62715,61465,55501,57892,4000,5030,10000,5000,10000,10000,0
10000,1,1,2,23,0,0,0,0,0,0,6927,5313,6264,5970,7175,6032,1500,3500,1000,2000,2500,1000,0
20000,2,2,1,28,0,0,0,0,0,0,6064,7076,8169,8956,8956,0,1120,1213,1000,0,0,0,0
200000,2,1,2,47,-1,-1,-1,-1,-1,-1,30177,2039,174406,133073,45373,973,2061,175000,133100,46000,1000,0,0
170000,1,2,1,57,-1,-1,-1,-1,0,-1,792,-2604,396,792,396,396,0,3396,792,0,396,396,1
200000,2,2,2,35,0,0,0,-1,-1,-1,6512,4312,0,2412,1396,0,2000,0,2412,1396,0,396,0
50000,2,2,2,36,0,0,0,0,0,0,29647,30845,32821,34855,11776,12088,2000,2800,3732,750,500,1000,1
180000,2,2,2,31,0,0,0,0,0,0,69502,69878,71866,72140,60885,32397,2500,3300,2140,1885,4000,95000,0
500000,2,1,1,44,-1,-1,-1,-1,-1,-1,29178,26963,33166,48858,66050,43769,26963,33169,48858,66050,43769,37509,0
360000,2,3,1,30,1,-1,-1,-1,-1,0,-16,1621,458,0,282,282,1637,458,0,282,0,0,0
430000,2,1,2,30,0,0,0,0,0,0,62774,68284,74806,82241,80298,53289,10284,10806,12241,1606,1119,52319,0
140000,2,1,1,56,3,2,2,3,3,3,450,450,450,450,1450,1150,0,0,0,1000,0,0,1
110000,2,2,1,31,-1,2,2,-1,-1,-1,832,832,416,416,416,416,416,0,416,416,416,416,1
500000,2,2,1,38,0,0,0,0,0,0,242546,184601,189136,172674,20253,29576,7000,8000,9000,791,10000,7000,0
300000,2,3,2,27,0,0,0,0,0,0,17376,17538,16425,11976,3012,0,1294,11236,1032,9,0,0,0
230000,2,1,1,46,-2,-2,-2,-2,-2,-2,266,0,0,0,0,300,0,0,0,0,300,0,0
10000,1,3,2,23,0,0,0,0,0,0,8604,8594,9259,9733,9528,9513,1600,1351,1215,400,200,166,0
130000,2,1,2,26,0,0,0,-1,0,0,13700,18670,21362,1469,7370,12554,10008,6196,1470,6501,5784,6030,0
120000,2,1,2,25,0,0,0,0,0,0,58106,53974,51786,43180,41469,42004,2000,3000,3000,4000,4000,2000,0
70000,1,2,2,31,0,0,0,0,0,0,35515,36619,37725,38792,39447,40361,2000,2000,2000,1600,1700,1700,0
10000,1,2,2,29,2,2,0,0,2,2,5948,5716,7132,8477,8292,9861,0,1500,1500,0,1604,212,1
10000,2,2,2,32,0,-1,0,0,0,-2,5250,1223,2264,3230,0,0,1223,1066,1032,0,0,0,1
180000,1,1,2,26,-1,-1,-1,-1,-1,-1,758,0,1022,2004,0,2051,0,1022,2016,0,2051,0,1
50000,1,2,2,22,0,0,0,0,0,2,49718,50362,49904,50405,29795,28383,1786,2000,1500,2200,0,1100,0
420000,2,1,1,32,-1,-1,-2,-2,-2,-2,8871,358,0,0,20,0,358,0,0,20,0,0,0
140000,1,2,2,39,1,-1,0,-1,0,0,10091,18324,8808,27319,19278,11505,18539,1000,27329,386,1000,16215,0
120000,1,1,2,30,-1,2,2,-1,-1,-1,1500,3010,1700,1125,909,786,1700,0,1125,909,786,1433,0
200000,2,1,2,31,-2,-2,-2,-2,-2,-2,0,0,0,0,0,0,0,0,0,0,0,0,0
70000,1,2,1,47,0,0,0,0,0,0,53239,54351,56480,57253,59150,0,2000,3000,2500,3000,0,0,0
30000,2,3,1,43,-1,3,2,2,0,0,10330,10040,10903,10533,10132,10343,0,1149,101,348,359,364,0
50000,2,2,1,27,0,0,0,0,0,0,47254,43583,35245,27520,25928,26470,1720,3100,1723,1100,1111,1200,1
120000,1,2,2,27,0,0,0,0,0,0,29344,33474,29029,26523,20554,19348,5053,1789,2037,659,802,640,0
20000,1,2,2,23,1,2,2,0,0,2,17081,16809,17541,18250,19463,19010,300,1305,1305,1518,0,1861,1
430000,2,1,2,36,0,0,0,0,0,0,258212,232225,237297,240682,245337,242481,10500,10300,9000,8541,9054,8543,1
80000,2,2,2,34,1,-2,-1,-1,-1,0,-3,-3,1266,1347,2495,1248,0,1269,1351,2498,3,0,0
100000,2,2,1,43,0,0,0,0,0,-2,94713,97503,100138,99000,0,0,4366,5100,2000,0,0,0,0
360000,2,2,1,33,-2,-2,-2,-2,-2,-2,0,0,3240,1943,0,0,0,3240,1943,0,0,0,1
330000,1,3,1,37,-2,-2,-2,-2,-2,-2,0,0,0,0,0,0,0,0,0,0,0,0,0
320000,2,2,1,37,2,2,2,2,2,2,289260,297888,304025,308421,315291,310339,14500,12001,10500,13000,1,120021,0
80000,2,3,2,25,0,0,0,0,0,0,88786,86391,84871,81813,45094,38121,3200,4000,3000,1500,1500,1300,0
50000,2,1,1,27,1,2,0,0,2,0,19029,18431,22782,32304,31519,23724,0,5000,10000,0,6724,13385,0
200000,2,1,2,25,0,0,0,0,0,-2,183516,179534,134572,61450,-200,-200,6700,7000,3000,0,0,0,0
570000,1,1,2,33,0,0,0,0,0,-2,388897,253793,261176,266800,0,0,9083,11472,12000,0,0,0,0
260000,2,3,2,42,-1,-1,-2,-2,-2,-2,6783,0,0,0,0,0,0,0,0,0,0,0,1
280000,1,1,2,31,-2,-2,-2,-2,-2,-2,-1,-1,-1,-1,-1,219,0,0,82150,0,220,1124,0
30000,1,3,1,42,0,0,-1,-1,-1,-1,1946,1473,390,390,390,0,1000,390,390,390,0,780,0
500000,2,2,1,40,0,0,0,0,0,0,215508,214460,220047,217920,159393,149626,10004,10025,10294,6046,5076,5000,0
200000,2,3,1,29,-1,-1,-2,-2,-2,-1,161,0,0,0,0,1063,0,0,0,0,1063,1089,0
120000,2,1,1,47,-1,-1,3,2,0,0,632,948,948,632,632,316,948,0,0,316,0,466,1
160000,1,2,1,46,0,0,0,0,0,0,116988,114956,114531,106467,106967,109245,4200,5555,4000,4000,4000,4200,0
140000,1,2,2,29,0,0,0,0,-2,-2,132629,55185,56000,0,0,0,5000,2000,0,0,0,0,0
160000,1,2,2,30,-1,-1,-1,-1,-1,-2,3197,1936,2329,2332,-4,-4,1941,2645,2339,0,0,0,0
30000,2,2,1,31,0,0,0,0,0,0,24358,23798,23071,23496,26562,27346,3000,4000,3000,5000,5000,3000,0
50000,2,1,1,35,-1,0,0,0,0,0,50202,39765,14565,15421,16061,4344,1200,5000,1500,1000,500,2000,0
360000,1,1,1,53,-2,-2,-2,-2,-2,-2,826,4741,6336,937,766,1065,4765,6395,941,769,1070,1088,0
170000,2,3,2,47,-1,-1,-1,-1,-1,-1,16089,5454,8846,920,380,4765,5455,8866,921,381,4801,1632,0
200000,2,1,1,46,-1,-1,-1,-1,-1,-1,10687,18021,3275,5430,6683,7790,18031,3275,5430,6871,7790,8901,0
180000,2,4,1,28,2,0,0,0,0,0,117328,115140,73730,64600,2500,0,4117,3504,3000,0,0,0,0
260000,1,1,2,29,0,0,0,0,0,0,56050,52079,52083,46703,47500,45030,6000,6000,5000,5000,4000,5000,0
360000,2,1,2,39,-1,-1,-2,-2,-1,-1,1070,0,0,0,906,0,0,0,0,906,0,4341,1
10000,1,2,2,23,-2,-1,-1,-1,0,0,998,780,390,3622,3695,3126,780,390,3622,108,246,98,1
170000,2,3,1,23,0,0,0,0,0,0,28615,26410,27654,25211,22682,21787,1446,1690,1208,462,1787,497,0
190000,2,2,1,37,0,0,2,2,2,2,105679,115049,117856,119570,116284,123528,11000,6000,5000,0,9000,4000,0
200000,1,1,2,39,1,-2,-2,-2,-2,-2,0,0,0,0,0,0,0,0,0,0,0,0,0
140000,2,1,2,28,-1,-1,-1,-1,-1,0,31,1272,1446,2880,1914,968,2000,1500,3000,1914,0,3287,1
30000,2,2,1,35,0,0,0,0,0,0,25485,26503,27486,25663,26979,24306,1447,1430,1684,2000,892,2000,0
240000,1,2,1,31,2,0,-1,2,2,-1,60511,41296,2181,1175,-13,2487,2300,2185,4,0,2500,0,1
290000,2,2,2,25,0,0,0,0,0,0,78719,71559,66658,68627,61578,59274,2510,2500,3000,3000,3000,3000,0
50000,2,2,1,51,1,2,2,-2,-2,-2,4746,4496,0,0,0,0,0,0,0,0,0,0,0
60000,2,3,1,23,2,0,0,0,0,0,60406,57491,59137,59345,29399,29339,2055,2570,1620,1020,1050,1080,0
50000,1,2,2,25,0,0,0,2,2,0,18894,21258,23590,24896,24200,26630,3000,3000,2000,0,3000,1500,0
50000,1,2,2,26,1,2,0,0,2,2,16412,15851,16889,19909,19291,20675,0,1294,3314,0,1700,0,0
150000,2,1,1,33,2,2,2,2,2,2,105610,106885,108706,105470,111687,113747,4500,5000,0,8000,4000,4700,1
80000,2,2,1,27,1,2,0,0,0,0,81841,79062,74722,40151,28424,29059,15,2876,2052,625,693,84,1
230000,2,1,1,28,1,2,0,0,0,0,207128,195825,199659,157434,160009,155825,6300,9264,6116,6128,5765,5956,1
20000,1,3,1,48,-1,0,-1,-1,2,0,1522,1261,1261,2126,1573,1170,1000,1261,2126,0,0,150,1
90000,2,3,1,55,0,0,0,0,0,0,39731,38272,36858,35447,33465,31680,2000,2000,2000,1400,1400,1712,0
240000,2,2,2,38,1,-2,-2,-2,-2,-2,0,0,0,0,0,0,0,0,0,0,0,0,1
90000,2,1,2,28,2,3,2,0,0,2,88627,86357,84131,85225,90347,85725,0,0,3400,6500,0,3301,1
390000,1,1,2,47,-1,-1,-2,-1,-1,-1,898,0,0,2582,128,6273,0,0,2582,128,6273,0,0
80000,2,5,2,27,0,0,0,0,0,0,81787,77845,60159,54151,45108,44490,2600,3009,2200,2000,2000,2832,0
80000,2,3,1,42,-2,-2,-2,-2,-2,-2,0,0,0,0,0,0,0,0,0,0,0,0,0
90000,2,1,2,32,-1,-1,-2,-1,-1,-1,7563,-12,-12,3230,387,1642,0,0,3242,387,1642,0,0
30000,2,2,1,51,0,0,-1,-1,-1,-1,11860,6846,7090,2680,390,0,1000,7090,2680,390,0,780,0
140000,1,2,2,29,0,0,0,0,-2,-2,132629,55185,56000,0,0,0,5000,2000,0,0,0,0,0
180000,2,3,1,31,0,0,0,0,0,0,68450,69818,71298,72729,73627,75086,3100,3200,3210,2700,2800,3000,0
500000,2,1,2,37,0,0,0,0,0,0,20181,21197,23839,24869,27437,31957,1358,3000,1432,3000,5000,5000,0
50000,2,3,2,25,0,0,0,0,0,0,27232,26777,27129,26613,26057,25924,1439,1464,1401,908,935,924,0
150000,1,2,1,33,2,-1,-1,-2,-2,-2,1033,1533,0,0,0,0,1550,0,0,0,0,0,1
140000,2,2,2,30,-2,-2,-2,-2,-2,-2,107,232,107,107,107,107,232,107,107,107,107,107,0
80000,1,3,2,27,0,0,2,2,2,0,10100,59714,62163,62756,61149,62464,50000,4000,2200,0,2300,5108,0
110000,1,1,2,28,0,0,0,0,0,0,107560,100395,79889,70062,70901,72754,4024,3008,3200,2600,3000,3000,1
50000,1,1,2,22,0,0,0,0,0,0,28725,28424,30965,28612,25498,24866,2000,5000,1500,1000,2000,5000,1
110000,1,1,2,29,-1,-1,0,0,0,0,750,71015,72517,72537,55600,72442,71022,5000,5000,5000,22000,5000,0
360000,1,1,1,36,-2,-2,-2,-2,-2,-2,1814,6545,0,0,0,0,6545,0,0,0,0,259,0
200000,2,1,2,25,0,0,0,-1,0,0,11740,7221,1341,25068,52486,45047,2012,1025,32994,37042,2004,2502,0
200000,2,1,2,43,1,-1,-1,-1,2,-1,0,2112,723,150,150,2478,2112,981,150,0,2478,5377,0
150000,1,2,2,28,0,0,0,-2,-2,-2,157051,161665,0,0,0,0,8566,1500,0,0,0,0,0
280000,2,3,1,45,0,0,0,0,0,0,294995,316345,334612,262625,172344,182776,26345,24612,22625,12344,12776,11852,0
30000,2,2,2,25,0,0,0,0,0,0,21020,21207,21403,21074,21289,21425,2000,2000,1500,2000,1000,1000,1
50000,1,3,1,31,0,-1,-1,-1,-1,-1,1473,390,390,390,0,780,390,390,390,0,780,0,1
290000,2,2,2,29,0,0,0,0,0,0,7324,8174,8389,8770,9145,10016,1130,1502,1300,500,1000,1001,0
150000,2,4,2,31,-2,-2,-2,-2,-1,2,9846,5345,0,0,1493,159,5345,0,0,1493,0,1119,0
50000,2,2,2,24,-1,0,-1,2,2,-2,18625,19956,5177,2071,0,0,2071,5191,6,0,0,10450,0
80000,1,2,2,27,1,2,0,0,-2,-2,83062,81150,82150,0,0,0,0,3800,0,0,0,0,0
20000,1,2,2,22,0,0,0,0,0,0,16439,17140,18269,38082,19923,6825,1279,1408,1180,1000,500,500,0
50000,2,3,1,27,2,0,0,0,2,0,11275,37651,38498,40644,39731,35657,27234,1754,2900,0,1265,832,1
330000,2,3,1,50,-1,-1,-2,-2,-2,-1,2064,0,0,0,0,324,0,0,0,0,324,0,0
320000,2,2,1,42,-1,-1,-1,-1,-1,-1,2862,18729,23405,16662,38459,2836,18729,23421,16683,38459,2836,1286,0
20000,2,2,1,30,1,-2,-1,2,2,-2,0,0,780,780,0,0,0,780,0,0,0,0,1
30000,2,2,2,25,0,0,2,2,2,2,23657,26568,27456,27915,27185,28806,3300,1600,1200,0,2200,0,1
30000,1,2,2,32,2,3,2,2,2,0,32704,31895,31091,31002,29879,29382,0,0,2300,0,996,1000,0
500000,2,1,2,37,0,0,0,0,0,0,43643,46586,48832,49568,46939,49147,4000,3000,2000,2000,3000,7000,0
500000,1,1,1,31,0,0,0,0,0,0,400780,408982,373137,316654,324049,294926,30000,25025,20000,15010,20000,0,0
50000,1,3,1,39,0,0,-2,-2,-2,-2,51400,0,0,0,0,0,0,0,0,0,0,0,1
50000,1,3,1,39,0,0,-2,-2,-2,-2,51400,0,0,0,0,0,0,0,0,0,0,0,1
570000,1,1,2,33,0,0,0,0,0,-2,388897,253793,261176,266800,0,0,9083,11472,12000,0,0,0,0
110000,2,3,1,64,0,0,0,0,0,0,83050,85550,76793,13062,12609,12638,4000,3275,3028,3000,2000,2000,0
110000,2,1,2,30,0,0,0,0,0,0,51276,52064,53160,54331,53024,51317,3000,3031,3000,3000,2000,3000,0
100000,2,3,1,35,2,2,2,2,2,2,93983,97002,102698,97997,103384,97266,5500,8200,0,8000,0,8600,1
320000,2,2,1,42,-1,-1,-1,-1,-1,-1,2862,18729,23405,16662,38459,2836,18729,23421,16683,38459,2836,1286,0
140000,1,1,2,28,-2,-2,-2,-2,-2,-2,933,1768,3169,5041,389,3065,1768,3169,5041,389,3065,1112,0
80000,2,2,2,25,0,0,0,0,0,0,47836,49038,53158,48269,48019,46908,2000,5000,2000,2000,2000,2000,0
100000,2,1,2,29,0,0,0,0,0,0,70205,64898,62715,61465,55501,57892,4000,5030,10000,5000,10000,10000,0
80000,2,2,1,35,1,2,2,2,0,0,78959,76699,81477,79035,28503,29711,0,6800,0,1000,2000,1500,1
20000,2,2,2,29,0,0,0,0,0,0,12742,8438,9792,10990,13990,10000,1500,1500,1500,3000,2000,0,0
90000,2,2,2,23,0,0,0,-2,-1,0,28120,32429,0,0,2522,2575,5000,0,0,2522,94,111,0
60000,2,1,2,46,0,0,0,0,0,0,16017,30073,18385,20732,21196,23175,22000,3000,3000,1000,3000,0,0
460000,2,2,1,39,-1,-1,-1,-1,-1,-1,11403,14015,2978,11402,12072,7090,14029,2978,11402,12802,7090,793,0
180000,1,1,2,26,-1,-1,-1,-1,-1,-1,758,0,1022,2004,0,2051,0,1022,2016,0,2051,0,1
20000,2,1,2,24,-1,-1,-1,-1,-1,-1,440,4023,440,440,440,440,4023,440,440,440,440,440,0
220000,1,1,2,31,0,0,2,2,2,2,119810,129821,126311,151588,147656,157276,12000,0,27500,0,12000,0,1
290000,2,1,1,34,0,0,0,0,0,0,276365,199540,191188,145089,137942,116689,9263,9041,7027,10088,8027,10025,0
230000,2,5,1,39,-1,-1,0,0,-2,-2,7479,31280,120000,0,0,0,31280,90000,0,0,0,0,0
50000,2,2,2,24,2,0,0,0,0,0,23497,24197,25226,26238,26760,27318,1395,1424,1436,958,989,1128,0
200000,2,1,1,40,2,2,2,2,2,2,80468,82874,84900,85758,87003,89112,4200,4100,3000,3400,3500,0,1
650000,1,1,1,44,-2,-2,-2,-2,-2,-2,2119,5094,5158,7139,1034,2127,5115,5180,7201,1035,2139,3463,0
30000,1,2,2,25,2,0,0,0,0,0,24279,25281,26568,29872,23504,25724,1713,2000,4000,0,3000,1000,1
150000,2,2,1,38,0,0,0,0,0,0,149957,152224,152208,116763,72325,73273,6000,5440,4000,3000,3000,3000,0
20000,2,2,1,23,0,0,0,0,0,0,17049,16178,17218,18630,19029,19579,15000,1600,2000,1000,1000,531,0
200000,2,6,1,43,0,0,0,0,0,0,198595,194734,190447,187224,183641,178239,7003,7000,7000,6510,6550,6001,0
180000,2,2,1,38,-1,2,2,-1,0,0,7098,4089,0,8941,5181,5181,0,0,8941,0,0,0,1
120000,2,2,2,28,0,0,0,0,-2,-2,48499,48684,6344,0,0,0,1621,1000,1326,0,0,0,0
140000,1,1,2,32,0,0,0,0,2,0,90590,97047,102468,114718,111387,116399,8000,7000,15500,0,7000,7000,0
30000,1,3,2,35,0,0,0,0,0,0,27224,28359,27458,26539,28556,28621,2001,5101,2002,3031,3095,2175,0
60000,2,2,3,29,0,0,0,-1,-1,-1,4134,3596,3801,694,531,531,1200,1000,2694,531,531,681,0
90000,1,2,2,27,2,0,0,0,-2,-2,2542,3556,4490,0,0,0,1066,1000,0,0,0,0,1
360000,2,1,2,29,0,0,0,0,0,0,270528,267435,193910,167029,134294,154290,10256,12000,15273,15000,25000,12000,0
140000,1,1,2,32,0,0,2,2,2,2,32678,37303,37114,38687,41338,40645,5400,600,2400,3500,0,1539,0
60000,2,2,2,23,0,0,0,0,0,0,56397,57112,58057,59006,39578,38973,2039,2250,2060,1506,1500,1500,0
300000,2,2,1,38,-2,-2,-2,-2,-2,-2,0,0,0,0,0,0,0,0,0,0,0,0,0
180000,1,1,2,26,-1,-1,-1,-1,-1,-1,758,0,1022,2004,0,2051,0,1022,2016,0,2051,0,1
210000,2,2,1,33,0,0,0,2,2,2,159715,163060,168218,169726,173687,176510,6000,8000,6000,7000,6000,20000,0
180000,2,2,2,37,1,2,0,0,0,0,37095,32881,33627,128051,106834,105551,0,3042,109470,4000,4000,7028,0
180000,2,1,1,35,-1,-1,-1,2,-1,-1,3544,-36,163,163,1772,148,0,1000,0,2000,0,5000,0
20000,2,2,2,22,0,0,2,2,2,2,4400,4883,2829,3920,1997,1317,4500,0,1700,0,100,0,1
450000,2,1,1,39,-2,-2,-2,-2,-2,-2,8494,24178,5307,118852,11489,26518,25128,5318,118877,11489,26518,3575,0
180000,2,2,1,34,0,-1,-1,-1,-1,-2,13954,5589,4312,2490,0,0,5589,4312,2490,0,0,150,0
270000,2,2,1,26,0,0,0,0,0,-1,22804,11496,12273,12014,10597,31182,1496,2273,2014,597,31182,82615,0
210000,1,3,2,32,0,0,0,0,0,0,204157,211065,206043,181945,52712,3574,10059,10120,8256,5000,4036,153904,0
180000,2,3,1,40,0,0,0,-2,-2,-2,20909,24262,2079,792,1645,1645,4262,2083,792,1645,0,811,0
230000,2,1,2,31,-2,-2,-2,-2,-2,-2,-7,6785,0,147,0,0,6792,0,147,0,0,176,0
60000,1,2,1,40,0,0,0,0,0,0,53896,53640,51608,52642,52806,53530,2500,2500,2500,2000,2100,2200,0
140000,1,1,1,50,0,0,0,0,0,0,83957,87160,89365,91005,94651,97132,5000,4000,3618,5481,5000,5000,0
390000,2,1,2,38,-1,-1,-1,-1,0,0,4989,2056,8886,16396,12761,6707,2076,8926,16413,30,33,5900,0
200000,1,1,2,33,0,0,0,0,0,0,66471,67010,67627,68085,69445,71242,2387,2485,2414,2434,2863,3000,0
240000,2,2,1,37,1,-2,-2,-2,-2,-2,0,0,0,0,0,0,0,0,0,0,0,0,0
50000,1,1,1,49,1,2,0,0,0,0,27231,26500,27533,28569,28901,31095,0,1764,3400,1100,2660,0,1
160000,2,1,1,38,0,0,0,0,0,0,132932,134384,131724,131767,133195,126064,8005,15000,10000,7000,5000,8000,0
90000,2,2,2,32,0,0,0,0,0,0,86076,87567,78646,79212,54659,55902,3012,3100,3116,2000,2100,2100,0
20000,1,2,1,40,0,0,0,0,0,0,10288,9276,5622,19263,18433,26132,3010,2010,15000,4000,2000,2000,0
200000,2,3,1,29,-1,-1,-2,-2,-2,-1,161,0,0,0,0,1063,0,0,0,0,1063,1089,0
300000,2,1,2,31,0,0,0,0,-1,-1,31827,11158,1616,3658,658,662,1009,1000,2700,658,662,0,0
20000,1,1,2,30,-1,-1,3,2,0,0,323,24910,22469,21780,20363,20199,26703,0,0,1000,800,1000,1
720000,2,2,2,38,1,-2,-2,-2,-2,-2,5065,2184,1744,7323,711,970,2184,1744,7323,711,970,491,0
280000,1,2,1,30,-1,3,2,-1,-1,-1,652,652,326,476,2482,-101,0,0,476,2482,101,326,0
460000,1,1,2,29,0,0,0,0,0,0,428369,436349,449078,457587,240651,245605,16833,21000,20000,8000,8000,8100,0
50000,1,2,2,27,0,0,0,0,0,0,49321,47912,39421,40165,41198,43766,1700,2000,1700,1700,3400,1000,0
420000,1,1,2,34,0,0,0,0,0,0,131939,136721,140011,141695,144839,147954,7000,7000,5500,5500,5600,5000,0
50000,2,3,1,32,0,0,0,0,0,0,33231,34544,35976,15996,32714,16720,1868,2300,1239,600,600,600,1
50000,1,2,2,34,0,0,-1,-1,-2,-2,4166,0,4166,0,0,0,0,4166,0,0,0,0,0
120000,2,2,2,33,0,0,0,0,0,0,135770,136901,115299,117498,89417,91370,5000,5000,4620,3200,3300,5000,0
80000,1,1,1,41,1,-2,-2,-2,-2,-2,0,0,0,0,0,0,0,0,0,0,0,0,0
160000,1,1,2,27,-1,-1,-1,-1,-1,-1,316,316,2968,19656,4056,7496,316,2968,19666,4056,7496,4836,0
30000,1,3,1,42,0,0,-1,-1,-1,-1,1946,1473,390,390,390,0,1000,390,390,390,0,780,0
260000,1,2,2,29,-1,2,2,-2,-1,2,8832,1528,0,0,5987,5837,15,0,0,5987,0,27887,1
50000,1,3,1,47,0,0,0,2,0,0,11752,13244,14722,15181,15928,16671,2000,2000,1000,1000,1000,1000,0
180000,2,1,1,39,-1,-1,-1,-1,-1,-1,892,6809,18390,13999,933,933,6846,18399,13999,933,933,993,0
50000,2,2,2,27,1,2,2,2,2,2,11966,12967,13962,13440,14416,14043,1500,1500,0,1200,0,1500,0
140000,1,2,1,44,1,-1,-1,-1,0,-1,0,1384,-12,1900,664,1085,1384,0,1912,0,1085,0,0
80000,1,3,2,27,0,0,2,2,2,0,10100,59714,62163,62756,61149,62464,50000,4000,2200,0,2300,5108,0
70000,2,1,2,37,0,0,0,0,0,0,64860,64533,48493,48824,19000,39000,2200,3000,1400,500,20000,0,0
300000,2,3,2,36,-2,-2,-2,-2,-1,-1,0,3958,0,0,6536,1400,1979,0,0,6536,1400,50000,0
470000,1,1,2,29,-1,0,0,0,0,0,215666,209106,207970,212373,193628,184908,7395,8037,9048,10000,6115,5750,0
70000,1,1,2,28,1,-1,-1,2,2,2,-47,653,3455,3245,1686,1681,700,3000,0,0,0,4000,1
150000,1,1,1,36,1,-2,-2,-2,-1,-1,0,-316,-632,-1264,316,782,0,0,0,1580,782,638,0
130000,1,2,1,39,0,0,0,0,-2,-2,19698,10058,10833,0,0,0,1500,1000,0,0,0,0,0
470000,1,3,2,31,-1,-1,2,-1,-1,-1,8748,2442,2272,6040,6655,1200,3500,11,6080,6688,1206,0,0
80000,2,3,1,29,-2,-2,-2,-2,-2,-2,456,3351,9452,1584,2200,7042,3366,9481,1588,2206,7073,4186,0
180000,2,3,2,45,0,0,0,2,0,0,76942,77952,80269,66855,67128,67257,4003,5603,3,2504,2511,3021,0
250000,2,2,1,29,0,0,0,-1,-1,-1,227762,191424,18016,15353,325,325,35018,1000,20000,325,325,318,0
50000,1,1,2,34,1,2,2,2,2,2,48212,49207,49914,48382,50693,50364,2500,2200,0,3800,1000,1500,0
20000,1,3,2,48,-1,-1,-2,-1,-1,-1,170,-220,-610,390,0,19993,0,0,1390,0,20773,400,0
170000,1,2,1,40,0,0,0,2,2,2,148211,149659,155442,162471,158294,166836,5400,8200,11400,0,10800,0,0
100000,2,3,2,50,0,0,0,2,0,0,82397,84027,88734,86369,89994,89681,3004,7500,0,5001,3390,4000,0
450000,1,1,1,52,0,0,0,0,0,0,388009,393535,403891,415193,145198,138389,15000,16701,20101,7000,5750,10000,0
80000,2,2,2,22,0,0,0,0,0,0,76405,77043,79524,75773,29126,8671,2780,3745,1628,596,173,2114,0
400000,2,2,1,30,0,0,0,0,0,0,30667,31160,23054,8453,10387,9222,5034,2086,2025,5006,543,1711,0
160000,1,1,2,27,-1,-1,2,-1,0,0,701,3442,2551,4217,1255,1554,3442,18,4217,0,1000,888,1
200000,2,1,1,38,-1,-1,-1,-1,-1,-1,3824,6115,11950,7311,18517,6787,6115,11950,7311,18567,6787,6653,0
210000,2,2,1,32,-2,-2,-2,-2,-2,-2,0,0,0,0,0,0,0,0,0,0,0,0,0
60000,2,3,1,23,2,0,0,0,0,0,60406,57491,59137,59345,29399,29339,2055,2570,1620,1020,1050,1080,0
230000,2,3,2,48,-1,-1,-1,-1,-1,-1,3096,518,4988,3528,3642,14073,518,5003,3528,3642,14073,1485,1
100000,2,3,1,48,-1,-1,-1,-1,-1,-1,390,5333,15798,390,2265,1823,5333,15798,390,2265,1823,780,0
50000,1,2,2,43,0,0,0,0,0,0,12661,13743,14777,12404,10777,16597,1600,1605,2000,500,6000,6000,1
230000,2,2,1,30,0,-1,0,-1,0,0,4942,2554,1249,2959,7079,1880,2554,1000,2959,5000,1000,0,0
70000,2,2,1,24,0,0,0,0,0,0,8193,7569,8127,8838,8736,10753,1122,2127,2000,1736,2753,2177,0
90000,2,3,1,41,0,0,0,0,0,0,2833,6003,7598,5036,4750,3007,5000,3500,4500,4300,0,1500,0
150000,2,3,2,28,-2,-2,-2,-2,-2,-2,0,0,0,0,0,0,0,0,0,0,0,0,0
50000,2,2,2,24,2,0,0,0,0,0,23497,24197,25226,26238,26760,27318,1395,1424,1436,958,989,1128,0
30000,2,3,1,43,2,0,0,0,0,0,30346,29885,20453,16076,15844,15785,1702,1531,1544,702,724,557,1
240000,2,1,2,39,0,-1,0,0,0,0,52595,238861,198351,195242,187710,171828,238861,6678,7537,10555,5223,5829,0
400000,1,1,1,30,0,0,0,0,0,-2,12820,15463,50040,22072,6712,5286,5427,37505,10077,233,5312,6991,0
180000,2,1,1,39,-1,-1,-1,-1,-1,-1,892,6809,18390,13999,933,933,6846,18399,13999,933,933,993,0
460000,2,2,1,39,-1,-1,-1,-1,-1,-1,11403,14015,2978,11402,12072,7090,14029,2978,11402,12802,7090,793,0
20000,2,2,2,29,0,0,0,0,0,0,12742,8438,9792,10990,13990,10000,1500,1500,1500,3000,2000,0,0
230000,2,1,1,35,0,0,0,0,0,0,165405,168697,172990,177963,77076,78848,6027,7000,8000,3000,3000,3226,0
260000,1,2,1,31,-1,2,-1,-1,-1,-1,7559,4860,1350,4645,4625,12209,0,1350,4645,4625,12209,4365,0
100000,2,3,1,50,2,2,2,2,-1,0,117517,110537,99734,99973,71008,66735,4700,0,3000,103000,2500,3000,1
360000,2,1,2,32,1,-2,-2,-2,-2,-2,0,0,0,0,0,0,0,0,0,0,0,0,0
150000,2,2,1,29,2,0,0,0,2,2,123248,126311,130388,138246,140513,118464,5000,6000,10500,5015,173,102,1
50000,2,3,1,51,0,0,0,0,0,0,22000,20454,21899,20895,11241,-861,2000,2100,2000,1000,0,39500,1
200000,2,3,1,28,-2,-2,-2,-2,-2,-2,86,7024,1466,1466,479,2448,7066,1473,1473,486,3442,12,1
500000,1,1,1,44,-1,-1,-1,-1,0,-1,100862,367,15272,12925,75667,67609,367,16652,76146,67697,67609,71946,0
50000,1,3,2,44,0,0,0,0,0,0,48322,49057,48059,48097,8107,6934,3000,3000,3000,3000,3600,4800,0
90000,1,4,2,26,-2,-2,-2,-2,-2,-2,2862,0,0,1000,326,326,0,0,1000,326,326,1178,1
300000,2,2,2,26,0,0,0,0,0,0,63425,50294,38235,29944,26259,26288,3005,2691,2400,1000,1000,859,0
490000,1,2,1,57,0,0,0,0,0,0,59056,60236,62268,63264,62928,66334,2153,3000,2112,2124,6004,3024,0
40000,2,3,1,44,0,0,0,0,0,0,13033,14041,15065,16077,16396,16739,1232,1256,1268,587,607,611,0
100000,2,2,2,40,2,0,0,2,2,2,40626,41945,45247,45208,46160,48268,2000,4000,1000,2000,3000,0,1
280000,2,2,1,42,-2,-2,-2,-2,-2,-2,396,396,396,396,10948,61123,396,396,396,10948,61123,54802,0
230000,2,4,2,34,0,0,0,-1,-1,-1,2223,2233,159,1772,28704,19474,1000,159,1778,28704,19474,650,0
180000,2,1,1,33,-1,-1,-1,-1,-1,-1,7017,14824,19692,13115,24623,485,14824,19713,13117,24630,485,33283,0
220000,2,1,1,30,2,2,0,0,0,0,150682,139629,136020,115942,54611,42363,0,6824,2726,1239,2953,112742,0
470000,1,1,1,40,1,2,0,0,0,0,276880,241153,204223,151253,138087,109094,5014,10000,5214,4500,5000,4200,0
150000,2,1,2,29,-1,-1,-1,-1,-1,-1,962,5868,15218,15965,9275,25321,5868,15283,15972,9275,25321,7350,0
240000,2,3,2,28,2,2,2,0,0,0,242837,246989,204769,62670,10408,10848,10000,0,2806,500,562,303,1
200000,2,1,2,45,-1,-1,-1,-2,-2,-2,2377,221,0,0,0,0,221,0,0,0,0,0,0
170000,1,2,1,33,-1,2,2,-1,-1,-2,917,917,0,2038,0,0,0,0,2038,0,0,0,0
20000,1,2,2,33,3,2,8,7,6,5,14513,22232,21936,21631,21026,20130,8000,0,0,0,0,0,1
80000,2,2,1,34,-1,-1,-1,-1,0,-1,1383,5030,1964,7541,3201,5026,5030,1964,7568,0,5026,2371,0
50000,2,3,1,53,2,2,2,2,2,2,40926,43236,45250,46003,44193,44838,3000,3000,1800,0,1500,2300,1
120000,2,1,1,47,-1,-1,3,2,0,0,632,948,948,632,632,316,948,0,0,316,0,466,1
100000,2,3,2,58,0,0,0,0,0,0,98067,96802,97177,99043,74453,76252,4600,5000,4600,3000,3000,3000,0
20000,2,3,1,52,0,0,0,2,0,0,10248,11271,13513,12999,14456,16313,1501,2743,0,1686,2089,0,1
60000,1,2,1,44,0,0,0,0,0,0,58216,60193,57815,50054,27535,22962,3000,2488,2000,1000,2000,3000,0
360000,1,1,1,32,-1,-1,-1,-1,-1,-1,7462,2708,5562,3906,8413,3079,2721,5588,3924,8454,3093,4095,0
50000,2,3,1,58,0,0,0,0,0,0,7308,7987,8582,9719,9692,9663,1200,1500,1300,500,500,500,0
210000,1,1,1,49,-1,-1,-1,-1,-1,-1,291,291,291,291,291,291,291,582,291,291,291,291,0
380000,2,1,2,40,0,-1,-1,-1,-1,0,4366,2566,4174,-192,15011,12990,2566,4174,192,16350,2000,55500,1
400000,2,3,1,42,-1,-1,-1,-1,-1,-1,44198,10132,16932,13088,28540,11860,10132,16932,13088,28540,11860,3978,0
150000,1,2,1,48,0,0,0,0,0,0,118610,121098,123460,66902,68230,69661,4955,4947,3818,2442,2530,2538,0
300000,2,2,1,38,-2,-2,-2,-2,-2,-2,0,0,0,0,0,0,0,0,0,0,0,0,0
200000,2,1,1,40,-1,-1,-1,0,0,-1,5853,6549,9389,18475,1016,4934,6567,9421,14068,3,4948,7770,0
30000,2,3,1,60,3,2,2,7,7,7,1950,1950,1950,1950,1950,1950,0,0,0,0,0,0,1
160000,2,2,2,28,-1,-1,-1,-1,-1,-1,5171,3634,4436,1978,3781,1732,3634,4436,1978,3781,1732,715,0
210000,2,1,1,30,1,-1,-1,-1,-1,-1,0,820,718,424,631,843,820,718,424,631,843,0,0
500000,2,1,2,37,-2,-2,-2,-2,-2,-2,747,0,0,989,0,0,0,0,989,0,0,880,0
360000,2,3,1,30,1,-1,-1,-1,-1,0,-16,1621,458,0,282,282,1637,458,0,282,0,0,0
20000,2,2,2,34,0,0,0,0,0,0,18649,19727,20330,20199,19609,19957,1700,2000,1200,0,348,0,0
50000,2,1,2,51,0,0,0,0,0,0,43273,44652,46331,47896,47266,48002,2800,2795,2750,1130,1314,1159,0
60000,2,2,2,31,2,2,2,2,0,-1,57880,56355,59327,35305,17655,77775,0,4058,34,3000,40793,4952,1
160000,1,1,2,28,-1,-1,-1,-1,0,0,498,498,493,16931,18913,19272,498,493,16936,8030,7000,500,0
500000,2,1,1,44,-1,-1,-1,-1,-1,-1,29178,26963,33166,48858,66050,43769,26963,33169,48858,66050,43769,37509,0
20000,2,2,2,24,0,-1,-1,0,-1,-1,4261,7830,17213,4781,3178,15834,7830,17221,1203,3178,15834,0,0
80000,2,1,3,25,0,-1,-1,-1,-1,-1,8900,1136,720,478,219,0,1136,727,478,219,0,0,0
50000,2,3,1,58,0,0,0,0,0,0,7308,7987,8582,9719,9692,9663,1200,1500,1300,500,500,500,0
30000,2,2,2,31,0,0,0,0,0,0,28651,28716,26570,26829,26839,27449,1800,2000,1600,1000,1000,1000,0
500000,2,1,2,37,-2,-2,-2,-2,-2,-2,747,0,0,989,0,0,0,0,989,0,0,880,0
140000,2,1,2,24,2,0,0,0,2,0,778,982,1206,5430,4460,8429,980,1000,5000,0,5000,10000,0
20000,2,3,1,50,2,0,0,0,0,0,15887,16895,18379,19020,18620,19000,1275,1759,1400,0,380,0,1
110000,2,2,1,46,0,-1,-1,-1,-1,-1,2359,2410,2151,2161,1719,107591,2410,2151,2161,1719,107591,5000,1
500000,1,2,1,47,-1,-1,-1,-1,-1,-1,18463,17849,12818,5674,11416,36000,18011,12818,5674,11416,36018,14537,0
420000,1,1,2,34,0,0,0,0,0,0,131939,136721,140011,141695,144839,147954,7000,7000,5500,5500,5600,5000,0
410000,1,2,1,36,0,0,0,0,0,0,421227,416160,419988,359736,358471,360557,15050,16000,13100,12700,13000,13100,0
360000,2,1,1,26,-2,-2,-2,-2,-2,-2,1517,2742,2317,2482,1415,2095,2749,2322,2482,1417,2095,3228,0
80000,2,1,2,26,0,0,0,0,0,0,62536,61478,55760,15029,13809,13597,3000,2000,5000,3000,1000,44000,0
20000,1,2,2,22,0,0,0,0,0,0,16439,17140,18269,38082,19923,6825,1279,1408,1180,1000,500,500,0
50000,1,2,2,34,0,0,-1,-1,-2,-2,4166,0,4166,0,0,0,0,4166,0,0,0,0,0
200000,2,1,1,40,-2,-2,-2,-2,-2,-2,-50,-50,-50,-50,-50,-50,0,0,0,0,0,2877,0
170000,2,1,2,32,-1,-1,-1,-1,-1,-1,13880,6367,9351,22222,20437,8744,6593,9361,22222,20437,8744,3620,0
500000,1,1,1,37,0,0,2,0,0,0,474934,507062,491956,430637,376657,356636,40024,325,15296,12137,12312,14113,0
200000,2,2,1,50,0,0,0,0,0,0,4701,3146,4486,13390,8009,5010,2310,3518,12537,45,514,2811,0
150000,1,2,1,33,2,-1,-1,-2,-2,-2,1033,1533,0,0,0,0,1550,0,0,0,0,0,1
150000,2,1,2,28,0,0,0,0,0,0,82559,84681,87308,89316,91458,89063,3500,4000,3500,3500,3500,3500,0
200000,2,2,2,35,0,0,0,-1,-1,-1,6512,4312,0,2412,1396,0,2000,0,2412,1396,0,396,0
120000,2,1,2,28,-1,-1,-1,-1,-1,-1,2494,1394,780,470,-170,180,2000,780,470,0,500,1335,0
140000,2,2,1,24,0,0,0,0,0,0,62755,64001,65341,66674,68003,69424,2285,2365,2413,2431,2514,3000,0
490000,2,1,2,34,0,0,-1,-1,-1,-1,19036,14474,3404,14445,7672,2295,5038,3404,14445,7672,2295,9004,0
90000,2,2,2,25,1,2,0,0,0,0,91830,89448,83949,47118,44942,45886,0,2549,1583,1444,1500,1511,0
150000,2,2,1,42,0,0,0,0,2,0,15878,10389,6067,4823,6208,4824,1300,1040,1378,1560,128,239,0
100000,2,2,2,30,1,2,0,0,2,2,31708,30904,31953,34308,34951,34261,0,1850,3200,1500,0,1500,1
30000,2,2,2,23,0,0,0,0,0,0,24607,24430,23881,24234,24853,7814,1700,1600,1287,1296,500,1550,0
120000,1,1,1,54,-2,-2,-2,-2,-2,-2,0,0,0,7000,0,0,0,0,7000,0,0,0,0
50000,1,3,1,31,1,1,-2,-2,-2,-2,43200,0,0,0,0,0,6000,0,0,0,0,0,0
140000,1,1,2,28,-2,-2,-2,-2,-2,-2,933,1768,3169,5041,389,3065,1768,3169,5041,389,3065,1112,0
140000,2,2,1,30,0,0,0,0,0,0,13859,16229,16459,14753,13437,14745,5000,1286,1476,423,3000,1000,0
340000,1,1,2,29,-1,0,0,0,0,0,44855,331641,331334,286660,263505,268256,300039,13214,12005,13005,10011,12005,0
140000,1,2,2,39,1,-1,0,-1,0,0,10091,18324,8808,27319,19278,11505,18539,1000,27329,386,1000,16215,0
20000,2,2,1,42,1,3,2,0,0,0,21001,20372,19376,20295,19505,19964,0,0,1400,390,459,241,0
230000,1,1,1,29,2,0,0,0,0,0,306836,295324,303082,307038,116506,19085,9062,10978,10361,2507,490,308,0
80000,2,2,1,34,-1,-1,-1,-1,0,-1,1383,5030,1964,7541,3201,5026,5030,1964,7568,0,5026,2371,0
40000,2,3,1,40,1,-1,2,2,2,-2,-531,2661,3871,1488,0,0,3383,2000,0,0,0,431,1
360000,2,1,2,27,-2,-2,-2,-2,-2,-2,0,0,0,0,0,300,0,0,0,0,300,0,0
60000,1,2,2,24,0,0,0,0,0,0,58197,47537,46576,41376,36959,35508,3000,3010,3004,3000,3000,3000,0
200000,2,1,2,40,-1,-1,-1,-1,-1,-1,1489,9973,2457,0,948,0,9973,2457,0,948,0,1302,0
120000,2,2,1,24,0,0,0,0,0,0,56324,28542,13590,11501,10151,11171,3000,5007,3200,2000,3000,0,0
200000,1,2,2,25,1,2,0,0,0,0,124652,109401,63518,14607,16399,18026,6,5000,2000,2000,2000,20000,0
120000,2,3,2,32,-1,0,0,0,0,0,66551,67876,69903,71446,79589,81354,2429,3120,3300,10000,3200,3200,0
80000,1,2,2,32,-1,-1,-1,-1,-1,-1,2976,13384,2255,1830,2647,11083,13424,2267,1835,2655,11116,4020,0
80000,2,2,1,32,0,0,-2,-2,-2,-2,5988,0,0,0,0,0,0,0,0,0,0,0,0
50000,1,2,2,24,1,-2,-2,-2,-2,-2,-1000,0,0,0,0,0,1000,0,0,0,2000,0,0
50000,2,2,1,41,1,2,2,2,0,0,23165,21974,20544,17210,15754,10860,2000,2101,0,2201,1000,0,1
300000,2,3,2,27,0,0,0,0,0,0,17376,17538,16425,11976,3012,0,1294,11236,1032,9,0,0,0
300000,1,1,2,32,2,0,0,0,0,0,255299,255607,258394,261024,260672,263894,9106,11000,11009,10000,10000,10000,1
310000,2,1,2,36,0,0,0,0,0,0,67940,45746,46979,42045,40334,49542,2000,2000,2000,2000,13000,2000,0
320000,2,1,1,34,-2,-2,-1,0,0,0,5159,967,14331,16591,9433,398,967,14331,9433,0,0,3090,0
20000,2,1,2,24,0,0,0,2,0,0,19335,20094,19495,18845,19023,17928,1415,3600,0,700,4500,1900,0
20000,1,3,2,45,0,0,0,0,0,0,18011,18083,18500,19014,19019,17484,1500,1400,1243,638,2000,480,0
50000,2,3,1,37,0,0,0,0,0,0,49080,49240,48751,30250,29570,26969,2228,2000,1370,949,922,2500,0
100000,1,2,1,38,0,0,0,0,0,0,15788,8242,10095,11636,6649,8649,2000,2000,2007,2000,2000,5000,0
60000,1,2,1,40,0,0,0,0,0,0,53896,53640,51608,52642,52806,53530,2500,2500,2500,2000,2100,2200,0
160000,1,1,1,41,1,-2,-2,-2,-2,-2,0,0,0,0,0,0,0,0,0,0,0,0,1
70000,2,2,1,57,0,0,0,0,0,0,18379,19571,22729,24346,24940,25539,1500,3500,2000,1000,1000,1500,0
70000,2,2,1,24,0,0,0,0,0,0,8193,7569,8127,8838,8736,10753,1122,2127,2000,1736,2753,2177,0
230000,1,3,2,34,0,0,0,0,0,0,137122,138268,127797,130490,110153,112253,6700,6500,6513,4601,5000,5000,0
170000,2,3,2,47,-1,-1,-1,-1,-1,-1,16089,5454,8846,920,380,4765,5455,8866,921,381,4801,1632,0
360000,1,3,1,46,-2,-2,-2,-2,-2,-2,0,0,0,0,0,0,0,0,0,0,0,0,0
280000,1,1,1,30,0,0,0,0,0,0,166037,166291,162992,134154,161057,167490,12126,39102,5000,30000,10000,10000,0
200000,2,2,2,24,0,0,0,0,0,0,52143,53186,55929,194441,146190,141550,1910,3600,141000,5100,5200,5100,0
80000,1,1,2,43,0,0,0,0,0,0,84437,85065,77727,73713,74328,75649,3093,8000,3000,3000,3000,4000,0
80000,1,1,2,42,5,4,3,2,0,0,74477,68633,62890,56788,52287,52287,0,0,0,0,0,50771,0
230000,2,1,1,43,-1,-1,-1,-1,-1,-2,390,390,0,780,0,0,390,0,780,0,0,0,1
170000,1,2,1,57,-1,-1,-1,-1,0,-1,792,-2604,396,792,396,396,0,3396,792,0,396,396,1
450000,1,1,1,42,-1,2,-1,-1,-1,-2,3566,240,1718,2284,-561,-1477,0,2000,2300,0,590,0,1
410000,1,2,1,36,0,0,0,0,0,0,421227,416160,419988,359736,358471,360557,15050,16000,13100,12700,13000,13100,0
230000,1,2,1,33,1,-1,-1,-1,-1,-1,0,1427,0,198,0,525,1427,0,198,0,525,0,0
80000,1,3,1,49,0,0,0,0,-2,-2,77985,80886,82150,0,0,0,4200,3800,0,0,0,0,0
490000,2,1,1,36,-2,-2,-2,-2,-2,-2,1886,9444,3180,7715,6507,3424,9480,3182,7779,6517,3434,5132,0
230000,2,2,1,48,0,0,0,0,0,0,344458,320215,298031,272103,205797,179247,11000,12500,11000,7000,36700,6650,0
40000,2,2,1,37,0,0,0,0,2,0,5366,6541,16390,9891,9594,9798,1273,2000,3538,0,500,500,0
140000,2,1,2,24,0,0,0,0,0,0,28872,30083,31119,32597,33257,35061,2000,1522,2000,1500,2500,2000,0
80000,1,2,2,48,0,0,0,0,0,0,74349,75524,77448,48108,39104,39526,3400,4000,2000,2000,1423,2200,0
100000,2,2,1,48,0,0,0,0,0,0,109033,97041,80993,72751,67146,68490,3641,3782,5000,5000,3000,3000,0
80000,2,3,1,37,2,2,2,2,0,0,93050,99396,100495,97982,100261,102147,8840,3560,0,3912,3832,3508,1
30000,2,1,1,32,0,0,0,0,0,0,27764,29276,28637,29325,30004,30506,2000,2000,1500,1100,1300,1000,1
50000,1,2,2,43,0,0,0,0,0,0,12661,13743,14777,12404,10777,16597,1600,1605,2000,500,6000,6000,1
280000,2,1,2,29,-1,-1,-1,-1,-1,0,33210,526,9252,21254,1608,407,726,9298,21360,1614,2,4069,0
80000,2,1,3,25,0,-1,-1,-1,-1,-1,8900,1136,720,478,219,0,1136,727,478,219,0,0,0
500000,1,2,2,32,0,0,0,0,0,-1,331751,254846,162969,142735,76989,106476,10558,7410,3068,94,106476,152,0
160000,1,3,1,33,0,0,0,0,-2,-2,25058,20624,16280,0,0,0,1344,1000,0,0,0,0,0
60000,1,1,2,27,0,0,0,0,0,0,5370,7268,10131,11644,14430,17180,2000,3000,2000,3000,3000,2000,0
140000,2,2,3,28,0,0,0,0,0,0,138901,140732,140661,100656,49783,49310,5600,5500,2650,36000,1000,620,1
50000,1,3,1,30,0,0,0,0,0,0,37208,38204,39243,40255,41057,41914,1615,1654,1666,1468,1517,1528,1
50000,2,2,1,51,1,2,2,-2,-2,-2,4746,4496,0,0,0,0,0,0,0,0,0,0,0
230000,1,1,1,41,1,-1,-1,-1,-1,-1,0,1482,2140,2360,2620,0,1482,2140,2560,2620,0,0,1
50000,1,2,2,23,1,2,0,0,-1,0,52319,51185,51334,49312,8027,8603,0,3200,3110,32356,700,1700,0
160000,2,2,2,28,-1,-1,-1,-1,-1,-1,5171,3634,4436,1978,3781,1732,3634,4436,1978,3781,1732,715,0
130000,1,2,2,25,0,0,0,0,0,0,39074,39767,38680,5654,1938,522,1766,1521,3100,0,10,0,0
200000,2,6,1,43,0,0,0,0,0,0,198595,194734,190447,187224,183641,178239,7003,7000,7000,6510,6550,6001,0
90000,2,2,2,25,1,2,0,0,0,0,91830,89448,83949,47118,44942,45886,0,2549,1583,1444,1500,1511,0
110000,2,2,2,33,0,0,0,0,0,0,103195,102713,103034,103112,94403,96072,5200,3804,4500,3400,3500,7700,1
200000,2,2,2,29,0,0,0,0,0,0,204134,194949,153646,137087,134995,135953,8000,5542,5308,4587,4750,4935,1
40000,2,1,1,40,-1,-1,-1,-1,-1,0,776,776,776,776,1552,776,776,776,776,1552,0,1459,1
250000,2,2,1,39,-1,-1,-1,-1,-1,-1,9690,0,1222,7337,0,2752,0,1222,7409,0,2752,1549,0
500000,2,1,2,44,-2,-2,-2,-2,-2,-2,522,17643,1462,6224,0,0,20007,5000,7000,0,0,0,0
200000,2,1,2,25,0,0,0,0,0,-2,183516,179534,134572,61450,-200,-200,6700,7000,3000,0,0,0,0
200000,2,1,1,34,-2,-2,-2,-2,-2,-2,0,0,0,0,0,0,0,0,0,0,0,0,0
90000,2,2,2,35,2,2,2,2,2,2,89282,91247,68552,67324,39573,28610,6201,0,25000,0,2235,0,0
70000,2,2,1,27,0,0,0,0,0,0,69762,68914,69252,70415,69212,70514,2450,2600,2700,2500,2800,2500,1
200000,1,3,2,40,-1,-1,-1,-1,-2,-1,6154,6000,5762,0,0,3117,6000,5762,0,0,3117,2000,0
50000,1,3,1,30,0,0,0,0,0,0,37208,38204,39243,40255,41057,41914,1615,1654,1666,1468,1517,1528,1
360000,2,2,1,40,-1,-1,-1,-1,-1,-1,29540,27930,692,41301,10889,2017,27930,692,41303,10893,2017,13894,0
500000,2,2,1,50,0,0,0,2,0,0,290301,296479,306661,306438,298068,293489,11000,15000,10000,10003,10000,11000,0
160000,2,2,2,33,2,2,3,2,0,0,161771,172632,168541,164310,162681,163005,15000,0,0,6100,12300,6100,0
150000,1,1,2,39,-2,-1,-1,-1,-2,-2,8766,5890,1000,0,0,0,5950,1010,0,0,0,0,0
20000,1,2,2,22,1,2,2,2,0,0,14542,14011,16899,16335,16509,17590,0,3132,0,742,1501,0,1
250000,2,2,1,38,2,0,0,0,0,0,236546,232795,189111,189558,185565,189003,8007,7000,8200,7000,7000,8000,0
30000,1,2,2,30,0,0,0,0,-1,0,29993,29890,28561,-229,23930,26655,1856,1000,1698,24860,3500,3000,0
60000,2,3,1,48,0,0,0,0,0,0,49890,51060,52236,54362,55458,56767,2000,2000,3000,2000,2200,2500,0
480000,2,1,2,34,-1,-1,-1,0,-1,-1,19810,3478,7782,4720,4440,96628,3495,8037,4523,4462,96665,6865,0
70000,2,3,1,29,0,0,0,0,0,0,22438,24055,25359,26434,26993,28551,2000,2000,1500,1000,2000,1500,0
30000,2,1,2,24,-1,0,0,0,0,0,1991,2621,4211,4709,4805,2848,2000,2000,1000,96,0,3000,0
200000,1,2,2,25,1,2,0,0,0,0,124652,109401,63518,14607,16399,18026,6,5000,2000,2000,2000,20000,0
310000,2,1,1,39,-1,-1,-1,-1,0,0,3803,678,3050,9080,4990,4940,681,3072,9100,23,4964,1676,0
300000,2,2,2,30,0,0,0,-2,-2,-1,133115,41300,0,0,0,2538,2300,0,0,0,2538,47473,1
160000,2,3,1,38,0,0,0,0,0,0,151963,141884,143428,146289,128133,124606,5100,7100,7500,4500,5000,4800,0
230000,2,3,1,36,1,2,0,0,0,0,232115,225086,222286,222884,220876,221496,22,9005,9037,7519,8018,8100,0
70000,1,1,2,30,-1,2,-1,2,-1,-1,832,416,832,416,416,1132,0,832,0,416,1132,0,0
20000,2,1,2,23,-1,0,0,0,0,0,19364,19082,19286,19637,18826,19522,1358,1321,1400,1000,1000,2583,0
80000,2,1,2,43,0,0,0,-2,-1,-1,80958,77783,-478,-1739,1261,1261,1556,0,0,4261,1261,540,0
320000,2,2,1,42,-1,-1,-2,-2,-2,-2,8144,0,0,0,0,0,0,0,0,0,0,0,1
360000,1,2,1,29,0,0,0,-1,0,0,18454,16419,12932,91329,82929,70047,6028,6032,99578,2507,5376,2000,0
220000,1,1,2,38,0,0,0,0,0,0,159322,164176,167028,170480,173818,177556,7500,7000,6500,6000,6000,10000,0
240000,2,2,2,38,1,-2,-2,-2,-2,-2,0,0,0,0,0,0,0,0,0,0,0,0,1
350000,2,2,1,35,-1,-1,2,-1,-1,-1,439,884,421,267,575,932,884,0,267,575,932,0,1
150000,2,2,1,50,-2,-2,-2,-2,-2,-2,0,0,0,0,0,0,0,0,0,0,0,0,1
200000,1,3,2,40,-1,-1,-1,-1,-2,-1,6154,6000,5762,0,0,3117,6000,5762,0,0,3117,2000,0
450000,2,1,1,35,-1,-1,-2,2,-1,-1,403,0,0,390,390,390,0,0,390,390,390,390,0
20000,2,3,1,50,2,0,0,0,0,0,15887,16895,18379,19020,18620,19000,1275,1759,1400,0,380,0,1
180000,2,3,2,45,0,0,0,2,0,0,76942,77952,80269,66855,67128,67257,4003,5603,3,2504,2511,3021,0
500000,1,2,1,41,0,0,0,0,0,0,478623,466444,239921,184874,47774,34617,14000,12800,4300,3063,3600,3100,0
40000,1,2,3,37,0,0,0,0,2,0,20774,21778,22807,24993,24292,24800,1355,1384,2570,0,899,2006,0
160000,2,2,1,42,1,-2,-1,-1,-1,-1,0,0,369,0,522,0,0,369,0,522,0,978,0
160000,2,2,2,33,2,2,3,2,0,0,161771,172632,168541,164310,162681,163005,15000,0,0,6100,12300,6100,0
160000,2,2,1,42,1,-2,-1,-1,-1,-1,0,0,369,0,522,0,0,369,0,522,0,978,0
140000,2,1,2,29,0,0,2,0,0,0,135436,144922,141289,137377,93261,95368,13102,17,5547,3242,3512,3333,0
90000,2,1,2,28,1,2,0,0,0,2,5799,3095,5257,6649,8680,7844,0,3000,2000,3000,0,20000,0
400000,1,1,1,38,-2,-2,-2,-2,-2,-2,23052,7754,13052,12639,12315,7831,8025,13972,13046,13040,7923,14533,0
330000,1,4,1,33,0,0,0,0,0,0,26586,23818,24164,25042,25665,24059,1700,1522,1400,1000,820,770,0
150000,2,2,2,28,0,0,0,0,0,0,22943,18989,19961,16549,14227,15380,1335,1307,1178,1500,1500,1000,0
270000,2,2,1,43,0,0,0,0,0,0,135068,102743,100360,97583,91849,94824,5000,7000,4049,1000,5003,0,0
80000,2,2,2,22,0,0,0,0,0,0,76405,77043,79524,75773,29126,8671,2780,3745,1628,596,173,2114,0
200000,2,1,2,43,1,-1,-1,-1,2,-1,0,2112,723,150,150,2478,2112,981,150,0,2478,5377,0
630000,1,2,1,46,0,0,0,0,0,0,125975,91247,81317,146005,146207,106467,3416,4300,84700,4211,4470,3600,0
280000,1,1,1,31,0,0,0,0,0,0,235461,196894,168463,149816,128721,130406,8900,8100,7200,5000,5000,4700,0
50000,1,1,2,29,-1,-1,-1,-1,-1,-1,759,360,360,360,360,360,360,360,360,360,360,360,0
70000,2,2,1,53,0,0,0,0,0,0,71219,71110,69843,70834,70405,71004,2900,3200,2800,2458,2800,2901,0
210000,2,2,2,38,0,0,0,0,0,0,76418,78798,82525,84353,87835,79481,5000,5000,3200,5000,3000,2500,0
80000,2,3,2,57,0,0,0,0,0,0,78312,77359,76081,76526,27571,28783,3459,3500,1959,982,2000,1482,0
50000,2,1,2,26,1,-2,-2,-2,-2,-2,-18,-18,-18,-18,-18,-18,0,0,0,0,0,0,0
140000,1,1,1,55,1,-2,-2,-2,-2,-2,0,0,0,0,0,0,0,0,0,0,0,0,1
360000,1,2,1,39,0,0,0,0,0,-1,29814,22699,16866,13618,5000,8000,1333,2500,5000,2000,8000,5000,0
90000,1,2,2,27,2,0,0,0,-2,-2,2542,3556,4490,0,0,0,1066,1000,0,0,0,0,1
50000,2,2,2,35,1,2,0,0,-1,0,31507,30705,33467,12870,3325,5103,0,3467,1229,3325,2000,2167,0
20000,1,2,2,24,2,2,2,0,0,-1,17996,19102,19117,19664,10000,4060,2100,1000,1000,1100,4060,0,1
50000,1,1,2,22,0,0,0,0,0,0,38251,34489,32252,6182,17118,8922,4000,1500,1500,2500,500,400,0
140000,1,2,1,44,1,-1,-1,-1,0,-1,0,1384,-12,1900,664,1085,1384,0,1912,0,1085,0,0
80000,2,3,1,37,2,2,2,2,0,0,93050,99396,100495,97982,100261,102147,8840,3560,0,3912,3832,3508,1
230000,2,2,1,39,0,0,-2,-2,-2,-2,24510,0,0,0,0,0,0,0,0,0,0,0,0
60000,2,2,1,41,0,0,0,0,0,0,19813,20064,23213,20383,18431,18702,5000,5000,2000,1000,2000,1000,0
250000,2,2,2,36,0,0,0,0,0,0,71012,60816,59328,57692,52811,49067,2200,3003,2800,1834,1850,3000,0
370000,1,1,1,45,0,0,0,0,0,0,123485,129885,134782,141002,145637,149281,10000,7000,10000,7000,6000,6000,0
140000,1,2,1,36,1,-1,0,0,0,0,119279,6771,13380,18415,20135,27390,10000,10000,8000,5000,22000,42000,0
50000,2,1,2,26,1,-2,-2,-2,-2,-2,-18,-18,-18,-18,-18,-18,0,0,0,0,0,0,0
150000,1,3,2,44,0,0,0,0,0,0,65903,35916,34409,93241,67549,62479,5011,3045,70092,2521,3000,3000,0
500000,2,1,1,35,-1,-1,-1,-1,-1,-1,3290,10881,2517,2957,889,40855,11000,2517,2957,1000,41000,170,1
80000,2,2,2,25,0,0,0,0,0,0,47836,49038,53158,48269,48019,46908,2000,5000,2000,2000,2000,2000,0
200000,1,3,1,49,0,0,0,0,0,0,51437,52580,53732,54837,56025,59511,2000,2000,2000,2100,4400,0,0
320000,2,1,2,30,-1,-1,-1,-1,-1,-1,10283,2488,5187,11735,2280,9404,2488,5209,11735,2280,9404,3660,0
80000,1,2,2,30,0,0,0,0,0,0,64330,65813,66282,67285,68309,71830,2934,2500,2500,2500,5000,3000,0
150000,2,1,2,32,0,0,0,0,0,0,18519,19926,18600,13551,20759,21200,3000,4003,2551,15579,11200,3575,0
160000,2,2,2,33,2,2,3,2,0,0,161771,172632,168541,164310,162681,163005,15000,0,0,6100,12300,6100,0
340000,1,3,1,43,0,0,2,2,0,0,251135,268949,283400,277335,282890,304280,22000,20251,0,10176,26000,12000,0
200000,2,1,2,31,1,-1,-1,-2,-2,-2,0,896,0,0,0,0,896,0,0,0,0,0,0
150000,2,1,2,34,-1,0,0,0,0,0,7249,4090,36897,35755,16251,7392,1070,35755,2000,0,2000,2931,0
20000,1,3,1,48,-1,0,-1,-1,2,0,1522,1261,1261,2126,1573,1170,1000,1261,2126,0,0,150,1
230000,2,1,2,25,-2,-2,-2,-2,-2,-2,248,248,248,248,248,248,248,248,248,248,248,248,0
350000,2,1,1,41,0,0,0,0,0,0,15407,17826,23489,29037,36213,38163,3000,6000,6000,8027,8000,8000,0
180000,2,4,1,28,2,0,0,0,0,0,117328,115140,73730,64600,2500,0,4117,3504,3000,0,0,0,0
240000,1,2,1,31,2,0,-1,2,2,-1,60511,41296,2181,1175,-13,2487,2300,2185,4,0,2500,0,1
180000,2,2,1,34,0,-1,-1,-1,-1,-2,13954,5589,4312,2490,0,0,5589,4312,2490,0,0,150,0
200000,2,1,1,34,-2,-2,-2,-2,-2,-2,0,0,0,0,0,0,0,0,0,0,0,0,0
260000,1,1,2,29,0,0,0,0,0,0,56050,52079,52083,46703,47500,45030,6000,6000,5000,5000,4000,5000,0
80000,1,3,1,41,0,0,0,0,0,0,81070,63610,58099,52599,52519,46945,2385,5028,21595,5541,1507,3062,0
260000,1,1,2,33,-2,-2,-2,-2,-2,-2,0,263,0,1368,101,955,263,0,1368,101,955,0,0
80000,2,2,1,49,0,0,0,0,0,0,83888,83503,82265,81974,81253,78343,3900,3000,3500,3200,3800,3300,0
170000,2,2,2,43,0,0,0,0,0,0,136113,137722,139384,141314,139252,139205,7000,7000,7000,5100,5300,5030,0
130000,1,2,1,34,0,0,0,0,0,0,129998,132880,128615,130553,100976,96560,6543,6700,6050,4040,3700,3562,0
120000,2,2,1,39,-2,-2,-2,-2,-2,-2,280,6192,2134,0,0,0,6192,2142,0,0,0,0,0
210000,2,2,1,46,0,0,0,0,0,0,134700,132799,111335,114037,67224,69177,6149,4100,4547,2500,3000,2500,0
320000,2,3,1,44,1,-1,2,2,-1,-1,-1,507,507,-900,3750,3216,508,0,0,5330,3216,2041,0
720000,2,2,2,38,1,-2,-2,-2,-2,-2,5065,2184,1744,7323,711,970,2184,1744,7323,711,970,491,0
90000,2,1,2,32,-1,-1,-2,-1,-1,-1,7563,-12,-12,3230,387,1642,0,0,3242,387,1642,0,0
20000,1,2,2,23,0,-1,-1,-1,0,0,6321,4813,595,18628,19324,19208,6000,597,21722,1000,697,860,0
20000,2,2,2,34,0,0,0,0,0,0,18649,19727,20330,20199,19609,19957,1700,2000,1200,0,348,0,0
170000,2,3,1,30,0,0,0,0,0,0,136639,138223,140964,138064,131845,128827,7200,7405,6022,4606,5006,4809,0
