100000,2,2,2,28,0,0,0,0,0,0,50697,51813,53416,32422,33177,42560,1959,2545,1513,1268,10000,10000,0
350000,2,2,2,28,1,2,0,0,0,0,358895,346575,345088,341811,265953,93300,0,14579,13557,12000,5000,11000,1
400000,2,2,2,32,0,0,0,0,0,0,234779,240496,247813,253726,258120,10002,5784,7395,7506,6000,2000,2000,0
30000,2,1,2,24,-1,-1,0,0,0,-1,25616,27526,11458,7500,7000,5192,31348,1328,1000,7000,5192,0,0
200000,1,2,2,34,0,0,0,0,2,0,176642,180421,185722,196732,188930,192647,7000,8500,16000,0,7500,15000,0
80000,2,2,1,43,0,0,0,0,0,0,71100,72066,71751,72034,73261,74479,10000,9000,9000,9000,9000,9500,0
200000,1,2,2,34,0,0,0,0,2,0,176642,180421,185722,196732,188930,192647,7000,8500,16000,0,7500,15000,0
250000,2,2,1,38,2,0,0,0,0,0,236546,232795,189111,189558,185565,189003,8007,7000,8200,7000,7000,8000,0
100000,1,1,1,40,2,2,0,0,0,0,27002,26274,27045,28598,30131,32356,0,1500,2000,2000,2700,1300,1
200000,2,2,2,27,0,0,0,0,0,0,125854,127843,131352,130884,132142,118084,4775,6579,4734,4368,4183,4227,0
200000,2,6,1,43,0,0,0,0,0,0,198595,194734,190447,187224,183641,178239,7003,7000,7000,6510,6550,6001,0
250000,2,2,2,28,-1,-1,-1,0,-1,-1,500,3344,2255,3183,2324,1657,3344,2255,1000,2324,1657,1416,0
100000,2,2,2,35,0,0,0,0,0,0,100207,94080,75428,76450,77503,64119,4026,3100,3050,3000,2300,2700,0
140000,1,1,2,28,-2,-2,-2,-2,-2,-2,933,1768,3169,5041,389,3065,1768,3169,5041,389,3065,1112,0
320000,2,3,1,44,1,-1,2,2,-1,-1,-1,507,507,-900,3750,3216,508,0,0,5330,3216,2041,0
320000,2,1,1,29,-1,0,0,-2,-2,-2,2799,7932,0,0,0,0,7329,0,0,0,0,0,0
50000,2,1,2,24,0,0,2,0,0,0,48483,52167,51052,50116,20181,19702,4500,0,2000,19000,1000,800,1
20000,1,1,2,28,0,0,0,0,0,0,19262,34729,18808,18302,18995,19400,1310,3190,1500,1000,860,900,0
150000,2,1,2,28,0,0,0,0,0,0,12799,13726,14648,12115,12613,15225,1600,1500,1600,1000,3000,2200,0
230000,2,2,2,28,0,0,0,0,0,0,111295,112425,95155,72983,70329,69340,4473,5000,2624,2360,3100,1600,0
30000,2,2,2,22,0,0,0,0,0,0,29449,30308,26186,27698,28987,29568,1402,2000,2000,2000,2500,2000,0
290000,1,2,1,46,0,0,-1,0,0,-1,31824,20578,13505,13386,12536,5850,1529,13505,6000,5000,6000,0,0
170000,2,2,2,51,0,-1,-1,-1,-1,-1,1606,1420,1420,1420,1420,3464,1420,1420,1420,1420,3464,1420,0
460000,1,1,1,37,2,0,0,0,0,0,7121,7953,8642,9151,9702,9752,1273,1288,1123,1000,502,3000,0
30000,2,2,1,35,0,0,0,0,0,0,25485,26503,27486,25663,26979,24306,1447,1430,1684,2000,892,2000,0
160000,1,2,1,39,0,0,0,0,0,2,14658,15666,16694,17697,19023,18584,1258,1286,1289,1615,0,1000,1
20000,1,2,1,24,1,4,3,2,2,2,17611,18038,17473,16900,17690,18255,1000,0,0,1376,1000,649,0
20000,1,3,1,53,3,4,3,2,3,2,15507,14974,14449,15116,14582,14206,0,0,1200,0,0,2230,1
110000,1,1,2,35,3,2,2,3,3,2,450,450,450,450,450,300,0,0,0,0,0,288,1
100000,2,1,2,25,0,0,0,0,0,0,90976,93443,94192,95535,97945,93412,4000,3503,4000,4003,3500,3400,0
230000,2,1,1,35,0,0,0,0,0,0,165405,168697,172990,177963,77076,78848,6027,7000,8000,3000,3000,3226,0
210000,2,1,1,44,0,0,0,0,0,0,89519,50144,52148,50723,43200,17556,20033,10000,5012,1251,2007,10125,0
110000,1,2,2,26,0,0,0,0,0,0,61167,60549,55400,10711,10868,11079,2721,2422,1132,289,341,327,0
50000,2,3,1,30,0,0,0,0,0,0,48549,49256,50338,48848,46709,47688,1813,1895,2200,1595,1653,1709,0
120000,1,1,1,44,1,2,2,2,2,2,75294,76465,74675,79629,77748,82497,3000,0,6200,0,6000,0,1
150000,2,2,2,44,0,0,0,0,0,0,37050,39471,41515,43879,44446,45394,3000,2636,3000,1528,1600,2000,0
30000,2,2,2,35,2,2,0,0,0,0,25368,24662,26001,27012,27241,27812,0,1739,1750,975,1010,3226,1
110000,2,3,1,64,0,0,0,0,0,0,83050,85550,76793,13062,12609,12638,4000,3275,3028,3000,2000,2000,0
160000,1,2,1,46,0,0,0,0,0,0,116988,114956,114531,106467,106967,109245,4200,5555,4000,4000,4000,4200,0
120000,2,2,1,24,0,0,0,0,0,0,56324,28542,13590,11501,10151,11171,3000,5007,3200,2000,3000,0,0
320000,2,2,1,42,-1,-1,-1,-1,-1,-1,2862,18729,23405,16662,38459,2836,18729,23421,16683,38459,2836,1286,0
60000,1,2,1,40,0,0,0,0,0,0,53896,53640,51608,52642,52806,53530,2500,2500,2500,2000,2100,2200,0
50000,2,2,2,35,1,2,0,0,-1,0,31507,30705,33467,12870,3325,5103,0,3467,1229,3325,2000,2167,0
200000,1,2,2,25,1,2,0,0,0,0,124652,109401,63518,14607,16399,18026,6,5000,2000,2000,2000,20000,0
20000,2,1,2,25,0,0,0,0,0,0,17977,17776,18886,19551,18964,19676,2000,1700,1300,662,1000,747,0
150000,2,1,2,52,0,0,0,0,0,0,126810,58955,29332,36796,19912,23126,5000,13003,15000,11000,10000,3000,0
90000,1,2,1,40,0,0,0,0,0,0,87190,86135,87247,88943,90961,44522,3068,3335,3319,3590,1368,1121,0
60000,2,2,1,35,2,0,0,2,2,2,49825,45436,42240,38884,34488,28838,1700,2500,2600,1500,0,1500,1
50000,2,1,2,23,0,0,2,0,0,0,9978,12493,10447,12247,9195,4995,3000,0,2020,0,100,2000,0
150000,2,2,2,31,1,2,2,2,0,0,22723,22060,25195,24497,24791,25462,0,3500,0,1000,1071,950,0
140000,2,1,2,27,0,0,0,0,0,0,128656,126785,129752,132554,268084,137061,6000,6500,6500,5000,5000,5568,0
50000,2,2,1,29,0,0,0,0,0,0,48529,42955,50543,49032,19830,18299,3000,9000,2000,2000,700,4000,0
20000,2,1,2,25,1,-1,-1,-1,-1,-1,0,891,789,0,728,169,891,789,0,728,169,0,0
400000,2,2,1,30,0,0,0,0,0,0,30667,31160,23054,8453,10387,9222,5034,2086,2025,5006,543,1711,0
230000,1,1,1,46,-1,-1,-1,-1,-1,-2,39900,1200,0,11211,0,0,1200,0,11211,0,0,0,0
230000,2,2,2,43,2,2,2,2,2,3,206245,215936,221001,220886,239299,237297,13126,10000,5000,23700,2000,3,1
10000,2,1,2,22,0,0,0,0,0,0,7302,7857,8827,5622,5877,7036,1330,1300,1250,500,1255,315,0
90000,2,2,2,27,-1,-1,0,0,0,0,18674,88907,90659,82827,79359,81401,92858,4100,3200,3100,3500,3500,0
80000,2,3,1,48,0,-1,0,0,0,0,3188,6239,7304,5050,5357,5466,6239,1185,1000,307,109,112,0
410000,1,1,1,38,-1,-1,-1,-1,-2,-2,499,0,35509,0,0,0,0,35509,0,0,0,0,0
160000,1,1,2,30,1,-1,-1,-1,0,-1,0,650,0,650,325,325,650,0,650,0,325,325,1
230000,2,4,2,34,0,0,0,-1,-1,-1,2223,2233,159,1772,28704,19474,1000,159,1778,28704,19474,650,0
50000,1,2,2,24,0,0,0,0,0,0,19267,23553,21507,17827,7655,7881,5000,1700,2000,500,500,500,0
20000,2,2,1,34,2,2,2,2,2,2,13552,16513,17549,18907,19114,19186,3188,1600,3570,801,901,1,0
730000,1,3,1,56,0,0,0,0,0,0,746814,374028,351588,86927,66111,38491,20500,16500,3000,2000,2000,5000,0
50000,1,3,2,44,0,0,0,0,0,0,48322,49057,48059,48097,8107,6934,3000,3000,3000,3000,3600,4800,0
50000,2,2,2,24,-1,0,-1,2,2,-2,18625,19956,5177,2071,0,0,2071,5191,6,0,0,10450,0
30000,2,1,2,46,0,0,0,0,2,0,18910,20592,21949,24116,23430,25044,2000,2000,2535,0,2000,2300,0
40000,1,2,3,37,0,0,0,0,2,0,20774,21778,22807,24993,24292,24800,1355,1384,2570,0,899,2006,0
210000,1,1,1,33,0,0,0,0,0,0,154714,150011,139854,138054,136674,136196,4830,4700,4515,4426,4436,4765,0
180000,2,1,1,39,-1,-1,-1,-1,-1,-1,892,6809,18390,13999,933,933,6846,18399,13999,933,933,993,0
230000,1,2,1,33,1,-1,-1,-1,-1,-1,0,1427,0,198,0,525,1427,0,198,0,525,0,0
200000,2,1,2,43,-2,-2,-2,-2,-2,-2,-109,-109,-109,-109,-109,-109,0,0,0,0,0,0,1
280000,1,1,2,36,-2,-2,-2,-2,-2,-2,198,1979,500,55176,5950,289,1979,500,55176,5950,289,6757,0
30000,2,2,2,25,0,0,0,0,0,0,21020,21207,21403,21074,21289,21425,2000,2000,1500,2000,1000,1000,1
60000,2,2,2,24,0,0,0,0,0,0,50840,49592,44412,45402,35704,36524,2100,1847,1837,1139,1254,1387,0
150000,2,1,2,24,0,0,0,0,0,0,52824,15214,16452,17281,18576,18783,4000,2000,2000,2000,2000,3000,0
110000,1,2,1,34,1,2,3,2,0,0,53524,58646,57156,54984,57437,59204,6600,0,0,4000,3500,2200,1
20000,2,2,1,23,0,0,0,0,0,0,17049,16178,17218,18630,19029,19579,15000,1600,2000,1000,1000,531,0
160000,2,1,2,50,-2,-2,-2,-2,-2,-2,1902,14706,706,706,316,1096,14846,1096,706,316,1096,316,0
200000,2,3,1,49,2,-1,2,2,2,0,570,52439,51040,56205,54723,58657,52439,0,6000,0,5000,2286,1
10000,2,2,2,32,0,-1,0,0,0,-2,5250,1223,2264,3230,0,0,1223,1066,1032,0,0,0,1
20000,1,3,2,45,0,0,0,0,0,0,18011,18083,18500,19014,19019,17484,1500,1400,1243,638,2000,480,0
50000,1,1,1,47,1,-2,-1,-1,-2,-2,0,0,1708,0,0,0,0,1708,0,0,0,0,0
350000,2,1,2,31,-1,2,-1,-1,-1,-1,403,403,1351,4656,0,1190,0,1351,4677,0,1190,150,0
120000,1,2,2,27,0,0,0,0,0,0,29344,33474,29029,26523,20554,19348,5053,1789,2037,659,802,640,0
160000,1,1,2,28,-1,-1,-1,-1,0,0,498,498,493,16931,18913,19272,498,493,16936,8030,7000,500,0
220000,1,1,1,38,-1,-1,3,2,2,-2,1815,743,743,43,-657,-1357,1486,0,0,0,0,0,0
180000,2,3,2,45,0,0,0,2,0,0,76942,77952,80269,66855,67128,67257,4003,5603,3,2504,2511,3021,0
70000,2,2,1,24,0,0,0,0,0,0,8193,7569,8127,8838,8736,10753,1122,2127,2000,1736,2753,2177,0
50000,2,3,2,49,0,0,0,0,0,0,39803,37595,23250,26293,21508,20971,5007,1602,10002,5000,2000,2000,0
460000,2,2,1,39,-1,-1,-1,-1,-1,-1,11403,14015,2978,11402,12072,7090,14029,2978,11402,12802,7090,793,0
400000,2,3,1,44,0,0,0,0,0,0,35504,36680,35670,30364,28085,28708,5025,5044,2514,988,2004,5000,0
280000,2,1,2,37,-1,2,-1,-1,-1,-1,2560,2343,4689,2289,1700,803,0,4689,2300,1725,803,129,1
230000,2,3,1,36,1,2,0,0,0,0,232115,225086,222286,222884,220876,221496,22,9005,9037,7519,8018,8100,0
360000,2,1,2,27,-2,-2,-2,-2,-2,-2,0,0,0,0,0,300,0,0,0,0,300,0,0
330000,1,3,1,39,-2,-2,-2,-2,-2,-2,2184,2184,2184,2184,2184,2184,2184,2184,2184,2184,2184,2184,0
390000,2,2,2,39,0,0,0,0,0,0,53386,52746,55535,57154,58774,62372,2000,5000,3000,3000,5000,3000,0
180000,2,2,1,48,-1,-1,-1,-1,-2,-2,4498,-2,760,0,0,245,0,762,0,0,245,884,0
180000,2,2,2,27,0,0,0,0,0,0,173098,172494,172060,166204,145146,142961,8000,8100,8000,5600,5500,15000,0
50000,1,3,2,44,0,0,0,0,0,0,48322,49057,48059,48097,8107,6934,3000,3000,3000,3000,3600,4800,0
160000,2,2,2,33,2,2,3,2,0,0,161771,172632,168541,164310,162681,163005,15000,0,0,6100,12300,6100,0
200000,1,3,2,30,-2,-2,-2,-2,-2,-2,0,680,1100,1500,1402,0,680,1100,1500,1402,0,0,0
240000,2,3,2,28,2,2,2,0,0,0,242837,246989,204769,62670,10408,10848,10000,0,2806,500,562,303,1
180000,2,2,2,28,-1,-1,-1,-1,-1,-1,3840,18588,1557,2540,3058,16030,18588,1562,2540,3058,16030,330,0
30000,1,2,2,25,-2,-2,-2,-2,-2,-2,836,836,836,390,390,390,836,836,390,390,390,0,0
250000,2,2,2,28,-1,-1,-1,0,-1,-1,500,3344,2255,3183,2324,1657,3344,2255,1000,2324,1657,1416,0
30000,2,3,1,23,0,0,0,0,0,0,26117,27028,27510,27817,28130,27141,1737,1609,1306,1455,857,1087,0
400000,1,1,1,50,0,0,0,0,0,0,16241,14697,12762,13043,10137,8249,1217,1302,1052,510,305,512,0
420000,1,1,2,34,0,0,0,0,0,0,131939,136721,140011,141695,144839,147954,7000,7000,5500,5500,5600,5000,0
130000,2,2,2,40,2,0,0,2,0,0,8539,9559,12394,11883,9826,10167,1165,3000,0,500,500,2700,1
280000,2,1,1,37,-1,-1,-1,-1,0,0,733,168,786,1028,889,698,168,786,1028,698,0,0,0
80000,2,2,2,24,1,1,-1,-1,-1,-1,62550,0,10000,18150,7490,7490,10000,10000,18150,7490,7490,7490,0
30000,2,3,1,60,3,2,2,7,7,7,1950,1950,1950,1950,1950,1950,0,0,0,0,0,0,1
300000,1,1,1,37,-2,-2,-2,-1,-1,-2,19954,22492,20477,27206,37191,7543,23348,20477,27206,177202,7543,13719,0
300000,1,2,1,41,0,0,0,0,0,0,66132,67445,68856,69392,70798,72252,2412,2496,1678,1702,1746,1772,0
70000,2,2,1,53,0,0,0,0,0,0,71219,71110,69843,70834,70405,71004,2900,3200,2800,2458,2800,2901,0
50000,1,1,2,27,0,0,0,2,2,2,17468,48675,36287,30691,29901,49293,32400,4000,1200,0,20000,2000,0
50000,2,1,1,46,1,-2,-1,-1,0,0,10372,-110,1684,3697,1397,0,110,1794,3697,1392,0,0,0
230000,2,2,2,43,2,2,2,2,2,3,206245,215936,221001,220886,239299,237297,13126,10000,5000,23700,2000,3,1
70000,2,2,1,57,0,0,0,0,0,0,18379,19571,22729,24346,24940,25539,1500,3500,2000,1000,1000,1500,0
310000,1,1,1,33,2,2,-2,-2,-2,-2,2500,0,0,0,0,0,0,0,0,0,0,0,1
100000,2,3,1,48,-1,-1,-1,-1,-1,-1,390,5333,15798,390,2265,1823,5333,15798,390,2265,1823,780,0
20000,1,2,1,40,1,2,0,0,0,2,8201,8912,10110,10817,11637,11307,1000,1500,1180,1000,0,1000,1
390000,1,1,1,47,-1,-1,-1,-1,-1,-1,5768,8843,18982,11700,0,2978,8875,19051,11754,0,2978,0,0
160000,1,1,2,28,-1,-1,-1,-1,0,0,498,498,493,16931,18913,19272,498,493,16936,8030,7000,500,0
260000,2,2,1,33,0,0,0,0,0,0,151123,134736,135593,120909,102524,40157,4002,6067,10000,3000,40157,1466,1
20000,2,2,2,23,1,-1,2,0,0,0,16674,19162,18534,18304,18473,0,22362,0,8200,369,0,0,0
250000,2,3,1,50,-2,-2,-2,-2,-2,-2,193355,8173,-11,-11,39618,20380,8173,0,0,39629,20380,32701,0
150000,2,1,2,26,0,0,0,0,0,0,151812,145411,132560,121003,69091,55543,7005,6612,4540,2426,1854,2424,0
280000,2,2,2,24,-1,-1,-1,-1,-1,0,316,316,3861,316,10800,9099,316,3861,316,10800,382,5000,0
50000,2,3,2,51,0,0,0,0,0,0,25436,27445,28585,29736,21356,23403,2445,1585,1736,2356,2403,2414,0
500000,1,2,1,41,0,0,0,0,0,0,478623,466444,239921,184874,47774,34617,14000,12800,4300,3063,3600,3100,0
400000,2,3,1,42,-1,-1,-1,-1,-1,-1,44198,10132,16932,13088,28540,11860,10132,16932,13088,28540,11860,3978,0
80000,2,2,2,25,0,0,0,0,0,0,47836,49038,53158,48269,48019,46908,2000,5000,2000,2000,2000,2000,0
80000,2,2,1,49,0,0,0,0,0,0,77347,61998,47941,47851,48804,50033,2384,5000,2000,1732,2000,3003,0
20000,2,3,1,50,2,0,0,0,0,0,15887,16895,18379,19020,18620,19000,1275,1759,1400,0,380,0,1
110000,2,1,2,29,1,2,0,0,0,0,113093,106321,107630,106354,79154,69988,3,4334,4250,2946,2506,2458,0
50000,2,3,1,30,0,0,0,0,0,0,48549,49256,50338,48848,46709,47688,1813,1895,2200,1595,1653,1709,0
110000,2,2,2,40,0,0,0,0,0,0,111720,86877,133187,65025,62777,62105,3406,2357,2239,3617,2247,2500,1
280000,2,1,1,39,-2,-2,-2,-2,-2,-2,1397,0,136,0,0,350,0,136,0,0,350,297,0
220000,2,2,1,34,0,0,0,0,0,0,154029,153012,154508,152829,152842,152747,5700,6000,6814,5500,5800,5700,0
50000,2,1,2,23,0,0,0,0,0,0,39787,28570,7545,8560,8730,8791,1600,1300,1300,460,350,480,0
20000,2,2,1,42,2,3,2,2,2,2,18162,18464,19465,19649,19978,20512,900,1600,800,950,1000,800,1
150000,2,1,2,32,-2,-2,-2,-2,-2,-2,1999,3769,1999,1999,1500,1500,3769,1999,1999,1500,1500,1500,0
100000,1,1,2,32,0,0,0,0,2,0,99573,159480,56267,11788,11400,11419,2787,1353,1739,0,1000,1147,0
230000,2,2,1,40,0,0,0,0,0,0,44948,45198,46244,47595,38367,35098,1728,3000,3040,3012,3000,3000,0
10000,2,1,2,22,0,0,0,0,0,0,7302,7857,8827,5622,5877,7036,1330,1300,1250,500,1255,315,0
100000,2,1,2,29,0,0,0,0,0,0,70205,64898,62715,61465,55501,57892,4000,5030,10000,5000,10000,10000,0
300000,1,3,1,51,-2,-2,-2,-2,-2,-2,1236,-13,-13,2155,2402,-10,0,0,2168,2421,0,0,0
20000,1,1,2,26,-1,-1,0,-1,0,0,587,2195,1758,3720,3820,0,2195,1500,3720,100,0,0,0
50000,2,2,2,23,2,0,0,0,0,0,49441,45880,42621,21734,18775,19590,1998,2198,1300,655,1100,654,0
150000,1,3,1,47,0,0,0,-1,-1,-2,250475,123543,52598,3218,0,0,5772,2424,3218,0,0,0,0
360000,1,2,1,47,-2,-2,-2,-2,-2,-2,1730,2500,0,0,0,0,2500,0,0,0,0,0,0
50000,2,3,2,52,0,0,0,0,0,0,47670,48447,49493,48497,18930,19329,1954,2000,20567,1000,664,1000,0
200000,2,1,1,41,1,-1,0,-1,2,0,2217,61328,2877,160944,156864,160066,61634,2877,160944,0,5900,13000,1
480000,2,1,2,34,-1,-1,-1,0,-1,-1,19810,3478,7782,4720,4440,96628,3495,8037,4523,4462,96665,6865,0
30000,1,1,2,24,-1,0,0,0,0,0,1426,2539,3437,5365,6275,7172,1300,1100,2000,1000,1000,2000,0
60000,2,2,2,26,1,2,0,0,-2,-2,47963,36871,3800,0,0,0,0,1038,0,0,0,0,0
20000,2,3,1,45,-1,-1,-1,-1,-1,-1,1403,6920,10785,390,6210,1040,6990,10785,390,6210,1040,9113,0
100000,2,1,2,42,0,0,2,0,0,0,93256,99710,97051,98342,56639,57388,8300,0,4100,3000,2500,2233,0
30000,2,3,2,48,2,2,0,0,0,0,26950,23655,25131,29148,12134,12976,0,3200,5000,1000,1000,1000,1
30000,2,2,2,34,0,0,0,0,0,0,23336,24642,25382,26351,25165,25536,1700,1440,1409,1048,927,932,0
150000,2,1,2,28,0,0,0,0,0,0,12799,13726,14648,12115,12613,15225,1600,1500,1600,1000,3000,2200,0
30000,2,1,2,24,-1,-1,0,0,0,-1,25616,27526,11458,7500,7000,5192,31348,1328,1000,7000,5192,0,0
120000,2,3,2,32,-1,0,0,0,0,0,66551,67876,69903,71446,79589,81354,2429,3120,3300,10000,3200,3200,0
480000,1,1,1,41,1,-2,-2,-2,-2,-2,0,0,0,0,0,0,0,0,0,0,0,0,0
230000,1,2,1,35,0,0,0,0,0,0,174274,176853,180639,180117,179717,124117,7004,10000,5000,0,5000,189600,0
180000,2,1,2,35,-2,-2,-2,-2,-2,-2,7210,370,8479,792,3826,1997,370,8875,792,3826,1997,396,0
20000,1,3,2,45,0,0,0,0,0,0,5250,7151,9024,10865,12677,14309,2000,2000,2000,2000,2000,2000,1
20000,2,1,2,24,-1,-1,-1,-1,-1,-1,440,4023,440,440,440,440,4023,440,440,440,440,440,0
300000,1,2,1,43,-2,-2,-2,-2,-2,-2,0,0,0,0,0,0,0,0,0,0,0,0,1
220000,2,1,2,26,0,0,0,0,0,0,29452,33967,41422,44738,51479,56653,5000,8000,4000,7500,6000,4494,0
290000,2,1,1,33,-2,-2,-2,-2,-2,-2,0,0,0,0,0,0,0,0,0,0,0,0,1
320000,2,3,1,52,-2,-2,-2,-2,-2,-2,650,2080,218,0,2355,0,2080,218,0,2355,0,0,0
230000,2,1,2,31,-1,-1,-1,-1,-1,-1,2274,7398,5537,1247,0,1000,7398,5537,1259,0,1000,4134,0
390000,2,2,2,39,0,0,0,0,0,0,53386,52746,55535,57154,58774,62372,2000,5000,3000,3000,5000,3000,0
20000,2,2,1,34,2,2,2,2,2,2,13552,16513,17549,18907,19114,19186,3188,1600,3570,801,901,1,0
140000,2,2,2,35,0,0,0,0,0,0,84873,82471,84235,82432,81465,83160,4000,4010,3800,3200,3100,3000,0
150000,2,3,1,42,-1,-1,-1,-1,-1,0,11070,5947,6152,7306,18726,13839,6151,6427,7306,18738,0,7154,0
160000,1,1,2,27,-1,-1,2,-1,0,0,701,3442,2551,4217,1255,1554,3442,18,4217,0,1000,888,1
400000,2,1,2,32,0,0,0,0,0,0,46782,48075,48815,49831,50821,51884,2036,1776,1792,1782,1844,1856,0
110000,2,3,1,64,0,0,0,0,0,0,83050,85550,76793,13062,12609,12638,4000,3275,3028,3000,2000,2000,0
50000,2,2,2,46,1,3,2,0,0,0,52308,51194,50101,49527,10147,9965,0,0,1200,400,400,400,0
260000,2,1,1,32,-2,-2,-2,-2,-2,-2,0,0,0,0,0,1150,0,0,0,0,1150,0,1
150000,2,2,1,49,1,-1,-1,-1,-1,-1,0,970,8867,0,600,0,970,8867,0,600,0,0,0
200000,2,4,2,27,-2,-2,-2,-2,-2,-2,0,0,0,0,0,0,0,0,0,0,0,0,0
50000,1,2,2,27,0,0,0,0,0,-1,50580,48956,49252,28838,2102,19366,3000,4063,1700,600,20000,1000,0
50000,2,1,2,30,0,0,0,0,0,0,45977,45931,45344,36789,28918,23095,1823,1818,1312,879,781,800,0
80000,2,1,1,48,-1,-1,-1,-2,-2,-1,1198,1150,0,0,0,7685,1150,0,0,0,7685,0,1
150000,2,1,2,40,0,0,0,2,0,0,16986,18693,20885,21738,22080,23558,2000,2500,1500,1000,2000,2000,0
100000,2,2,2,29,0,0,0,-1,-1,-1,7815,11139,3708,2180,1949,717,5000,1000,2180,1949,717,39000,0
90000,2,2,1,34,0,0,0,0,0,0,18358,14764,8374,29525,28333,27879,1300,1300,22000,1000,1012,1400,0
450000,1,1,1,42,-1,2,-1,-1,-1,-2,3566,240,1718,2284,-561,-1477,0,2000,2300,0,590,0,1
130000,1,2,1,44,1,2,2,2,2,2,5230,4998,7898,7021,46431,45891,0,3000,0,40200,0,780,1
80000,2,2,2,31,-2,-2,-2,-2,-2,-2,4771,4771,538,15664,150,1150,4771,538,15664,150,1150,791,0
500000,1,2,1,40,-2,-2,-2,-2,-2,-2,22520,1110,79243,0,4580,0,1110,79243,0,4580,0,1380,0
500000,2,2,1,38,-1,-1,0,0,0,0,250,1384,6324,7353,5536,8321,1384,5000,1224,3003,3506,3552,0
400000,2,2,1,39,-2,-2,-2,-2,-2,-2,52306,3638,11649,24140,5803,5937,3656,11713,24265,7832,5966,9363,0
130000,2,1,2,26,0,0,0,-1,0,0,13700,18670,21362,1469,7370,12554,10008,6196,1470,6501,5784,6030,0
500000,2,1,2,37,0,0,0,0,0,0,43643,46586,48832,49568,46939,49147,4000,3000,2000,2000,3000,7000,0
270000,2,1,2,37,-2,-2,-2,-2,-2,-2,7842,6380,16098,1350,558,0,6380,16098,1350,558,0,128934,0
60000,1,2,2,25,2,0,0,0,0,0,60760,60011,61333,60082,38897,39422,2740,2893,2210,938,1188,0,1
200000,2,1,1,40,1,-2,-2,-2,-2,-2,0,0,0,0,0,0,0,0,0,0,0,0,0
90000,2,2,1,32,-1,2,-1,-1,-2,-1,3682,3472,33784,0,0,256,0,33812,0,0,256,3500,0
80000,1,1,2,26,0,0,0,0,0,0,56808,55901,57030,56576,53819,48604,3000,3010,4000,5000,3000,2200,0
180000,1,1,2,32,-1,-1,2,-1,-1,-1,291,582,291,291,291,291,582,0,291,291,291,291,1
500000,2,3,1,40,0,0,0,0,0,-1,38322,38913,27489,27053,-9,14863,1284,1231,1154,0,14872,121,0
20000,2,2,1,54,3,2,3,2,2,2,6329,8488,8212,7931,8797,8514,2415,0,0,1000,0,500,1
80000,1,1,2,43,0,0,0,0,0,0,84437,85065,77727,73713,74328,75649,3093,8000,3000,3000,3000,4000,0
80000,2,1,2,43,0,0,0,-2,-1,-1,80958,77783,-478,-1739,1261,1261,1556,0,0,4261,1261,540,0
50000,2,3,1,39,0,0,0,0,0,0,49575,48208,47619,19929,15693,13766,2067,3000,1171,2000,2000,2500,0
240000,2,2,2,59,0,0,0,0,0,0,230026,239796,231230,196471,190004,161867,20000,12000,7000,8000,6000,6205,0
80000,2,2,2,31,0,0,0,-1,-1,-1,28788,27620,26352,939,2202,1369,8000,1000,939,2202,1369,4827,0
330000,1,3,1,39,-2,-2,-2,-2,-2,-2,2184,2184,2184,2184,2184,2184,2184,2184,2184,2184,2184,2184,0
50000,1,2,2,25,0,0,0,0,0,2,29425,30932,32128,33588,38106,37364,2000,2000,2000,5100,0,4000,0
10000,2,2,1,29,0,0,0,0,0,0,6176,6512,7447,8777,8956,9731,1265,1200,1500,400,1000,273,0
150000,1,1,2,27,0,0,0,0,0,0,85500,86009,86108,89006,89775,87725,3956,4031,10006,3266,4040,1698,0
360000,2,1,2,35,-1,-1,-1,-1,0,0,1475,13466,17584,17354,37703,22490,14200,17631,17741,25203,10000,216,0
50000,2,3,1,44,0,0,2,0,0,0,13881,11494,5847,4871,3007,2136,3483,0,1000,0,993,0,0
370000,1,6,1,28,0,-1,-1,-1,-1,-1,64268,2868,3788,9424,2468,2468,2868,100332,9456,2468,2468,2468,0
90000,2,2,2,32,0,0,0,0,0,0,86076,87567,78646,79212,54659,55902,3012,3100,3116,2000,2100,2100,0
70000,2,2,1,51,2,2,2,2,2,2,42815,43913,44911,45772,46611,47508,2100,2000,1900,1900,1800,1900,1
50000,1,2,2,22,0,0,0,0,0,0,38311,52702,50639,53052,47335,32489,20052,16216,8734,1018,9421,10055,0
50000,2,3,1,39,0,0,0,0,0,0,49575,48208,47619,19929,15693,13766,2067,3000,1171,2000,2000,2500,0
100000,1,2,1,47,0,0,0,0,0,0,72703,74147,76305,77855,78961,80452,2653,3352,3413,3000,2919,2944,0
240000,2,1,2,29,0,0,0,0,0,0,186969,167474,168081,166589,165981,165951,5510,6000,8808,6006,6000,6000,0
20000,1,2,2,37,1,2,0,0,0,0,14440,13916,15376,18075,18830,20423,0,2000,3000,1000,2000,0,1
50000,2,3,1,44,0,0,0,0,0,0,45858,46315,47435,48290,49257,49345,2000,1865,1720,1687,1732,2007,0
260000,2,1,2,37,-2,-1,-1,-1,-1,-1,3821,1316,2609,1017,1012,959,1316,2609,1017,1012,959,935,0
180000,2,3,1,36,0,0,0,-1,0,0,8911,5838,-2,120442,90430,92325,1034,2,120444,3236,3352,3897,0
220000,2,3,2,39,0,0,0,0,0,0,209596,160515,141917,144811,147685,150780,6888,5155,5258,5284,5473,5505,0
230000,1,1,1,56,0,0,0,0,0,0,38349,39154,39921,40828,37934,38889,1933,1700,1600,1340,1548,1844,0
30000,2,3,1,23,0,0,0,0,0,0,26117,27028,27510,27817,28130,27141,1737,1609,1306,1455,857,1087,0
180000,1,1,1,75,1,-2,-2,-2,-2,-2,0,0,0,0,0,0,0,0,0,0,0,0,1
490000,2,1,1,36,-2,-2,-2,-2,-2,-2,1886,9444,3180,7715,6507,3424,9480,3182,7779,6517,3434,5132,0
500000,1,1,1,51,1,2,2,0,0,0,231300,235865,230713,235401,238828,243477,9838,0,10018,8845,8800,9000,0
30000,1,2,3,53,1,-2,-1,2,0,0,0,0,4070,3825,3825,0,0,4070,0,0,0,0,1
230000,1,1,1,38,-2,-2,-2,-2,-2,-2,7904,860,-3,-3,-3,-3,864,0,0,0,0,0,0
80000,2,2,1,24,2,2,-1,0,0,0,3177,-13,4229,4161,4042,6807,0,4242,1032,1000,2812,2248,1
30000,2,2,2,53,-1,-1,0,0,0,0,356,15666,16863,7380,8580,10000,15700,2000,2000,1200,2200,0,1
60000,1,2,1,37,0,0,0,-1,-1,-1,6742,9582,-27,15273,14766,14687,3000,18,15300,5000,15132,6500,0
120000,2,2,2,38,-1,2,2,-1,-1,0,652,652,0,326,652,326,0,0,326,652,0,326,0
420000,2,1,1,44,1,2,0,0,0,0,35545,34332,35097,33025,36945,37276,6,3016,1846,5005,2005,1462,0
200000,1,1,2,42,0,0,0,0,0,0,161514,163340,168701,172074,173907,184067,6000,8000,8000,6500,13500,0,1
50000,2,1,2,33,0,0,0,0,0,0,13452,14524,15586,16622,17344,17864,1300,1300,1300,1000,800,1000,0
500000,2,2,1,40,0,0,0,0,0,0,215508,214460,220047,217920,159393,149626,10004,10025,10294,6046,5076,5000,0
150000,1,2,2,28,0,0,0,-2,-2,-2,157051,161665,0,0,0,0,8566,1500,0,0,0,0,0
80000,2,2,1,45,0,0,0,0,0,0,67142,68052,68690,70042,70626,71700,2420,2511,2512,2510,2590,2711,0
50000,2,1,2,33,0,0,0,0,0,0,13452,14524,15586,16622,17344,17864,1300,1300,1300,1000,800,1000,0
280000,2,4,2,29,0,0,0,0,-2,-2,4567,5724,7184,0,0,0,2500,3000,0,0,0,0,0
70000,1,1,2,27,0,0,0,0,0,0,43214,44196,45181,46426,47380,46923,2000,2000,2000,2000,2000,2000,0
80000,2,2,2,23,0,0,0,0,0,0,51980,36668,39291,43476,46115,42129,6670,5000,5002,4003,3000,3002,0
500000,1,2,1,40,-2,-2,-2,-2,-2,-2,22520,1110,79243,0,4580,0,1110,79243,0,4580,0,1380,0
180000,2,3,1,31,0,0,0,0,0,0,68450,69818,71298,72729,73627,75086,3100,3200,3210,2700,2800,3000,0
20000,1,2,2,37,1,2,0,0,0,0,14440,13916,15376,18075,18830,20423,0,2000,3000,1000,2000,0,1
260000,1,1,2,33,2,2,2,2,2,2,128352,131768,128251,142480,145630,150147,7000,0,18000,7000,7000,5500,0
30000,1,2,2,29,0,0,0,2,2,2,19363,20723,22492,22819,24441,23910,2000,2100,1000,2000,0,1000,1
50000,1,2,1,43,0,0,0,0,0,0,27681,28287,28924,29521,29876,30201,1458,1485,1472,1217,1347,558,0
340000,2,2,1,31,0,0,0,0,0,0,192860,189272,137255,137180,135783,135201,7332,5008,6367,4800,4941,4696,0
50000,2,2,2,24,2,0,0,0,0,0,23497,24197,25226,26238,26760,27318,1395,1424,1436,958,989,1128,0
80000,1,1,2,26,-1,-1,-1,-1,-1,-1,7412,945,1096,162,6600,1780,945,1096,163,6600,1780,0,0
210000,1,2,2,47,-2,-2,-2,-2,-2,-2,-163,-163,-163,-65167,-168,2999,0,0,5530,84332,21500,30000,1
220000,1,2,1,30,0,0,0,0,0,2,15746,17537,14856,35705,25649,5018,16780,14469,35278,4647,19,8438,0
220000,1,1,1,38,-1,-1,3,2,2,-2,1815,743,743,43,-657,-1357,1486,0,0,0,0,0,0
100000,1,2,2,30,0,0,0,0,0,0,27869,29329,30294,31734,32323,33648,3500,3000,3500,1500,2000,2300,0
230000,1,1,1,29,2,0,0,0,0,0,306836,295324,303082,307038,116506,19085,9062,10978,10361,2507,490,308,0
180000,2,1,2,30,0,0,0,0,0,-2,7808,4511,3435,5345,2018,164,1198,1099,2009,2024,164,2159,0
100000,2,1,1,49,1,2,0,0,0,2,103307,97590,99560,95952,98744,97896,0,4700,4400,6000,2000,4000,1
140000,2,2,1,32,-1,2,2,-1,-1,0,739,739,-200,8700,1367,1367,0,0,8900,1367,0,0,1
20000,2,2,1,42,0,0,0,0,0,3,6336,7350,8370,9380,10078,10072,1125,1145,1154,852,150,0,1
200000,2,2,1,36,0,0,0,0,0,0,184697,186660,77221,110294,68214,72103,8001,5000,35000,6000,5000,5000,0
100000,2,1,2,34,0,0,0,0,0,2,66193,63155,50385,31371,54713,28347,3413,5010,10005,30326,0,20000,0
30000,1,2,2,40,0,0,0,0,0,0,21617,24133,25239,26314,27074,28723,3200,1800,1800,1500,2250,600,0
200000,2,1,1,38,-1,-1,-1,-1,-1,-1,3824,6115,11950,7311,18517,6787,6115,11950,7311,18567,6787,6653,0
250000,2,2,1,29,0,0,0,-1,-1,-1,227762,191424,18016,15353,325,325,35018,1000,20000,325,325,318,0
30000,2,2,1,44,0,0,0,0,0,0,28467,29792,29739,24950,25248,25109,1814,1459,1373,871,890,1375,1
160000,2,2,1,31,0,0,0,0,0,0,63780,64675,56561,52338,31133,27590,3518,3015,2128,2000,1000,2473,0
210000,2,2,2,36,1,-2,-2,-2,-1,0,0,0,212,3066,13206,10583,0,212,3066,13206,212,0,0
110000,2,2,1,31,-1,2,2,-1,-1,-1,832,832,416,416,416,416,416,0,416,416,416,416,1
80000,2,2,1,23,0,0,0,0,0,-2,54600,56379,55875,7552,0,0,3300,2640,1056,0,0,0,0
90000,2,2,2,23,0,0,0,-2,-1,0,28120,32429,0,0,2522,2575,5000,0,0,2522,94,111,0
190000,2,2,2,35,0,0,0,0,0,0,66859,68204,70009,65845,67347,70096,3054,3529,3000,2600,4000,3000,0
230000,2,1,2,37,1,-2,-2,-2,-1,2,-152,-152,-152,-152,42668,130,0,0,0,42820,0,1000,0
350000,2,1,1,41,0,0,0,0,0,0,15407,17826,23489,29037,36213,38163,3000,6000,6000,8027,8000,8000,0
170000,2,1,2,30,0,0,0,0,0,0,171992,168531,171440,174643,165584,169230,6027,6300,8451,6000,6320,6700,0
50000,1,3,1,49,0,0,0,0,-2,-2,18139,9198,10000,0,0,0,1198,1000,0,0,0,0,1
240000,2,2,1,28,-1,0,0,0,-1,-1,5740,5639,3428,4634,4590,9675,1215,2000,2000,4590,9675,15000,0
80000,1,2,1,43,0,0,0,0,0,0,78726,78837,76792,61435,26516,27215,3000,3000,3000,1500,1500,1500,0
400000,2,3,2,49,1,-1,-1,-1,-1,-1,0,877,33508,9506,8967,4326,877,33508,9506,8967,4326,5420,0
180000,2,2,1,24,0,0,-2,-1,-1,-2,6272,0,0,1000,2190,0,0,0,1000,2190,0,384,0
150000,2,2,1,38,0,0,0,0,0,0,149957,152224,152208,116763,72325,73273,6000,5440,4000,3000,3000,3000,0
400000,2,2,2,32,0,0,0,0,0,0,234779,240496,247813,253726,258120,10002,5784,7395,7506,6000,2000,2000,0
150000,1,2,1,33,2,-1,-1,-2,-2,-2,1033,1533,0,0,0,0,1550,0,0,0,0,0,1
340000,1,2,1,30,-2,-1,0,0,0,0,326,7132,16684,25749,30085,30406,7132,10000,10000,5000,1007,6000,0
200000,2,1,2,47,-1,-1,-1,-1,-1,-1,30177,2039,174406,133073,45373,973,2061,175000,133100,46000,1000,0,0
50000,1,1,1,49,1,2,0,0,0,0,27231,26500,27533,28569,28901,31095,0,1764,3400,1100,2660,0,1
10000,2,2,2,22,0,0,-1,-1,0,0,7828,8507,511,7696,8696,7660,1009,511,7696,1000,0,0,0
200000,2,1,1,40,1,-2,-2,-2,-2,-2,0,0,0,0,0,0,0,0,0,0,0,0,0
80000,2,2,1,35,3,2,0,0,0,0,78317,71421,59564,56592,52766,48208,9,2203,3006,3005,2005,2000,1
350000,2,1,1,33,-2,-2,-2,-2,-2,-2,6016,4322,5568,9571,6370,9674,4348,5596,9632,6402,9722,24086,0
50000,1,2,1,49,0,0,0,0,0,0,48321,48890,30272,31080,15315,15238,1839,1640,1901,526,537,577,1
260000,2,2,1,31,0,0,0,0,0,0,82156,83083,85346,87620,89566,91502,3611,3712,3800,3500,3400,3100,0
20000,1,3,1,29,0,0,0,0,0,0,14576,16318,17388,17850,17737,27240,2000,1354,2113,1000,1000,1000,0
180000,1,1,1,30,1,1,-2,-2,-2,-2,143900,0,0,0,0,0,10000,0,0,0,0,0,0
80000,2,3,1,50,0,0,0,-1,-1,-1,55070,57863,54382,773,-5857,57071,5012,7450,5000,1630,69794,15000,0
350000,2,1,1,41,0,0,0,0,0,0,15407,17826,23489,29037,36213,38163,3000,6000,6000,8027,8000,8000,0
30000,1,2,2,30,0,0,0,0,-1,0,29993,29890,28561,-229,23930,26655,1856,1000,1698,24860,3500,3000,0
500000,1,2,1,33,-1,-1,0,-1,0,0,680,1094,1508,1862,3676,4961,1101,1100,2103,2500,2000,2000,0
30000,2,3,1,44,0,0,0,0,0,0,29263,27516,28133,28780,28756,29566,1441,1597,1634,1000,1124,1223,0
50000,2,2,2,24,2,0,0,0,0,0,23497,24197,25226,26238,26760,27318,1395,1424,1436,958,989,1128,0
160000,2,3,1,41,1,2,2,2,0,0,45057,46017,47188,46134,47063,50034,2000,2200,0,2000,3900,2000,0
20000,2,3,1,52,0,0,0,2,0,0,10248,11271,13513,12999,14456,16313,1501,2743,0,1686,2089,0,1
130000,2,2,1,29,0,0,0,0,0,0,67260,69269,72276,74347,77259,78403,4000,5000,4347,5000,3038,2135,0
50000,1,1,2,22,0,0,0,0,0,0,38251,34489,32252,6182,17118,8922,4000,1500,1500,2500,500,400,0
120000,2,1,2,29,-2,-2,-2,-2,-2,-2,0,0,0,0,0,0,0,0,0,0,0,0,0
180000,2,1,1,33,-1,-1,-1,-1,-1,-1,4520,1449,1730,2215,1525,1050,1453,1731,2215,1525,1050,1440,0
250000,2,3,1,43,-2,-2,-2,-2,-2,-2,278,278,278,278,278,428,278,278,278,278,428,278,0
180000,1,1,2,26,-1,-1,-2,-1,0,0,189,-2811,-2811,126884,129020,131708,0,0,131453,4209,4350,4099,0
280000,1,1,1,31,0,0,0,0,0,0,235461,196894,168463,149816,128721,130406,8900,8100,7200,5000,5000,4700,0
140000,2,2,1,34,1,-2,-2,-2,-2,-2,0,0,0,0,0,0,0,0,0,0,0,0,0
150000,2,2,2,44,2,2,0,0,0,0,168179,159008,157164,155109,153033,156636,0,5684,5538,5410,11000,0,1
500000,1,3,1,55,2,0,0,0,0,0,613860,512526,334227,145482,125936,91382,37300,11000,4500,4000,4000,100000,1
250000,1,1,1,34,0,0,0,0,0,0,6035,11782,7241,7277,4972,2609,1131,4000,3000,99,1000,6000,1
100000,2,3,1,50,2,2,2,2,-1,0,117517,110537,99734,99973,71008,66735,4700,0,3000,103000,2500,3000,1
720000,2,2,2,38,1,-2,-2,-2,-2,-2,5065,2184,1744,7323,711,970,2184,1744,7323,711,970,491,0
240000,2,2,1,37,1,-2,-2,-2,-2,-2,0,0,0,0,0,0,0,0,0,0,0,0,0
50000,2,3,2,25,0,0,0,0,0,0,27232,26777,27129,26613,26057,25924,1439,1464,1401,908,935,924,0
20000,1,3,1,46,1,2,0,0,0,0,19450,18844,19853,19894,19993,20030,0,1626,1615,710,720,1587,0
120000,2,2,1,39,-2,-2,-2,-2,-2,-2,280,6192,2134,0,0,0,6192,2142,0,0,0,0,0
430000,2,2,1,42,-1,-1,-1,-1,0,-1,38495,11935,32878,115683,84049,37210,11935,32887,115683,0,37210,29559,0
360000,1,1,2,33,0,0,0,0,-1,-1,206597,211687,198245,217320,2500,0,10022,25045,33124,5180,0,0,0
210000,2,1,2,33,1,-2,-2,-2,-2,-2,0,0,0,0,0,0,0,0,0,0,0,0,0
310000,2,3,2,38,-2,-2,-2,-1,0,0,-41,8198,342,41726,15051,8663,8239,344,41884,5025,40,3,0
150000,2,1,2,34,1,-1,-1,-2,-2,-2,0,53,0,0,0,0,53,0,0,0,0,0,0
110000,2,3,1,42,0,0,0,0,0,0,110191,110736,63652,62738,50687,49850,3200,2450,2027,1710,1800,1700,0
330000,1,4,1,33,0,0,0,0,0,0,26586,23818,24164,25042,25665,24059,1700,1522,1400,1000,820,770,0
60000,2,1,2,25,0,0,0,0,0,0,59228,59961,59824,47655,27298,28303,2300,3572,2169,6000,4000,4000,0
50000,2,3,1,39,0,0,0,0,0,0,49575,48208,47619,19929,15693,13766,2067,3000,1171,2000,2000,2500,0
20000,1,3,2,24,2,0,0,2,2,2,8295,9310,12130,11644,12250,11910,1160,2980,0,1100,0,1000,1
280000,2,2,1,42,-2,-2,-2,-2,-2,-2,396,396,396,396,10948,61123,396,396,396,10948,61123,54802,0
490000,1,2,1,57,0,0,0,0,0,0,59056,60236,62268,63264,62928,66334,2153,3000,2112,2124,6004,3024,0
10000,1,3,2,43,0,0,0,0,0,0,9545,10443,7329,8343,8508,8686,1117,1125,2139,304,315,345,0
450000,2,3,1,56,1,-1,-1,-1,-1,-1,-4,831,-3,646,-2,418,835,0,649,0,420,1204,1
50000,2,2,1,38,0,0,0,0,-2,-2,6350,3239,4166,0,0,0,1100,1000,0,0,0,0,1
360000,2,1,1,36,1,-2,-2,-2,-2,-2,-1,-1,-1,-1,-1,-1,0,0,0,0,0,0,0
50000,2,2,2,46,1,3,2,0,0,0,52308,51194,50101,49527,10147,9965,0,0,1200,400,400,400,0
20000,1,3,1,43,0,0,0,2,0,-1,18100,17926,19485,19503,19566,1320,2000,3000,1200,1000,1400,0,0
240000,2,2,2,38,1,-2,-2,-2,-2,-2,0,0,0,0,0,0,0,0,0,0,0,0,1
50000,2,2,1,27,0,0,0,0,0,0,47254,43583,35245,27520,25928,26470,1720,3100,1723,1100,1111,1200,1
230000,2,1,2,25,-2,-2,-2,-2,-2,-2,248,248,248,248,248,248,248,248,248,248,248,248,0
50000,2,2,2,23,2,0,0,0,0,0,49441,45880,42621,21734,18775,19590,1998,2198,1300,655,1100,654,0
50000,1,3,1,48,1,-2,-2,-2,-2,-1,6300,0,0,0,0,5275,0,0,0,0,5275,0,0
30000,2,3,2,48,2,2,0,0,0,0,26950,23655,25131,29148,12134,12976,0,3200,5000,1000,1000,1000,1
30000,2,1,2,46,0,0,0,0,2,0,18910,20592,21949,24116,23430,25044,2000,2000,2535,0,2000,2300,0
60000,2,2,2,24,0,0,0,0,0,0,50840,49592,44412,45402,35704,36524,2100,1847,1837,1139,1254,1387,0
50000,2,1,2,30,-2,-2,-2,-2,-2,-2,0,2070,0,0,0,0,2070,0,0,0,0,0,0
80000,2,2,1,27,1,2,0,0,0,0,81841,79062,74722,40151,28424,29059,15,2876,2052,625,693,84,1
30000,2,1,2,24,-1,-1,0,0,0,-1,25616,27526,11458,7500,7000,5192,31348,1328,1000,7000,5192,0,0
50000,1,1,2,24,0,0,0,0,0,0,20472,19077,20094,19559,16795,17233,1700,1641,1600,600,1000,1300,0
170000,2,1,1,50,-1,-1,-1,-1,-1,-1,1978,2191,3185,0,582,3779,2191,3185,0,582,3779,75,0
30000,2,3,1,60,3,2,2,7,7,7,1950,1950,1950,1950,1950,1950,0,0,0,0,0,0,1
240000,2,1,2,33,-2,-2,-2,-2,-2,-2,5000,0,5000,0,254,9366,0,5000,0,254,9366,1150,0
300000,2,3,1,30,0,0,0,0,0,0,25936,26008,26324,27249,46007,46764,1500,1800,2000,20000,2160,2400,0
20000,1,3,1,48,-1,0,-1,-1,2,0,1522,1261,1261,2126,1573,1170,1000,1261,2126,0,0,150,1
30000,1,2,2,25,2,3,2,2,0,0,21403,20766,21637,22473,23312,23419,0,1500,1500,1500,1500,1500,1
150000,2,3,1,48,0,0,0,2,0,0,36717,37800,40874,39922,40953,42136,2000,4000,0,2000,2000,2000,0
360000,2,2,2,34,0,0,0,0,0,0,282674,277569,246380,236139,241056,246297,12200,10500,8500,8750,9200,9800,0
100000,2,2,1,31,0,0,0,-2,-1,-1,95160,94327,0,0,2743,1782,2000,0,0,2743,1782,0,0
220000,1,3,2,33,0,0,0,0,0,0,62770,86968,57675,75892,49548,35530,40000,25000,25000,10000,10000,10000,0
30000,2,1,2,23,2,0,0,0,0,0,25366,26554,27435,28270,28632,30193,2000,2000,2000,1500,2400,1100,1
500000,1,2,2,32,0,0,0,0,0,-1,331751,254846,162969,142735,76989,106476,10558,7410,3068,94,106476,152,0
120000,2,2,2,27,-1,-1,-1,2,-1,-1,1184,1066,5079,2528,4007,7457,1066,5079,0,4007,7457,2819,0
500000,2,1,1,44,-1,-1,-1,-1,-1,-1,29178,26963,33166,48858,66050,43769,26963,33169,48858,66050,43769,37509,0
110000,1,1,2,35,3,2,2,3,3,2,450,450,450,450,450,300,0,0,0,0,0,288,1
230000,2,2,1,40,0,0,0,0,0,0,44948,45198,46244,47595,38367,35098,1728,3000,3040,3012,3000,3000,0
20000,1,2,2,44,0,0,0,-1,-1,-1,19157,20011,18768,1261,390,390,1500,1768,1261,390,390,390,0
20000,1,2,1,40,1,2,3,2,3,3,14829,17267,16706,18694,19049,18459,3000,0,2560,955,0,661,0
130000,1,2,1,39,0,0,0,0,-2,-2,19698,10058,10833,0,0,0,1500,1000,0,0,0,0,0
20000,1,3,2,24,2,0,0,2,2,2,8295,9310,12130,11644,12250,11910,1160,2980,0,1100,0,1000,1
230000,2,1,1,35,0,0,-2,-2,-2,-2,22909,0,0,0,0,0,0,0,0,0,0,0,0
120000,1,2,2,28,0,0,0,0,0,0,8022,9493,11612,12438,13099,15926,2000,3000,3000,3000,3000,3000,0
10000,1,2,2,28,1,2,2,2,2,2,3717,3659,5640,5401,6811,6567,150,2200,0,1500,0,6000,1
140000,2,1,2,28,-1,-1,-1,-1,-1,0,31,1272,1446,2880,1914,968,2000,1500,3000,1914,0,3287,1
300000,2,1,1,38,-1,0,0,0,0,0,15230,16212,17239,18237,18600,17939,1222,1249,1247,610,611,616,0
50000,2,1,2,26,2,0,0,2,2,2,25875,27132,29695,30908,30112,32123,2000,3000,2000,0,2500,0,1
250000,2,2,2,33,0,0,0,0,0,0,147934,149485,152678,157337,159719,163649,5500,5600,7200,6500,6500,6000,0
500000,1,5,1,53,0,0,0,0,0,0,431243,415022,421996,426103,125218,126650,11000,12602,11000,4711,6000,11000,0
210000,1,2,2,32,0,0,0,0,0,0,137264,102545,94692,70484,36308,33201,3664,3900,2868,3000,2000,2000,1
500000,2,1,1,44,-1,-1,-1,-1,-1,-1,29178,26963,33166,48858,66050,43769,26963,33169,48858,66050,43769,37509,0
30000,2,1,2,24,0,0,0,0,0,0,26094,27095,28158,29385,29665,30446,1440,1503,1730,1010,1206,1949,0
310000,2,1,2,36,0,0,0,0,0,0,67940,45746,46979,42045,40334,49542,2000,2000,2000,2000,13000,2000,0
90000,1,3,1,35,0,0,0,0,0,0,86821,71263,73515,74100,23500,23500,4000,4000,3000,0,0,0,0
240000,2,2,1,28,-1,0,0,0,-1,-1,5740,5639,3428,4634,4590,9675,1215,2000,2000,4590,9675,15000,0
50000,1,1,2,28,0,0,3,2,2,0,13258,18647,18064,19462,18854,20380,5635,0,2000,0,2000,2000,1
170000,2,1,2,30,0,0,0,0,0,0,171992,168531,171440,174643,165584,169230,6027,6300,8451,6000,6320,6700,0
620000,1,2,2,31,-2,-2,-2,-2,-2,-2,5712,11598,21049,13846,3565,7076,11881,21171,13915,3583,7111,1971,0
150000,2,1,2,26,0,-1,-1,-1,-1,-1,7448,2089,174,640,2414,500,2089,174,640,2414,500,3158,0
110000,2,1,2,27,0,0,0,0,0,0,52426,45107,44310,34820,36005,25976,1772,1900,1815,2000,1500,2000,0
180000,2,1,2,33,1,-1,-1,-1,-2,-1,0,4163,7683,0,0,9500,4163,7683,200,0,9500,0,0
60000,2,1,2,25,0,0,0,0,0,0,59228,59961,59824,47655,27298,28303,2300,3572,2169,6000,4000,4000,0
200000,2,5,1,27,0,0,0,0,0,0,185143,188678,191500,187835,139070,140171,7000,7512,7500,5100,5100,5500,0
210000,1,1,2,33,-1,-1,-1,-1,-1,-1,396,396,396,396,1911,396,396,396,396,1911,396,396,0
40000,1,2,1,55,1,-2,-2,-2,-2,-2,-150,-540,-930,-1320,-1710,-2100,0,0,0,0,0,0,1
80000,2,2,1,27,0,0,0,0,0,0,77039,78746,79757,40498,29212,29621,2984,2449,1612,798,1307,359,1
500000,1,3,1,49,0,0,0,0,0,0,260991,214726,230250,188805,192229,2786,7890,20132,20004,7714,3000,1543,0
10000,1,2,2,23,0,0,0,0,0,0,4304,5324,6509,7313,6469,6988,1100,1279,1083,500,1000,1000,0
200000,2,2,2,27,-1,-1,-1,0,-1,-1,13285,2150,14122,27413,35377,29922,2155,14122,23007,7212,29922,37790,0
160000,1,1,2,28,-1,-1,-1,-1,0,0,498,498,493,16931,18913,19272,498,493,16936,8030,7000,500,0
120000,2,1,1,46,0,0,0,0,0,0,28675,29392,30424,31437,32062,32734,1500,1509,1522,1147,1188,1194,0
210000,1,2,2,47,-2,-2,-2,-2,-2,-2,-163,-163,-163,-65167,-168,2999,0,0,5530,84332,21500,30000,1
150000,2,2,1,27,-1,-1,0,0,0,0,1108,143813,149350,149984,130610,121793,147314,7752,6046,2753,5583,6700,0
20000,2,1,2,25,1,-1,-1,-1,-1,-1,0,891,789,0,728,169,891,789,0,728,169,0,0
10000,2,2,1,29,0,0,0,0,0,0,6176,6512,7447,8777,8956,9731,1265,1200,1500,400,1000,273,0
120000,2,3,2,31,1,2,0,0,0,0,122806,119325,112976,63658,38495,38226,15,3500,2000,1500,1500,5000,0
250000,2,2,1,29,0,0,0,-1,-1,-1,227762,191424,18016,15353,325,325,35018,1000,20000,325,325,318,0
420000,1,1,1,32,0,0,0,0,0,0,387143,24830,25419,10951,8126,8313,1585,1174,1133,291,318,277,0
30000,1,2,2,32,2,3,2,2,2,0,32704,31895,31091,31002,29879,29382,0,0,2300,0,996,1000,0
50000,2,3,1,58,1,2,2,2,0,0,24135,23454,26755,26026,27310,29729,0,4000,0,2000,3000,0,1
490000,1,2,2,42,0,0,0,0,0,0,455520,464727,477884,488808,427064,436172,16100,20000,19000,16000,16000,15000,0
220000,2,1,2,29,-2,-2,-2,-1,0,0,2848,7146,4690,16331,77894,2576,7181,4714,16493,97910,0,4862,0
50000,1,3,1,50,-1,-1,-1,-1,-1,-1,7056,2840,1413,2890,4715,1262,2840,1413,2890,4715,1262,5483,0
640000,2,2,2,39,0,0,0,0,0,0,119887,123223,119211,118722,105197,93921,10000,10000,10535,15000,5000,13627,0
190000,2,3,2,29,0,0,0,0,0,-2,132669,134605,136202,9207,0,0,6000,6000,1000,0,0,0,0
360000,2,2,1,33,-2,-2,-2,-2,-2,-2,0,0,3240,1943,0,0,0,3240,1943,0,0,0,1
360000,2,1,2,27,1,-2,-2,-2,-2,-2,0,0,0,0,0,0,0,0,0,0,0,0,0
120000,2,3,2,32,-1,0,0,0,0,0,66551,67876,69903,71446,79589,81354,2429,3120,3300,10000,3200,3200,0
290000,2,1,1,33,-2,-2,-2,-2,-2,-2,0,0,0,0,0,0,0,0,0,0,0,0,1
30000,2,2,1,26,0,0,0,0,2,0,20105,21419,22278,24423,19985,15021,1650,1506,2651,0,2044,550,0
30000,2,1,2,24,0,0,0,0,0,0,26094,27095,28158,29385,29665,30446,1440,1503,1730,1010,1206,1949,0
240000,2,1,2,29,0,-1,0,0,0,0,10747,30380,15579,20496,15296,24332,30439,10023,10000,5000,15000,15000,0
360000,1,3,1,46,-2,-2,-2,-2,-2,-2,0,0,0,0,0,0,0,0,0,0,0,0,0
200000,2,1,1,39,-1,-1,-1,-1,-1,-1,25149,14963,9308,3060,6016,3480,15084,9354,3082,6046,3497,3514,0
450000,1,1,2,31,1,2,2,2,-2,-2,153246,151659,10199,0,0,0,4009,2000,0,0,0,0,1
200000,2,3,1,47,1,-2,-2,-2,-2,-2,0,0,0,0,0,0,0,0,0,0,0,0,0
20000,2,2,2,29,0,0,0,0,0,0,17648,13580,14204,15345,17764,20049,3000,5007,3000,3000,3000,3000,0
120000,2,1,2,25,0,0,0,0,0,0,58106,53974,51786,43180,41469,42004,2000,3000,3000,4000,4000,2000,0
340000,1,2,1,35,0,0,0,0,0,0,38214,39229,40747,41930,43397,44710,1500,2000,2000,2000,2000,2000,0
240000,2,2,1,37,1,-2,-2,-2,-2,-2,0,0,0,0,0,0,0,0,0,0,0,0,0
50000,1,3,2,44,0,0,0,2,0,0,49911,50525,51463,49952,19584,19080,1762,4800,0,837,700,1000,0
90000,2,2,3,36,0,0,0,0,0,0,91552,88751,54704,37660,32074,18372,55000,5023,5030,11000,9765,10000,0
160000,2,3,1,74,0,0,0,-1,-1,-1,79201,69376,66192,16905,0,19789,3783,2268,16905,0,19789,26442,0
110000,1,2,1,51,0,0,0,0,0,0,54051,55126,57239,104353,48308,49693,1972,3000,49000,1569,2000,2000,1
40000,2,2,1,37,0,0,0,0,2,0,5366,6541,16390,9891,9594,9798,1273,2000,3538,0,500,500,0
310000,2,1,2,28,-1,-1,2,-1,-1,-1,18877,18379,10327,17252,9917,33776,18417,48,17337,9965,33826,116,0
100000,2,2,2,30,1,2,0,0,2,2,31708,30904,31953,34308,34951,34261,0,1850,3200,1500,0,1500,1
160000,2,2,2,38,0,0,0,0,0,0,133017,125321,122044,111799,92039,89536,7008,6300,5000,3000,2606,4006,0
160000,2,2,2,29,0,0,0,0,0,0,36370,35996,35275,34873,35677,34942,4002,5390,6000,5000,5000,4000,0
320000,2,2,1,42,-1,-1,-1,-1,-1,-1,2862,18729,23405,16662,38459,2836,18729,23421,16683,38459,2836,1286,0
20000,1,2,1,33,1,2,0,0,2,2,4481,4261,5272,6685,6429,7225,0,1087,1500,0,900,0,0
30000,2,3,2,38,2,0,0,2,0,0,24524,25546,28820,28538,28208,29326,1426,3700,718,1500,1500,3000,1
350000,2,1,1,45,-1,-1,-1,-1,-1,-1,291,291,291,291,291,291,291,291,291,291,291,291,0
500000,2,1,2,45,-2,-2,-2,-2,-2,-2,0,0,1742,27291,0,0,0,1742,27291,0,0,6386,0
360000,1,1,2,30,-1,-1,-1,0,0,0,10821,5559,3272,13756,12852,20893,5586,3364,13132,10034,16104,14348,0
290000,2,2,2,25,0,0,0,0,0,0,78719,71559,66658,68627,61578,59274,2510,2500,3000,3000,3000,3000,0
180000,1,1,2,32,-1,-1,2,-1,-1,-1,291,582,291,291,291,291,582,0,291,291,291,291,1
30000,2,2,2,23,0,0,0,0,0,0,24607,24430,23881,24234,24853,7814,1700,1600,1287,1296,500,1550,0
300000,2,2,2,28,0,0,2,2,2,2,275855,286812,280337,318248,316147,303666,15000,7000,50000,12000,0,13000,1
100000,1,1,2,38,0,-1,-1,0,0,0,3042,1427,102996,70626,69473,55004,2000,111784,4000,3000,2000,2000,0
360000,1,1,1,39,0,-1,-1,-1,0,-1,167685,3288,75244,6468,3169,3130,3304,75260,6484,24,3144,3458,0
400000,1,1,3,31,1,-1,-1,-1,-1,-1,0,1731,499,1487,499,499,1731,499,1487,499,499,36983,0
50000,2,3,2,51,0,0,0,0,0,0,25436,27445,28585,29736,21356,23403,2445,1585,1736,2356,2403,2414,0
70000,1,2,2,29,0,0,0,0,-1,-1,58305,61710,64114,66775,161,5746,5000,4000,5000,161,5800,1500,0
240000,1,1,1,34,0,0,-2,-1,0,0,102650,0,0,4557,7557,9275,0,0,4557,3000,4000,2282,0
240000,2,1,2,28,-2,-2,-2,-2,-2,-2,1981,-2076,-2076,-2076,-2076,-253,0,0,0,0,1823,0,0
240000,2,4,2,25,0,0,0,0,0,0,26501,26869,27488,17891,6696,4129,5000,6000,3000,0,0,3585,0
80000,2,2,2,43,0,0,0,0,0,0,77479,77057,78102,58501,51042,19036,3631,3177,2600,3000,1691,695,0
300000,2,1,2,31,0,0,0,0,-1,-1,31827,11158,1616,3658,658,662,1009,1000,2700,658,662,0,0
150000,2,1,2,29,0,0,0,0,0,0,78044,43437,45132,39180,31422,32410,2000,2500,3300,2150,1500,6200,0
20000,1,3,1,48,-1,0,-1,-1,2,0,1522,1261,1261,2126,1573,1170,1000,1261,2126,0,0,150,1
310000,1,1,2,45,0,0,0,0,0,0,313268,278821,283847,290135,293350,300623,10010,11500,11015,11000,12000,23035,0
180000,2,2,1,32,0,0,0,0,2,0,151307,143025,140984,85948,80069,77462,6000,6000,8009,0,3000,3000,0
20000,1,1,1,33,0,0,0,0,0,0,20276,20134,20298,19269,19254,19484,1326,1326,1287,662,903,500,0
90000,2,2,2,32,0,0,0,0,0,0,86076,87567,78646,79212,54659,55902,3012,3100,3116,2000,2100,2100,0
270000,2,1,2,37,-2,-2,-2,-2,-2,-2,7842,6380,16098,1350,558,0,6380,16098,1350,558,0,128934,0
20000,1,3,2,48,-1,-1,-2,-1,-1,-1,170,-220,-610,390,0,19993,0,0,1390,0,20773,400,0
80000,2,1,1,32,-1,-1,-2,-2,-1,-1,1784,871,3179,3344,3552,0,871,3381,3384,3958,0,0,0
160000,2,2,1,36,-1,-1,-1,-1,-1,-1,2447,206,805,666,740,539,206,886,679,740,539,0,0
60000,2,2,2,25,0,0,0,0,0,0,75932,60693,50324,58688,30099,16810,3121,3000,12000,30000,12000,28618,1
60000,2,2,1,35,2,0,0,2,2,2,49825,45436,42240,38884,34488,28838,1700,2500,2600,1500,0,1500,1
30000,2,3,1,60,3,2,2,7,7,7,1950,1950,1950,1950,1950,1950,0,0,0,0,0,0,1
40000,2,3,1,40,1,-1,2,2,2,-2,-531,2661,3871,1488,0,0,3383,2000,0,0,0,431,1
150000,2,2,1,49,1,-1,-1,-1,-1,-1,0,970,8867,0,600,0,970,8867,0,600,0,0,0
110000,2,1,2,29,1,2,0,0,0,0,113093,106321,107630,106354,79154,69988,3,4334,4250,2946,2506,2458,0
210000,2,3,1,39,1,2,2,2,0,0,26624,25903,28719,27964,28364,28855,0,3550,0,1164,1100,1118,0
80000,2,2,2,43,0,0,0,0,0,0,77479,77057,78102,58501,51042,19036,3631,3177,2600,3000,1691,695,0
220000,2,1,2,32,0,0,0,0,0,0,217636,221834,222830,195121,169396,173875,8000,18000,7000,6000,7000,6100,0
160000,1,2,1,32,1,2,0,0,0,0,5525,4039,3656,3801,2540,2279,0,1094,1500,0,1000,0,1
230000,2,5,1,39,-1,-1,0,0,-2,-2,7479,31280,120000,0,0,0,31280,90000,0,0,0,0,0
80000,2,2,3,29,-1,-1,2,-1,-1,-1,6441,14342,6187,7757,8451,6625,14349,5,7761,8460,6630,6218,0
20000,1,1,2,25,0,0,0,0,0,0,26694,10298,9768,8798,9404,6864,1200,2000,2000,1000,1000,1000,0
200000,2,2,2,27,-1,-1,-1,-1,-1,-1,6369,5830,7254,7164,4576,5792,5830,7254,7164,4675,5792,5196,0
50000,2,3,1,44,0,0,2,0,0,0,13881,11494,5847,4871,3007,2136,3483,0,1000,0,993,0,0
50000,2,3,1,39,0,0,0,0,0,0,49575,48208,47619,19929,15693,13766,2067,3000,1171,2000,2000,2500,0
110000,1,1,2,29,-1,-1,0,0,0,0,750,71015,72517,72537,55600,72442,71022,5000,5000,5000,22000,5000,0
500000,2,1,2,28,-2,-2,-2,-2,-2,-1,4428,-31,-31,3963,3418,858,0,0,3994,3435,860,0,0
30000,2,2,1,51,-2,-2,-2,-2,-2,-2,1724,1222,4952,6693,22761,10044,1222,4972,7629,22817,10056,298,1
120000,1,1,1,48,2,-1,-1,-1,-1,-1,360,360,360,360,150,870,360,360,360,150,870,510,1
200000,2,6,1,43,0,0,0,0,0,0,198595,194734,190447,187224,183641,178239,7003,7000,7000,6510,6550,6001,0
90000,1,3,1,31,0,0,0,0,0,0,67776,68476,68485,67000,45837,49959,4023,4017,4000,4000,5000,4000,0
270000,2,2,1,33,-1,-1,0,0,0,0,1481,3952,25237,44395,44741,45209,3952,22438,20000,1587,2000,4000,0
460000,1,1,1,37,2,0,0,0,0,0,7121,7953,8642,9151,9702,9752,1273,1288,1123,1000,502,3000,0
500000,2,2,1,34,-2,-2,-2,-2,-2,-2,17172,34674,6229,11534,12482,18192,35454,6229,11534,12564,18192,32550,0
50000,1,2,2,44,0,0,0,2,0,0,47674,45472,51447,49895,20317,19460,1764,6739,29,700,704,705,0
50000,2,2,2,36,0,0,0,0,0,0,29647,30845,32821,34855,11776,12088,2000,2800,3732,750,500,1000,1
500000,2,1,2,28,0,0,-1,0,0,0,19543,21788,19323,33146,39741,53516,5110,19623,15000,7000,14122,20000,0
310000,1,1,2,32,-2,-2,-2,-2,-2,-2,8242,32447,17314,8639,12862,4553,32617,17417,8702,12926,4575,1990,0
20000,1,1,2,23,0,0,0,0,0,0,19247,18055,2059,2576,1834,1092,2500,1100,1500,200,200,942,0
80000,2,2,2,43,0,0,0,0,0,0,77479,77057,78102,58501,51042,19036,3631,3177,2600,3000,1691,695,0
360000,1,2,1,39,0,0,0,0,0,-1,29814,22699,16866,13618,5000,8000,1333,2500,5000,2000,8000,5000,0
50000,2,1,2,23,1,-1,2,0,0,0,-69,7721,3079,7095,7237,6446,7790,0,4095,245,234,266,1
160000,2,1,2,25,-1,0,-1,-1,0,0,6087,1934,11376,2199,10856,0,1000,11426,2199,10000,0,9867,0
10000,1,3,2,43,0,0,0,0,0,0,9545,10443,7329,8343,8508,8686,1117,1125,2139,304,315,345,0
360000,1,1,1,36,-2,-2,-2,-2,-2,-2,1814,6545,0,0,0,0,6545,0,0,0,0,259,0
210000,2,1,1,44,0,0,0,0,0,0,89519,50144,52148,50723,43200,17556,20033,10000,5012,1251,2007,10125,0
200000,1,2,1,44,0,0,0,0,0,0,71656,63331,54977,45849,32706,23542,1714,1602,1144,786,471,2300,0
60000,2,2,1,29,-1,-1,-1,-1,-1,-1,1033,2076,26,3742,3352,3570,2081,26,4822,3352,3570,1799,0
440000,2,2,1,44,0,0,0,-2,-2,-2,70548,42651,0,27549,77349,10456,20000,0,27549,50000,18956,9307,0
90000,2,1,2,28,0,0,0,2,2,2,38355,39413,41181,41701,44000,45651,1700,2404,1500,3000,2500,600,0
180000,1,1,1,36,0,0,0,0,0,0,85703,84298,62201,81859,78566,77491,3614,2400,23500,3800,3700,500,0
260000,1,1,2,30,0,0,0,0,0,0,27855,28307,27842,25366,19533,14214,1259,1305,1113,528,406,211,0
50000,1,2,3,41,0,0,0,0,0,0,51449,52260,40893,81308,41463,40045,1700,1679,1640,1449,1454,1466,1
50000,1,1,2,27,1,-1,2,-1,-1,-1,-45,559,163,267,-129,325,1000,0,500,0,1000,500,1
270000,2,1,2,28,1,2,0,0,0,0,118198,86065,77359,63243,51636,31407,0,10004,10000,10000,10000,5000,0
90000,1,2,1,31,0,0,0,0,0,0,70329,69073,70561,72021,73912,58301,2471,2600,2633,3108,2052,1858,0
160000,2,3,1,38,0,0,0,0,0,0,151963,141884,143428,146289,128133,124606,5100,7100,7500,4500,5000,4800,0
440000,1,1,2,33,-2,-2,-2,-2,-2,-2,2380,1750,4697,7502,2249,4532,1750,4697,7502,2249,4532,101750,0
80000,2,2,1,35,1,2,2,2,0,0,78959,76699,81477,79035,28503,29711,0,6800,0,1000,2000,1500,1
400000,2,1,1,40,-1,-1,-1,-2,-2,-2,3716,4318,273,743,516,200,4318,273,743,516,200,422,0
100000,2,2,1,39,-2,-2,-2,-2,-2,-2,1884,0,0,0,0,0,0,0,0,0,0,0,0
230000,2,2,2,43,2,2,2,2,2,3,206245,215936,221001,220886,239299,237297,13126,10000,5000,23700,2000,3,1
310000,2,3,2,38,-2,-2,-2,-1,0,0,-41,8198,342,41726,15051,8663,8239,344,41884,5025,40,3,0
210000,2,1,1,47,-2,-2,-2,-2,-2,-2,234,0,0,0,0,0,0,0,0,0,0,2197,0
300000,2,1,1,38,-1,0,0,0,0,0,15230,16212,17239,18237,18600,17939,1222,1249,1247,610,611,616,0
60000,2,1,2,27,0,0,0,0,0,0,62321,61015,58160,51237,29999,28972,3000,3016,5011,1005,1000,14000,0
460000,2,2,1,39,-1,-1,-1,-1,-1,-1,11403,14015,2978,11402,12072,7090,14029,2978,11402,12802,7090,793,0
10000,1,1,2,27,0,0,0,0,0,0,8907,6599,7736,8492,8138,4990,1500,1400,1000,1009,1000,1598,0
390000,2,1,1,42,0,0,0,0,0,0,310075,184647,90383,55212,29701,-1429,10021,4000,15046,20000,0,10090,0
20000,1,2,2,25,1,2,0,0,-1,0,20873,20240,20365,19565,9928,12758,4,1378,1203,15460,3000,2000,1
200000,2,2,1,30,-2,-2,-2,-2,-2,-2,42488,0,0,0,7637,21186,0,0,0,7637,21186,0,0
200000,1,3,2,30,-2,-2,-2,-2,-2,-2,0,680,1100,1500,1402,0,680,1100,1500,1402,0,0,0
10000,2,2,2,37,-1,-1,-1,-1,0,0,6993,4165,5794,9576,7818,7580,6495,5794,9585,7580,152,390,0
450000,2,1,1,33,-2,-2,-2,-2,-2,-2,3485,2989,2278,4714,768,1069,3004,2289,4737,771,1074,370,0
280000,1,2,1,44,0,0,0,0,0,0,159967,164197,122611,119023,113754,115029,7822,4529,4238,4305,4208,4003,0
70000,1,2,2,29,0,0,0,0,-1,-1,58305,61710,64114,66775,161,5746,5000,4000,5000,161,5800,1500,0
150000,2,2,1,38,0,0,0,0,0,0,149957,152224,152208,116763,72325,73273,6000,5440,4000,3000,3000,3000,0
20000,2,2,1,38,1,-1,-1,-2,-2,-2,0,2000,0,0,0,0,2000,0,0,0,0,0,1
50000,2,3,2,51,0,0,0,0,0,0,25436,27445,28585,29736,21356,23403,2445,1585,1736,2356,2403,2414,0
160000,2,2,1,42,1,-2,-1,-1,-1,-1,0,0,369,0,522,0,0,369,0,522,0,978,0
30000,2,2,2,22,0,0,2,0,0,0,30028,30566,30560,30194,30113,23212,2634,1000,1377,1211,1000,3690,0
420000,2,2,2,29,0,0,0,0,0,0,267050,272606,278407,284777,301438,308571,10000,10200,11000,21500,12000,15000,0
60000,2,1,2,46,0,0,0,0,0,0,16017,30073,18385,20732,21196,23175,22000,3000,3000,1000,3000,0,0
50000,1,2,2,47,0,0,0,0,0,0,19949,19356,19849,20301,17951,17254,2000,2000,2000,1000,1000,1000,0
240000,2,2,2,27,0,-1,0,-1,0,-1,30589,2225,3708,20694,19771,38603,2239,3700,20739,10003,40115,8756,0
100000,1,1,1,40,2,2,0,0,0,0,27002,26274,27045,28598,30131,32356,0,1500,2000,2000,2700,1300,1
30000,1,3,1,42,0,0,-1,-1,-1,-1,1946,1473,390,390,390,0,1000,390,390,390,0,780,0
40000,2,3,1,40,1,-1,2,2,2,-2,-531,2661,3871,1488,0,0,3383,2000,0,0,0,431,1
180000,2,1,2,30,0,0,0,0,0,-2,7808,4511,3435,5345,2018,164,1198,1099,2009,2024,164,2159,0
50000,1,2,1,43,0,0,0,0,0,0,27681,28287,28924,29521,29876,30201,1458,1485,1472,1217,1347,558,0
140000,1,2,1,36,1,-1,0,0,0,0,119279,6771,13380,18415,20135,27390,10000,10000,8000,5000,22000,42000,0
160000,1,1,1,41,1,2,0,0,0,0,63446,63501,65439,66761,67628,68983,1699,2960,3007,2573,2600,3008,0
210000,2,2,1,33,0,0,0,2,2,2,159715,163060,168218,169726,173687,176510,6000,8000,6000,7000,6000,20000,0
160000,2,2,1,52,-1,-1,2,-1,-1,-1,465,10451,9385,2260,1313,947,10451,0,4560,2626,1894,7428,0
100000,2,3,1,36,2,0,0,2,0,0,99298,101972,115335,112016,112906,120101,5220,16608,0,4233,9200,21000,1
150000,1,2,1,48,0,0,0,0,0,0,118610,121098,123460,66902,68230,69661,4955,4947,3818,2442,2530,2538,0
260000,1,5,2,35,0,0,0,0,0,0,138834,143518,146714,148787,152306,155690,7000,7000,6000,6001,6000,6000,0
20000,1,3,2,45,0,0,0,0,0,0,18011,18083,18500,19014,19019,17484,1500,1400,1243,638,2000,480,0
30000,2,2,1,35,0,0,0,0,0,0,25485,26503,27486,25663,26979,24306,1447,1430,1684,2000,892,2000,0
210000,2,1,1,34,0,0,0,0,0,0,73329,74261,75602,76062,76287,76971,2700,3500,3300,3000,3000,3000,0
480000,1,1,1,41,1,-2,-2,-2,-2,-2,0,0,0,0,0,0,0,0,0,0,0,0,0
120000,1,2,2,28,0,0,0,0,0,0,92677,92809,93392,93609,95055,96761,4516,5005,5006,5014,5008,4008,0
230000,2,1,2,25,-2,-2,-2,-2,-2,-2,248,248,248,248,248,248,248,248,248,248,248,248,0
120000,1,2,2,30,-1,-1,-1,-1,-1,-1,2494,1991,1497,998,697,-103,1997,1506,1001,699,0,897,0
150000,2,1,2,24,0,0,0,0,0,0,52824,15214,16452,17281,18576,18783,4000,2000,2000,2000,2000,3000,0
50000,1,2,1,47,-1,-1,-1,2,0,-1,390,390,780,780,390,390,390,780,390,0,390,0,0
50000,2,3,2,28,0,0,0,0,0,0,52775,54397,55328,42511,31032,34510,2500,2000,2000,5000,4000,3000,1
160000,2,2,1,37,0,0,0,0,0,0,138594,134736,97629,100398,102606,104864,3755,3676,3637,3000,3040,2938,0
310000,2,3,1,37,-2,-2,-2,-2,-2,-2,4052,6514,-3484,-3484,-3484,13833,6514,0,0,0,17317,0,0
270000,1,3,1,47,0,0,0,0,0,0,161999,165303,168837,172281,175705,179582,6000,6200,6254,6290,6710,8250,0
50000,2,2,1,47,0,0,0,0,0,0,48433,49664,49405,47522,28711,28060,3500,2013,1863,1006,1300,2500,0
100000,1,2,1,46,1,2,2,0,0,0,22648,23978,23312,24617,25109,25654,2000,0,2000,1200,1100,1200,1
140000,1,2,2,29,0,0,0,0,-2,-2,132629,55185,56000,0,0,0,5000,2000,0,0,0,0,0
280000,1,1,2,31,-2,-2,-2,-2,-2,-2,-1,-1,-1,-1,-1,219,0,0,82150,0,220,1124,0
200000,2,2,1,37,0,0,0,0,0,0,114480,117791,123108,124327,127011,134519,5000,7000,4500,4500,9500,5000,0
30000,2,2,1,32,1,-2,-2,-2,-2,-2,0,0,0,0,0,0,0,0,0,0,0,0,1
120000,2,3,1,38,0,0,0,0,0,0,111098,114863,118038,118805,59210,61267,5600,6500,5000,3000,3000,3000,0
450000,2,3,2,44,-2,-2,-2,-2,-1,-1,11150,4281,0,2442,14234,-2988,4281,0,2442,14234,452,0,0
30000,1,1,1,31,1,2,2,2,2,2,14107,14779,14252,16205,15647,17091,1200,0,2200,0,1700,0,1
120000,1,1,2,31,0,0,0,0,0,0,64670,68574,71849,74974,83137,51377,5000,5000,5000,10000,5000,5000,0
270000,2,1,2,37,-2,-2,-2,-2,-2,-2,7842,6380,16098,1350,558,0,6380,16098,1350,558,0,128934,0
200000,2,2,2,33,0,0,0,0,0,0,64932,66223,68261,69133,70689,72201,2365,3100,2600,2700,2800,2700,0
300000,1,2,2,47,0,0,0,0,0,0,109274,110453,115453,118522,118586,118179,3000,5000,5013,4514,4220,4008,0
330000,2,3,1,50,-1,-1,-2,-2,-2,-1,2064,0,0,0,0,324,0,0,0,0,324,0,0
120000,2,2,1,24,0,0,0,0,0,0,56324,28542,13590,11501,10151,11171,3000,5007,3200,2000,3000,0,0
630000,1,2,1,46,0,0,0,0,0,0,125975,91247,81317,146005,146207,106467,3416,4300,84700,4211,4470,3600,0
90000,1,1,1,37,0,0,0,0,0,0,91641,85906,87138,87141,66964,65898,3100,4300,3900,2313,2378,2647,0
50000,2,3,1,44,1,2,3,2,4,3,13112,14679,15143,16892,16341,15798,2100,1000,2300,0,0,0,1
180000,2,3,1,39,1,-2,-2,-1,3,2,0,0,0,300,300,150,0,0,300,0,0,645,0
160000,1,2,1,39,0,0,0,0,0,2,14658,15666,16694,17697,19023,18584,1258,1286,1289,1615,0,1000,1
70000,2,1,2,37,0,0,0,0,0,0,64860,64533,48493,48824,19000,39000,2200,3000,1400,500,20000,0,0
380000,2,1,1,43,-1,-1,-1,-1,-1,-1,18866,20840,188,2172,5173,5446,20884,188,2172,5173,5446,2045,0
340000,1,1,2,29,-1,0,0,0,0,0,44855,331641,331334,286660,263505,268256,300039,13214,12005,13005,10011,12005,0
90000,2,2,1,31,0,0,0,0,-2,-2,19929,17671,7870,0,0,0,1500,1000,0,0,3000,40000,0
500000,2,1,2,37,-2,-2,-2,-2,-2,-2,747,0,0,989,0,0,0,0,989,0,0,880,0
50000,2,3,2,52,0,0,0,0,0,0,47670,48447,49493,48497,18930,19329,1954,2000,20567,1000,664,1000,0
210000,2,2,2,54,0,0,0,0,0,0,197324,201977,205800,205590,98572,90521,8000,11000,6000,4098,3500,3000,0
30000,2,1,2,22,-2,-2,-2,-2,-2,-2,8066,4869,3781,1991,3951,2612,4869,4000,1991,3951,2612,2668,0
80000,1,2,1,43,0,0,0,0,0,0,78726,78837,76792,61435,26516,27215,3000,3000,3000,1500,1500,1500,0
160000,1,1,2,30,0,0,0,0,0,0,143457,134345,77045,69659,70186,75249,5237,3034,3010,5011,10006,8070,0
170000,2,2,2,36,-2,-2,-2,-2,-2,-2,2848,1941,0,0,0,0,1941,0,0,0,0,0,0
480000,2,1,1,43,0,0,0,0,0,0,276681,282328,288120,294000,300000,3493,5647,5792,5880,6000,3493,21308,0
260000,1,1,2,30,0,0,0,0,0,0,27855,28307,27842,25366,19533,14214,1259,1305,1113,528,406,211,0
200000,2,2,2,24,0,0,0,0,0,0,52143,53186,55929,194441,146190,141550,1910,3600,141000,5100,5200,5100,0
290000,1,2,1,46,0,0,-1,0,0,-1,31824,20578,13505,13386,12536,5850,1529,13505,6000,5000,6000,0,0
100000,2,3,2,50,0,0,0,2,0,0,82397,84027,88734,86369,89994,89681,3004,7500,0,5001,3390,4000,0
220000,2,2,1,33,0,0,0,0,0,0,204144,175748,172758,175030,174122,175472,6500,6300,7700,6300,6300,6150,0
200000,1,1,2,42,0,0,0,0,0,0,161514,163340,168701,172074,173907,184067,6000,8000,8000,6500,13500,0,1
500000,2,2,1,45,1,-1,-1,-1,-2,-2,0,1376,3719,-200,-200,-200,1376,3723,1319,0,0,0,1
350000,2,1,1,33,0,-1,-1,-1,-1,-1,82964,68532,17926,17966,30741,31088,68940,18018,18058,30897,31244,88461,1
50000,1,2,2,29,0,0,2,0,0,0,48632,52100,50611,50411,19722,19682,4600,0,2200,900,800,800,0
20000,2,2,2,33,0,0,0,0,0,0,11635,12604,12870,12726,13336,2496,2000,1308,1000,1000,50,0,0
300000,1,3,1,45,-1,-1,-1,2,-1,0,836,390,780,390,780,780,390,780,0,780,0,0,0
30000,2,1,2,23,2,0,0,0,0,0,25366,26554,27435,28270,28632,30193,2000,2000,2000,1500,2400,1100,1
140000,2,1,1,56,3,2,2,3,3,3,450,450,450,450,1450,1150,0,0,0,1000,0,0,1
500000,2,2,1,38,-1,-1,0,0,0,0,250,1384,6324,7353,5536,8321,1384,5000,1224,3003,3506,3552,0
410000,1,1,1,38,-1,-1,-1,-1,-2,-2,499,0,35509,0,0,0,0,35509,0,0,0,0,0
210000,2,1,2,33,-2,-2,-2,-2,-2,-2,1723,0,0,0,0,0,0,0,0,0,0,0,0
80000,2,2,1,35,1,2,2,2,0,0,78959,76699,81477,79035,28503,29711,0,6800,0,1000,2000,1500,1
500000,1,1,1,31,1,-2,-2,-2,-1,0,0,0,0,0,881,881,0,0,0,881,0,0,1
30000,2,1,2,46,0,0,0,0,2,0,18910,20592,21949,24116,23430,25044,2000,2000,2535,0,2000,2300,0
20000,1,2,1,24,1,4,3,2,2,2,17611,18038,17473,16900,17690,18255,1000,0,0,1376,1000,649,0
60000,1,2,1,40,0,0,0,0,0,0,53896,53640,51608,52642,52806,53530,2500,2500,2500,2000,2100,2200,0
260000,2,2,1,37,0,0,0,0,0,0,182249,181433,180660,179052,177072,175285,6107,6501,6005,5805,5909,6106,0
180000,2,1,1,36,0,0,0,0,0,0,4911,6688,8432,9977,10030,10836,2000,2000,2000,500,1100,0,0
100000,2,1,2,28,-2,-2,-2,-2,-2,-2,-177,-207,1050,0,0,0,0,1257,0,0,0,0,0
140000,2,2,2,24,-1,-1,-1,-2,-1,0,22732,6624,-514,-1334,2125,1606,6624,0,0,3731,0,0,0
240000,2,2,2,59,0,0,0,0,0,0,230026,239796,231230,196471,190004,161867,20000,12000,7000,8000,6000,6205,0
50000,2,3,1,51,0,0,0,0,0,0,22000,20454,21899,20895,11241,-861,2000,2100,2000,1000,0,39500,1
90000,2,1,2,28,0,0,0,2,2,2,38355,39413,41181,41701,44000,45651,1700,2404,1500,3000,2500,600,0
80000,2,2,1,34,-1,-1,-1,-1,0,-1,1383,5030,1964,7541,3201,5026,5030,1964,7568,0,5026,2371,0
280000,2,2,2,28,0,0,0,0,0,0,119587,122015,130286,130705,132964,136400,4411,10282,3006,2659,3436,1000,0
80000,2,2,1,37,2,2,2,2,2,-2,1662,3347,4140,3920,0,0,2427,1000,0,0,0,0,1
70000,2,3,1,48,1,2,0,0,0,0,9518,9217,10557,11576,12383,13180,0,1500,1200,1000,1000,500,1
640000,2,2,2,39,0,0,0,0,0,0,119887,123223,119211,118722,105197,93921,10000,10000,10535,15000,5000,13627,0
80000,2,1,1,38,-1,-1,-1,-1,-1,-1,2226,6259,1393,1627,5189,10747,6259,1393,1627,5189,10747,4412,0
50000,2,3,2,28,0,0,0,0,0,0,52775,54397,55328,42511,31032,34510,2500,2000,2000,5000,4000,3000,1
130000,1,3,1,38,0,0,0,0,-1,0,6360,5375,5476,6931,99416,99702,1088,1189,2646,104590,3358,3314,0
20000,1,2,2,24,2,2,2,0,0,-1,17996,19102,19117,19664,10000,4060,2100,1000,1000,1100,4060,0,1
230000,2,2,1,28,2,2,2,2,2,2,35610,38701,35043,35678,36730,35994,3706,0,1513,1730,2000,9000,1
150000,2,2,1,49,1,-1,-1,-1,-1,-1,0,970,8867,0,600,0,970,8867,0,600,0,0,0
280000,2,3,1,45,0,0,0,0,0,0,294995,316345,334612,262625,172344,182776,26345,24612,22625,12344,12776,11852,0
20000,2,2,2,38,1,4,3,2,0,0,21769,21139,20521,19817,14932,10812,0,0,0,448,380,345,0
20000,1,3,1,30,0,0,-1,-1,-1,-2,16925,12216,1179,1536,-301,-301,1000,1179,1536,0,0,0,1
50000,1,2,2,23,0,0,0,0,0,0,48241,49445,51060,50033,9298,7877,2000,2412,5178,5500,500,500,1
200000,2,2,1,33,0,0,0,0,0,0,15126,14633,14918,16992,8967,8494,3000,2000,5000,2000,1000,2000,0
20000,1,2,1,52,0,0,0,0,0,0,16361,17368,18546,19283,14821,0,1285,1463,1200,296,0,0,0
320000,2,1,2,30,-1,-1,-1,-1,-1,-1,10283,2488,5187,11735,2280,9404,2488,5209,11735,2280,9404,3660,0
30000,1,2,2,23,0,0,-2,-2,-2,-2,41300,0,0,0,0,0,0,0,0,0,0,0,0
50000,1,2,2,44,0,0,0,2,0,0,47674,45472,51447,49895,20317,19460,1764,6739,29,700,704,705,0
100000,2,1,2,26,1,-1,-1,-1,-1,-1,0,632,0,316,632,0,632,0,316,632,0,316,0
70000,2,2,1,37,0,0,0,0,2,0,66447,66759,68200,72972,71248,50610,2391,2518,5950,0,1782,1985,1
420000,1,1,1,40,-1,-1,-1,2,2,-2,4110,-150,6254,6023,0,0,0,6404,20,0,0,0,0
180000,2,1,2,35,-2,-2,-2,-2,-2,-2,7210,370,8479,792,3826,1997,370,8875,792,3826,1997,396,0
360000,2,3,1,30,1,-1,-1,-1,-1,0,-16,1621,458,0,282,282,1637,458,0,282,0,0,0
20000,2,2,2,44,0,0,0,0,0,0,18578,19928,18677,18503,17231,15410,2000,2000,2000,1100,1586,506,0
230000,2,1,1,32,-2,-2,-2,-2,-2,-2,2774,0,0,0,0,5347,0,0,0,0,5347,0,0
50000,1,1,1,25,0,0,0,2,0,0,47053,5472,5891,6595,8400,4041,2000,1500,1000,2000,1000,1000,0
290000,2,1,2,35,-2,-2,-1,-1,0,0,2348,10421,566,12008,19820,17135,10421,566,12008,8012,343,2630,0
110000,2,3,1,64,0,0,0,0,0,0,83050,85550,76793,13062,12609,12638,4000,3275,3028,3000,2000,2000,0
80000,2,1,2,23,2,2,2,0,0,0,84052,84787,77572,77123,49823,50680,7100,0,3500,2500,2000,2000,1
80000,1,3,1,41,1,-1,0,0,0,-1,-1645,78379,76304,52774,11855,48944,85900,3409,1178,1926,52964,1804,1
380000,2,2,2,38,0,0,0,0,0,0,250755,212839,173199,165476,122496,117726,8339,7032,7986,4170,4205,9335,0
420000,2,1,1,32,-1,-1,-2,-2,-2,-2,8871,358,0,0,20,0,358,0,0,20,0,0,0
50000,2,2,1,36,0,0,0,0,0,0,30803,30578,30362,30764,30065,30179,1477,1546,1453,1039,1066,1421,0
170000,2,2,2,51,0,-1,-1,-1,-1,-1,1606,1420,1420,1420,1420,3464,1420,1420,1420,1420,3464,1420,0
280000,2,2,2,24,-1,-1,-1,-1,-1,0,316,316,3861,316,10800,9099,316,3861,316,10800,382,5000,0
300000,2,1,2,29,0,0,0,0,0,0,45117,43460,14291,7331,10018,6213,1281,1093,1000,5014,2000,1000,0
230000,2,2,1,45,-1,-1,-1,-1,-1,0,12047,17091,8743,31886,14893,8343,17094,8786,32467,14893,0,8968,0
420000,2,1,1,32,-1,-1,-2,-2,-2,-2,8871,358,0,0,20,0,358,0,0,20,0,0,0
60000,2,3,1,48,0,0,0,0,0,0,49890,51060,52236,54362,55458,56767,2000,2000,3000,2000,2200,2500,0
30000,1,3,2,35,0,0,0,0,0,0,27224,28359,27458,26539,28556,28621,2001,5101,2002,3031,3095,2175,0
200000,2,1,2,29,-2,-2,-2,-2,-2,-2,8695,14323,44326,9353,11156,17725,14329,44452,9355,11156,17725,9289,0
230000,1,1,2,39,-1,-1,-1,-1,2,-1,260,834,-150,517,53,603,1000,0,667,0,700,10200,0
280000,1,2,1,30,-1,3,2,-1,-1,-1,652,652,326,476,2482,-101,0,0,476,2482,101,326,0
310000,2,2,1,44,-1,0,0,0,0,0,67423,67729,113788,106919,100656,93846,10000,56000,5000,4000,3300,5000,0
180000,2,2,1,41,-1,-1,-1,-1,-1,-1,4351,11953,9380,3070,8263,12663,12069,9443,3262,8302,12668,5502,0
60000,1,2,2,24,0,0,0,0,0,0,58197,47537,46576,41376,36959,35508,3000,3010,3004,3000,3000,3000,0
80000,1,2,2,32,-1,-1,-1,-1,-1,-1,2976,13384,2255,1830,2647,11083,13424,2267,1835,2655,11116,4020,0
210000,1,3,1,49,0,0,0,0,0,0,27984,27686,29209,28326,26198,25020,1500,2000,1500,1000,1500,1300,0
200000,2,1,1,40,-1,-1,-1,0,0,-1,5853,6549,9389,18475,1016,4934,6567,9421,14068,3,4948,7770,0
80000,2,3,1,50,0,0,0,-1,-1,-1,55070,57863,54382,773,-5857,57071,5012,7450,5000,1630,69794,15000,0
120000,2,2,1,39,-2,-2,-2,-2,-2,-2,280,6192,2134,0,0,0,6192,2142,0,0,0,0,0
210000,2,1,1,44,0,0,0,0,0,0,89519,50144,52148,50723,43200,17556,20033,10000,5012,1251,2007,10125,0
30000,2,2,2,25,0,0,0,0,0,0,21020,21207,21403,21074,21289,21425,2000,2000,1500,2000,1000,1000,1
160000,2,2,1,49,-1,-1,2,0,0,2,16982,21353,20723,21873,25999,26377,4980,0,1500,4520,939,0,0
180000,2,3,1,46,-1,2,-1,0,0,0,10456,7326,8469,6591,5244,2174,357,8510,5244,2174,0,3371,1
180000,2,1,2,28,-1,-1,-1,-1,-1,-1,26000,5480,5960,600,6800,12627,5488,5960,600,6800,12627,0,0
30000,2,3,1,44,0,0,0,0,0,0,29263,27516,28133,28780,28756,29566,1441,1597,1634,1000,1124,1223,0
30000,2,2,2,31,0,0,0,0,0,0,28651,28716,26570,26829,26839,27449,1800,2000,1600,1000,1000,1000,0
170000,2,2,1,35,0,0,0,0,0,0,96565,62524,88390,63470,55890,51650,30580,50000,24517,14243,7852,4835,0
490000,2,1,2,34,0,0,-1,-1,-1,-1,19036,14474,3404,14445,7672,2295,5038,3404,14445,7672,2295,9004,0
230000,1,3,2,34,0,0,0,0,0,0,137122,138268,127797,130490,110153,112253,6700,6500,6513,4601,5000,5000,0
230000,2,1,1,35,0,0,-2,-2,-2,-2,22909,0,0,0,0,0,0,0,0,0,0,0,0
230000,1,1,2,34,-1,-1,0,0,0,0,23396,25723,49223,66006,47412,29290,25748,30029,27417,1016,640,260,0
230000,2,1,2,33,1,-1,-1,-1,0,0,-3,4532,0,6264,6392,2538,4535,0,6264,128,0,407,0
20000,2,2,2,35,0,0,0,0,0,0,15852,16861,17884,18590,18959,19347,1579,1602,1308,677,692,1577,1
140000,1,1,2,31,0,0,0,0,0,0,128036,106657,45887,137487,111602,111552,4180,2800,100005,3800,3990,4285,0
40000,1,1,2,26,0,0,0,0,0,0,21651,19279,19076,15838,17616,11081,5009,5000,1560,7000,497,2000,0
50000,2,1,2,23,1,-1,2,0,0,0,-69,7721,3079,7095,7237,6446,7790,0,4095,245,234,266,1
70000,1,2,1,45,0,0,0,0,0,0,67062,68622,28236,30750,35205,37466,3000,1500,3000,5000,3000,5000,0
350000,2,1,2,31,-1,2,-1,-1,-1,-1,403,403,1351,4656,0,1190,0,1351,4677,0,1190,150,0
20000,1,2,2,37,1,2,0,0,0,0,14440,13916,15376,18075,18830,20423,0,2000,3000,1000,2000,0,1
480000,2,1,2,34,-1,-1,-1,0,-1,-1,19810,3478,7782,4720,4440,96628,3495,8037,4523,4462,96665,6865,0
230000,1,2,1,60,0,0,0,0,0,0,131550,132114,133281,123958,124474,120570,6057,4845,4291,4115,4274,4054,0
50000,1,2,1,29,1,2,0,0,0,2,23451,22781,24108,25203,26681,26117,0,2000,1800,2200,0,2250,1
90000,2,2,1,33,0,0,0,0,0,0,77379,67092,61071,44821,24653,25254,2500,3908,2100,884,1000,1000,0
110000,1,1,2,26,0,0,0,0,0,0,65215,130746,69834,71245,72199,73711,2375,10000,3170,2735,2829,3138,0
340000,1,3,1,43,0,0,2,2,0,0,251135,268949,283400,277335,282890,304280,22000,20251,0,10176,26000,12000,0
80000,2,3,1,48,2,2,2,2,0,0,66321,63695,33283,22442,15553,5593,0,6056,652,517,0,27,0
100000,2,2,1,31,0,0,0,-2,-1,-1,95160,94327,0,0,2743,1782,2000,0,0,2743,1782,0,0
280000,2,2,1,51,2,2,2,2,0,0,258764,279451,280882,218619,201679,195934,25000,7500,0,6500,7000,6000,0
100000,1,2,1,39,0,0,-2,-2,-2,-2,91300,0,0,0,0,0,0,0,0,0,0,0,0
100000,2,2,2,40,2,0,0,2,2,2,40626,41945,45247,45208,46160,48268,2000,4000,1000,2000,3000,0,1
300000,2,2,2,36,-1,-1,-1,0,0,0,8310,2592,77000,78718,80908,90495,2592,77000,3000,3500,11100,0,0
30000,1,3,2,53,0,0,0,0,0,0,29683,26328,27422,28307,28902,29506,1426,1520,1405,1000,1006,1451,0
240000,1,2,1,37,0,0,0,0,0,0,11278,14070,15535,17734,19734,8561,3000,2000,3000,2000,2000,0,0
440000,2,1,2,33,0,0,0,0,0,0,164269,160608,150150,139178,123627,48175,5666,5802,3577,2955,12000,1025,0
30000,2,2,2,25,0,0,0,0,0,0,30523,30554,30593,30619,29146,29823,2000,2000,1700,1200,1300,1300,0
200000,1,3,1,49,0,0,0,0,0,0,51437,52580,53732,54837,56025,59511,2000,2000,2000,2100,4400,0,0
20000,1,3,2,48,0,0,2,2,0,0,13543,16434,17452,16879,17059,17263,3132,1577,0,757,628,700,1
90000,2,2,2,23,0,0,0,0,-1,-1,88015,69701,52046,42541,8571,4653,5640,16021,13280,8571,19653,12000,0
50000,2,2,1,36,0,0,0,0,0,0,46714,47404,48786,49768,27838,84810,1766,2148,2130,1200,1012,2034,0
310000,2,3,2,38,-2,-2,-2,-1,0,0,-41,8198,342,41726,15051,8663,8239,344,41884,5025,40,3,0
80000,2,2,1,37,2,2,2,2,2,-2,1662,3347,4140,3920,0,0,2427,1000,0,0,0,0,1
150000,2,4,2,31,-2,-2,-2,-2,-1,2,9846,5345,0,0,1493,159,5345,0,0,1493,0,1119,0
230000,1,2,2,30,0,0,0,0,0,0,115141,101832,92396,84297,49681,46224,5028,5000,4000,2029,2000,2500,0
120000,2,1,2,34,0,0,0,-1,-1,-1,8113,8796,12210,3095,0,2873,2000,5312,3095,0,2873,0,0
60000,1,3,2,31,2,2,2,2,0,0,31649,30841,34336,33489,35615,38027,0,4000,0,3000,3000,2000,1
400000,1,1,1,38,-2,-2,-2,-2,-2,-2,23052,7754,13052,12639,12315,7831,8025,13972,13046,13040,7923,14533,0
120000,2,3,2,32,-1,0,0,0,0,0,66551,67876,69903,71446,79589,81354,2429,3120,3300,10000,3200,3200,0
180000,2,1,1,36,0,0,0,0,0,0,4911,6688,8432,9977,10030,10836,2000,2000,2000,500,1100,0,0
220000,1,3,2,33,0,0,0,0,0,0,62770,86968,57675,75892,49548,35530,40000,25000,25000,10000,10000,10000,0
50000,1,2,2,44,0,0,0,2,0,0,47674,45472,51447,49895,20317,19460,1764,6739,29,700,704,705,0
80000,2,2,1,28,0,0,0,0,-1,0,150651,52233,81162,71470,28718,27813,3905,81000,1513,47921,10000,2001,0
10000,1,2,2,23,0,0,0,0,0,0,4304,5324,6509,7313,6469,6988,1100,1279,1083,500,1000,1000,0
30000,2,2,2,22,0,0,2,0,0,0,30028,30566,30560,30194,30113,23212,2634,1000,1377,1211,1000,3690,0
50000,2,3,2,44,2,2,2,2,2,2,40985,42115,41164,43658,44644,43798,2100,0,3500,2000,0,2000,1
210000,1,2,1,31,-1,-1,2,-1,-1,-1,1748,2488,740,2048,740,740,2488,0,2048,740,740,740,0
80000,1,2,2,30,0,0,0,0,0,0,64330,65813,66282,67285,68309,71830,2934,2500,2500,2500,5000,3000,0
200000,2,1,2,35,0,0,0,0,0,0,65503,66805,68726,70586,72409,73926,2394,3000,3000,3000,2685,2100,0
200000,1,1,2,27,-1,-1,-1,0,0,0,3592,3622,7990,10392,7042,5692,3622,7990,6000,0,2000,5000,1
100000,2,2,1,43,0,0,0,0,0,-2,94713,97503,100138,99000,0,0,4366,5100,2000,0,0,0,0
260000,2,3,2,27,0,0,0,0,0,0,106164,105133,100606,93022,61746,47819,3834,4523,3154,2025,1709,2011,0
360000,2,2,2,40,-1,-1,-1,-1,0,0,9325,10741,45619,37459,31747,26899,10741,46378,46347,0,0,19607,0
20000,1,2,2,24,2,2,2,0,0,-1,17996,19102,19117,19664,10000,4060,2100,1000,1000,1100,4060,0,1
50000,2,2,1,36,0,0,0,0,0,0,46714,47404,48786,49768,27838,84810,1766,2148,2130,1200,1012,2034,0
160000,2,2,1,41,1,-1,-1,-1,-1,-1,0,1496,1496,1496,1496,1496,1496,1496,1496,1496,1496,1496,0
50000,2,2,2,41,2,-1,2,2,-2,-2,390,780,780,0,0,0,780,0,0,0,0,0,1
300000,1,1,1,35,-1,-1,-1,-1,-2,-2,1246,1217,338,0,0,0,1217,338,0,0,0,0,0
200000,2,1,2,43,-2,-2,-2,-2,-2,-2,-109,-109,-109,-109,-109,-109,0,0,0,0,0,0,1
400000,2,2,2,43,-2,-2,-2,-2,-2,-2,15000,18400,15000,492,14926,7626,18400,15000,492,15000,7725,3000,0
220000,2,1,2,32,0,0,0,0,0,0,217636,221834,222830,195121,169396,173875,8000,18000,7000,6000,7000,6100,0
140000,1,1,2,30,-1,-1,-1,2,2,-1,1800,1885,4158,2021,-372,628,1885,4158,0,0,2000,0,0
100000,1,1,1,40,2,2,0,0,0,0,27002,26274,27045,28598,30131,32356,0,1500,2000,2000,2700,1300,1
270000,2,1,2,26,0,0,0,0,0,0,209164,201798,186008,173810,159418,139200,6429,5959,6863,3762,3907,4207,0
20000,1,3,1,53,3,4,3,2,3,2,15507,14974,14449,15116,14582,14206,0,0,1200,0,0,2230,1
410000,1,2,1,46,2,2,2,2,2,0,71532,73643,72083,76603,74964,76370,3700,0,6147,0,2577,2747,1
400000,2,3,1,44,0,0,0,0,0,0,35504,36680,35670,30364,28085,28708,5025,5044,2514,988,2004,5000,0
170000,2,3,2,47,-1,-1,-1,-1,-1,-1,16089,5454,8846,920,380,4765,5455,8866,921,381,4801,1632,0
240000,2,2,1,28,2,2,2,2,2,0,191137,210333,206332,214981,194817,186895,24000,0,12014,0,5307,5001,1
150000,2,1,1,38,-2,-2,-2,-2,-2,-2,1544,463,1481,21640,2636,4346,463,1481,21643,2636,4346,0,0
390000,1,1,2,27,0,0,0,0,0,0,59917,73806,75614,77358,86007,88601,15000,3000,3000,10000,4000,4000,0
360000,2,3,2,39,1,-2,-2,-2,-2,-2,0,0,271,-1,560,0,0,271,0,561,0,0,0
70000,2,3,1,44,0,0,0,0,0,0,9195,2301,3344,4303,4243,5248,1041,1084,1043,1000,2000,2000,0
240000,2,3,2,28,2,2,2,0,0,0,242837,246989,204769,62670,10408,10848,10000,0,2806,500,562,303,1
100000,1,1,2,37,2,2,0,0,2,2,38604,37688,38780,43592,44117,45165,0,2000,5800,1540,1900,1700,1
60000,2,3,2,26,-1,2,-1,-1,0,0,4837,3642,6232,6444,3783,3219,0,6472,6444,3219,0,0,0
290000,2,1,1,32,-2,-2,-2,-2,-2,-2,4340,3686,3094,8164,1509,8262,3686,3112,8164,1509,8262,2032,1
80000,2,2,2,34,1,-2,-1,-1,-1,0,-3,-3,1266,1347,2495,1248,0,1269,1351,2498,3,0,0
80000,2,3,1,43,0,0,0,0,0,0,71604,73316,75039,76597,78712,81365,3500,3500,3400,4000,4000,3000,0
170000,1,3,1,46,-1,-1,-1,-1,-1,0,1804,1804,1804,1804,3608,1804,1804,1804,1804,3608,0,1804,1
180000,2,1,1,44,0,0,0,0,0,0,138701,140009,143053,145695,143705,133883,5100,5297,5128,4869,4960,5177,0
60000,1,2,2,26,0,0,0,0,0,0,58072,59040,57416,55736,26958,28847,2282,2324,2049,2000,3000,1120,1
140000,2,2,1,34,1,-2,-2,-2,-2,-2,0,0,0,0,0,0,0,0,0,0,0,0,0
180000,2,1,1,36,0,0,0,0,0,0,4911,6688,8432,9977,10030,10836,2000,2000,2000,500,1100,0,0
230000,2,1,2,44,0,0,0,0,0,0,230101,224517,223544,147971,61570,80279,10125,12966,5506,1623,80000,105451,0
110000,1,1,2,29,0,0,0,0,0,0,106698,104546,100272,92615,92657,93364,6000,4800,4300,3600,3500,3600,0
100000,2,1,2,30,-1,-1,-1,-1,-2,-2,430,35993,2772,0,0,0,35993,2772,0,0,0,0,0
230000,1,1,2,39,-1,-1,-1,-1,2,-1,260,834,-150,517,53,603,1000,0,667,0,700,10200,0
160000,2,2,3,27,0,0,-1,0,0,0,11442,7257,15770,27024,14490,8190,1000,15793,11000,6000,1000,10312,0
80000,2,2,1,47,0,0,0,0,0,0,78849,27733,28009,28977,28756,28962,1433,1489,1457,1016,1046,1211,0
60000,1,2,2,25,2,0,0,0,0,0,60760,60011,61333,60082,38897,39422,2740,2893,2210,938,1188,0,1
160000,1,2,2,33,0,0,0,0,0,0,78859,81539,84216,86812,87679,90264,4000,4000,4000,3200,4000,4000,0
610000,1,1,2,31,0,-1,2,-1,-1,-1,348392,322228,319014,347303,248893,269528,323014,1605,349395,250144,271099,220076,0
50000,2,3,1,58,0,0,0,0,0,0,7308,7987,8582,9719,9692,9663,1200,1500,1300,500,500,500,0
120000,1,2,2,27,0,0,0,0,0,0,29344,33474,29029,26523,20554,19348,5053,1789,2037,659,802,640,0
500000,1,1,1,37,0,0,2,0,0,0,474934,507062,491956,430637,376657,356636,40024,325,15296,12137,12312,14113,0
60000,2,2,2,31,2,2,2,2,0,-1,57880,56355,59327,35305,17655,77775,0,4058,34,3000,40793,4952,1
200000,2,2,1,27,0,0,0,0,0,0,157222,160320,162140,165431,168726,172430,7200,5888,5990,6031,6415,6301,0
190000,1,1,1,50,2,2,2,2,2,2,36137,37143,38051,38827,39488,40208,1900,1800,1700,1600,1500,1600,1
20000,1,3,1,46,1,2,0,0,0,0,19450,18844,19853,19894,19993,20030,0,1626,1615,710,720,1587,0
50000,2,3,1,35,3,2,2,2,0,0,34440,32823,34699,30869,29890,29719,0,3511,0,1045,1066,1134,0
30000,2,2,2,25,0,0,2,2,2,2,23657,26568,27456,27915,27185,28806,3300,1600,1200,0,2200,0,1
220000,1,1,2,30,-2,-2,-2,-2,-2,-2,2895,-1,-1,300,90,2194,0,0,301,90,2204,547,0
180000,1,2,1,39,1,-2,-2,-2,-2,-2,0,0,0,0,0,0,0,0,0,0,0,0,0
280000,2,2,2,29,-2,-2,-2,-2,-2,-2,190601,4987,651,3126,3707,11225,4987,651,3126,3707,11225,10482,0
100000,2,3,1,44,2,2,0,0,0,2,12724,12228,13255,13959,14921,14539,0,1529,1233,1195,0,1300,1
130000,2,3,2,28,1,-1,-1,-1,-1,-1,0,14051,0,1358,1039,164,14051,0,1358,1039,164,167,0
310000,1,3,2,28,-1,2,-1,-1,-1,0,186,186,3550,653,14353,15932,0,3567,654,14428,15018,20000,0
50000,2,2,1,41,1,2,2,2,0,0,23165,21974,20544,17210,15754,10860,2000,2101,0,2201,1000,0,1
20000,1,2,1,52,0,0,0,0,0,0,16361,17368,18546,19283,14821,0,1285,1463,1200,296,0,0,0
290000,2,1,1,33,-2,-2,-2,-2,-2,-2,0,0,0,0,0,0,0,0,0,0,0,0,1
360000,2,1,1,48,0,0,0,0,0,0,202783,202036,202918,202197,199002,197781,10000,10000,10000,7500,8000,8000,0
180000,2,4,1,28,2,0,0,0,0,0,117328,115140,73730,64600,2500,0,4117,3504,3000,0,0,0,0
100000,1,1,1,35,1,2,-1,-1,0,0,3515,2975,2342,12016,10203,5323,10,3141,12021,135,507,6,0
180000,1,2,1,39,1,-2,-2,-2,-2,-2,0,0,0,0,0,0,0,0,0,0,0,0,0
50000,2,2,1,50,0,0,0,0,0,0,21956,20439,20691,17081,16234,16330,2000,1306,1206,1000,697,532,0
20000,2,2,2,44,0,0,0,0,0,0,18578,19928,18677,18503,17231,15410,2000,2000,2000,1100,1586,506,0
140000,2,3,1,33,0,0,0,0,0,0,136302,127178,78950,80457,41150,-10193,6000,5000,4000,2000,0,71000,0
90000,2,2,1,32,-1,2,-1,-1,-2,-1,3682,3472,33784,0,0,256,0,33812,0,0,256,3500,0
270000,2,2,1,43,0,0,0,0,0,0,135068,102743,100360,97583,91849,94824,5000,7000,4049,1000,5003,0,0
200000,1,1,2,28,-1,-1,-1,-1,-1,-1,5838,2256,9552,4215,3400,3286,2256,9588,5135,3487,3295,7791,0
80000,2,2,2,38,0,0,0,0,0,0,17816,18095,17374,14298,12259,10498,3000,2000,1000,2000,2000,2000,0
200000,1,1,2,30,0,0,0,0,0,0,46288,48205,49352,49682,50588,42629,3000,2300,2000,2000,1500,1189,0
320000,2,2,1,27,-2,-2,-2,-2,-2,-2,1175,0,0,0,5210,0,0,0,0,5210,0,0,0
520000,2,3,1,54,0,0,0,0,0,0,653062,671563,689627,706864,383160,294641,28500,30500,30000,15000,15000,0,0
210000,2,3,1,39,1,2,2,2,0,0,26624,25903,28719,27964,28364,28855,0,3550,0,1164,1100,1118,0
280000,1,2,1,30,-1,3,2,-1,-1,-1,652,652,326,476,2482,-101,0,0,476,2482,101,326,0
90000,2,2,2,34,0,0,0,0,0,0,30026,29239,14027,13559,14331,14948,2000,1518,1500,1000,1000,1000,0
390000,1,1,1,47,-1,-1,-1,-1,-1,-1,5768,8843,18982,11700,0,2978,8875,19051,11754,0,2978,0,0
550000,1,3,1,50,2,2,2,0,0,2,491810,534289,494690,504929,501474,446605,51500,0,19067,35696,0,18169,1
320000,2,1,2,29,0,0,0,0,0,0,42596,43548,33674,34259,62546,106857,1955,2020,1605,30039,65000,5000,0
500000,1,3,1,49,0,0,0,0,0,0,260991,214726,230250,188805,192229,2786,7890,20132,20004,7714,3000,1543,0
30000,2,2,2,23,2,2,2,2,2,2,12376,13475,12973,15144,14603,15767,1600,0,2700,0,1400,0,1
120000,2,1,1,46,0,0,0,0,0,0,28675,29392,30424,31437,32062,32734,1500,1509,1522,1147,1188,1194,0
50000,2,3,2,44,2,2,2,2,2,2,40985,42115,41164,43658,44644,43798,2100,0,3500,2000,0,2000,1
150000,1,2,1,48,0,0,0,0,0,0,118610,121098,123460,66902,68230,69661,4955,4947,3818,2442,2530,2538,0
120000,2,2,2,28,1,-2,-2,-2,-2,-2,0,0,0,0,0,0,0,0,0,0,0,0,0
10000,1,2,2,23,-2,-1,-1,-1,0,0,998,780,390,3622,3695,3126,780,390,3622,108,246,98,1
20000,1,3,1,40,3,2,2,2,2,2,300,300,300,300,300,300,0,0,0,0,0,0,1
50000,1,2,2,47,0,0,0,0,0,0,19949,19356,19849,20301,17951,17254,2000,2000,2000,1000,1000,1000,0
140000,2,2,2,26,0,0,0,0,0,2,271896,141057,144306,141949,141345,136379,14000,7200,19000,10400,0,4931,1
80000,1,2,2,48,0,0,0,0,0,0,74349,75524,77448,48108,39104,39526,3400,4000,2000,2000,1423,2200,0
250000,2,2,2,33,0,0,0,0,0,0,147934,149485,152678,157337,159719,163649,5500,5600,7200,6500,6500,6000,0
180000,2,2,1,32,0,0,0,0,2,0,151307,143025,140984,85948,80069,77462,6000,6000,8009,0,3000,3000,0
50000,1,3,2,44,0,0,0,0,0,0,48322,49057,48059,48097,8107,6934,3000,3000,3000,3000,3600,4800,0
70000,2,3,1,29,0,0,0,0,0,0,22438,24055,25359,26434,26993,28551,2000,2000,1500,1000,2000,1500,0
30000,1,2,1,33,0,0,0,0,0,0,59867,28357,29312,26404,25806,26325,1500,1433,1500,920,929,0,1
180000,2,1,1,36,0,0,0,0,0,0,4911,6688,8432,9977,10030,10836,2000,2000,2000,500,1100,0,0
90000,2,1,2,27,0,0,0,0,0,0,61799,62561,63069,62643,59265,59046,2400,2518,2514,2100,2500,2500,0
250000,2,2,2,28,-1,-1,-1,0,-1,-1,500,3344,2255,3183,2324,1657,3344,2255,1000,2324,1657,1416,0
250000,1,1,2,33,-1,3,2,-1,-1,-1,441,441,81,1540,3088,5680,0,0,5000,3088,3000,0,1
60000,2,2,2,23,0,0,0,0,0,0,56397,57112,58057,59006,39578,38973,2039,2250,2060,1506,1500,1500,0
50000,2,2,1,45,0,0,0,0,0,0,15240,16252,17678,18658,18784,18779,1574,2000,1290,806,824,697,0
160000,2,1,2,29,-2,-2,-2,-2,-2,-2,386,4194,196,7730,3113,3484,4194,196,7741,3113,3484,2475,0
80000,2,2,2,25,0,0,0,0,0,0,47836,49038,53158,48269,48019,46908,2000,5000,2000,2000,2000,2000,0
300000,2,1,1,42,1,-2,-2,-2,-1,3,-694,-694,0,0,694,394,0,694,0,694,0,0,0
50000,2,2,2,23,2,0,0,0,0,0,49441,45880,42621,21734,18775,19590,1998,2198,1300,655,1100,654,0
240000,2,1,2,29,-2,-2,-2,-2,-2,-2,28438,29923,7655,23918,265852,2225,29923,7655,23925,265852,2225,13478,0
80000,2,1,2,31,0,0,0,0,0,0,68613,69744,70313,71636,52471,53316,2600,3000,3000,2000,2000,2454,0
300000,2,1,1,31,-1,-1,-1,2,-1,-1,17641,2749,27838,4184,856,6781,2765,28773,0,856,6781,8462,0
170000,1,2,1,57,-1,-1,-1,-1,0,-1,792,-2604,396,792,396,396,0,3396,792,0,396,396,1
300000,2,2,2,30,0,0,0,-2,-2,-1,133115,41300,0,0,0,2538,2300,0,0,0,2538,47473,1
230000,1,1,1,38,-2,-2,-2,-2,-2,-2,7904,860,-3,-3,-3,-3,864,0,0,0,0,0,0
350000,2,1,2,31,-1,2,-1,-1,-1,-1,403,403,1351,4656,0,1190,0,1351,4677,0,1190,150,0
180000,2,1,1,39,-1,-1,-1,-1,-1,-1,892,6809,18390,13999,933,933,6846,18399,13999,933,933,993,0
250000,2,2,2,36,0,0,0,0,0,0,71012,60816,59328,57692,52811,49067,2200,3003,2800,1834,1850,3000,0
210000,1,1,2,35,0,0,-2,-2,-2,-2,103632,-36,-18,-18,-18,-18,0,0,0,0,0,0,0
50000,1,2,2,29,1,2,0,0,0,0,50845,48750,103486,50590,50248,49387,0,6556,3250,1563,1208,781,0
340000,2,2,1,57,-1,-1,-1,-1,-1,-1,16729,8942,10301,20793,14817,4614,8942,10321,20793,14817,4614,7005,0
80000,2,2,2,23,0,0,0,0,0,0,51980,36668,39291,43476,46115,42129,6670,5000,5002,4003,3000,3002,0
30000,2,2,1,43,-1,-1,-1,-1,-2,-1,10443,4503,9000,0,0,5394,4503,9000,0,0,5394,6171,0
200000,2,1,2,33,0,0,0,0,0,0,196304,195766,195191,182027,139901,135720,9000,8939,8099,5000,5000,5000,0
60000,2,2,3,29,0,0,0,-1,-1,-1,4134,3596,3801,694,531,531,1200,1000,2694,531,531,681,0
500000,2,2,1,50,0,0,0,2,0,0,290301,296479,306661,306438,298068,293489,11000,15000,10000,10003,10000,11000,0
170000,2,1,2,30,0,0,0,0,0,0,171992,168531,171440,174643,165584,169230,6027,6300,8451,6000,6320,6700,0
260000,1,2,1,31,-1,2,-1,-1,-1,-1,7559,4860,1350,4645,4625,12209,0,1350,4645,4625,12209,4365,0
50000,1,2,2,30,1,1,-1,2,2,0,13745,-4338,46881,47832,46783,47890,125,52000,2000,0,2000,3700,0
430000,2,1,2,36,0,0,0,0,0,0,258212,232225,237297,240682,245337,242481,10500,10300,9000,8541,9054,8543,1
390000,1,1,2,27,0,0,0,0,0,0,59917,73806,75614,77358,86007,88601,15000,3000,3000,10000,4000,4000,0
150000,2,1,2,34,1,-1,-1,-2,-2,-2,0,53,0,0,0,0,53,0,0,0,0,0,0
210000,1,2,1,38,2,0,0,0,0,0,196426,194724,193397,195027,199236,203241,8405,8495,7800,7378,7800,6900,1
200000,2,3,1,28,-2,-2,-2,-2,-2,-2,86,7024,1466,1466,479,2448,7066,1473,1473,486,3442,12,1
20000,2,2,1,42,0,0,0,0,0,3,6336,7350,8370,9380,10078,10072,1125,1145,1154,852,150,0,1
150000,2,2,2,44,2,2,0,0,0,0,168179,159008,157164,155109,153033,156636,0,5684,5538,5410,11000,0,1
300000,2,1,2,32,0,0,0,0,0,0,169223,179223,199223,202486,200935,-6,10000,20000,11022,4935,6,2844,0
230000,2,1,2,24,-1,0,0,0,-1,-1,5883,7923,5418,0,2000,987,7000,1000,0,2000,987,1951,0
400000,2,1,1,29,0,0,0,0,0,0,5074,4097,7716,12538,17305,22499,1097,3716,5000,5000,5668,7000,0
20000,1,3,1,46,1,2,0,0,0,0,19450,18844,19853,19894,19993,20030,0,1626,1615,710,720,1587,0
20000,1,1,2,30,-1,-1,3,2,0,0,323,24910,22469,21780,20363,20199,26703,0,0,1000,800,1000,1
400000,1,1,1,38,-2,-2,-2,-2,-2,-2,23052,7754,13052,12639,12315,7831,8025,13972,13046,13040,7923,14533,0
120000,1,1,2,31,0,0,0,0,0,0,64670,68574,71849,74974,83137,51377,5000,5000,5000,10000,5000,5000,0
20000,1,2,2,34,0,0,0,0,0,-1,13730,15170,15277,13478,16978,12914,2000,2000,1000,5000,12914,600,0
110000,2,1,2,29,1,2,0,0,0,0,113093,106321,107630,106354,79154,69988,3,4334,4250,2946,2506,2458,0
360000,1,1,1,53,-2,-2,-2,-2,-2,-2,826,4741,6336,937,766,1065,4765,6395,941,769,1070,1088,0
130000,1,2,2,27,0,0,0,0,0,0,84579,86256,88093,89837,91625,92822,3084,3224,3236,3257,3509,3428,0
420000,1,1,1,32,0,0,0,0,0,0,387143,24830,25419,10951,8126,8313,1585,1174,1133,291,318,277,0
20000,1,3,2,24,4,3,2,0,0,0,20569,19927,16371,17291,18001,18706,0,0,1500,1000,1000,836,1
20000,2,2,2,29,0,0,0,0,0,0,12742,8438,9792,10990,13990,10000,1500,1500,1500,3000,2000,0,0
260000,2,1,1,37,1,2,2,2,0,0,58261,59706,60969,59400,60315,63230,3000,2800,0,2500,4000,4000,0
260000,1,1,2,37,-2,-2,-2,-2,-2,-2,256,188,188,198,217,1825,188,188,198,217,1825,198,0
80000,1,2,1,32,0,0,0,0,0,0,81249,81117,81140,80567,59560,40390,3000,3300,2602,1800,1432,1520,0
320000,2,1,1,42,0,0,0,0,0,0,212883,197352,201913,103278,62891,64948,9000,9000,6000,3000,3000,3000,0
200000,1,2,2,34,0,0,0,0,2,0,176642,180421,185722,196732,188930,192647,7000,8500,16000,0,7500,15000,0
160000,1,3,1,33,0,0,0,0,-2,-2,25058,20624,16280,0,0,0,1344,1000,0,0,0,0,0
50000,2,2,2,38,-1,-1,-1,-1,-1,-1,390,390,390,390,390,390,390,390,390,390,390,390,0
280000,1,1,2,31,-2,-2,-2,-2,-2,-2,8383,8797,8741,8178,-4,-4,9044,8844,8247,0,0,0,0
20000,1,1,2,30,-1,-1,3,2,0,0,323,24910,22469,21780,20363,20199,26703,0,0,1000,800,1000,1
90000,2,3,1,41,0,0,0,0,0,0,2833,6003,7598,5036,4750,3007,5000,3500,4500,4300,0,1500,0
160000,1,1,2,28,-1,-1,-1,-1,0,0,498,498,493,16931,18913,19272,498,493,16936,8030,7000,500,0
180000,2,2,2,46,-2,-2,-2,-2,-2,-2,1905,2453,6997,3064,2158,9331,2453,6997,3064,2158,9331,0,0
100000,2,3,1,46,0,0,2,2,0,0,80402,86137,84998,85627,78245,79929,8000,1100,3000,3000,3100,3100,0
140000,1,1,2,31,0,0,0,0,0,0,128036,106657,45887,137487,111602,111552,4180,2800,100005,3800,3990,4285,0
390000,1,2,1,34,-2,-2,-2,-2,-2,-2,-702,-808,-1141,-1247,-1353,-1459,0,0,0,0,0,0,0
110000,2,2,1,31,-1,2,2,-1,-1,-1,832,832,416,416,416,416,416,0,416,416,416,416,1
320000,2,3,1,44,1,-1,2,2,-1,-1,-1,507,507,-900,3750,3216,508,0,0,5330,3216,2041,0
140000,2,2,1,30,0,0,0,0,0,0,13859,16229,16459,14753,13437,14745,5000,1286,1476,423,3000,1000,0
50000,2,3,1,27,2,0,0,0,2,0,11275,37651,38498,40644,39731,35657,27234,1754,2900,0,1265,832,1
60000,2,2,2,25,0,0,0,0,0,0,75932,60693,50324,58688,30099,16810,3121,3000,12000,30000,12000,28618,1
50000,1,2,2,22,0,0,0,0,0,2,49718,50362,49904,50405,29795,28383,1786,2000,1500,2200,0,1100,0
300000,2,2,1,38,0,-1,0,0,0,0,1250,940,11240,12137,15937,16437,940,10300,1200,4000,500,6000,0
200000,2,2,1,27,0,0,0,0,0,0,157222,160320,162140,165431,168726,172430,7200,5888,5990,6031,6415,6301,0
50000,2,3,1,32,0,0,0,0,0,0,33231,34544,35976,15996,32714,16720,1868,2300,1239,600,600,600,1
160000,2,3,2,26,-1,-1,-1,-1,-1,-1,390,390,390,390,390,390,390,390,390,390,390,390,0
400000,2,1,1,40,-1,-1,-1,-2,-2,-2,3716,4318,273,743,516,200,4318,273,743,516,200,422,0
50000,1,1,2,24,0,0,0,0,0,0,31292,32766,34426,34725,18049,19593,2000,2500,1353,1500,2000,1501,0
220000,1,1,2,30,-2,-2,-2,-2,-2,-2,2895,-1,-1,300,90,2194,0,0,301,90,2204,547,0
280000,1,1,2,31,-2,-2,-2,-2,-2,-2,-1,-1,-1,-1,-1,219,0,0,82150,0,220,1124,0
110000,2,2,1,46,0,-1,-1,-1,-1,-1,2359,2410,2151,2161,1719,107591,2410,2151,2161,1719,107591,5000,1
360000,2,1,2,32,0,0,0,0,0,0,272112,272444,256974,241226,241673,233157,10130,12649,8916,7725,8900,6956,0
140000,1,1,2,30,0,0,0,0,0,0,132970,136435,138696,139673,141573,140474,6334,6600,5500,4821,5188,5600,0
300000,1,2,1,41,0,0,0,0,0,0,66132,67445,68856,69392,70798,72252,2412,2496,1678,1702,1746,1772,0
180000,2,2,1,27,0,0,0,0,0,0,117703,116372,115445,112938,109306,104106,4171,4200,4000,3789,3959,3300,0
50000,1,3,2,44,0,0,0,2,0,0,49911,50525,51463,49952,19584,19080,1762,4800,0,837,700,1000,0
180000,2,1,1,36,0,0,0,0,0,0,4911,6688,8432,9977,10030,10836,2000,2000,2000,500,1100,0,0
150000,1,2,1,48,0,0,0,0,0,0,118610,121098,123460,66902,68230,69661,4955,4947,3818,2442,2530,2538,0
20000,2,2,2,28,1,2,0,0,0,0,20583,19942,16614,15941,13205,6009,0,1358,1065,327,187,325,0
360000,1,1,1,32,-1,-1,-2,-2,-2,-2,2500,0,0,0,0,0,0,0,0,0,0,0,0
320000,2,2,1,42,-1,-1,-2,-2,-2,-2,8144,0,0,0,0,0,0,0,0,0,0,0,1
130000,2,1,2,32,0,0,0,0,0,0,126164,126080,129104,130745,127344,127809,6500,7000,8000,5000,4500,4500,0
120000,1,1,2,30,-1,2,2,-1,-1,-1,1500,3010,1700,1125,909,786,1700,0,1125,909,786,1433,0
130000,2,2,2,31,0,0,0,0,0,0,95292,97544,99208,102946,103750,105818,4600,4000,5300,3700,3600,3700,0
20000,1,3,2,45,0,0,0,0,0,0,5250,7151,9024,10865,12677,14309,2000,2000,2000,2000,2000,2000,1
30000,2,2,2,25,0,0,0,0,0,0,30523,30554,30593,30619,29146,29823,2000,2000,1700,1200,1300,1300,0
70000,1,2,2,40,2,2,2,0,0,0,69164,70938,69248,69366,48998,27863,3500,0,2109,1500,3769,0,1
20000,1,3,2,24,2,0,0,2,2,2,8295,9310,12130,11644,12250,11910,1160,2980,0,1100,0,1000,1
50000,2,2,2,46,1,3,2,0,0,0,52308,51194,50101,49527,10147,9965,0,0,1200,400,400,400,0
50000,2,2,1,41,0,0,0,0,0,0,47406,48332,44295,43638,18788,15468,2200,2100,2228,1000,500,1150,1
60000,2,2,1,41,0,0,0,0,0,0,19813,20064,23213,20383,18431,18702,5000,5000,2000,1000,2000,1000,0
400000,2,2,2,43,-2,-2,-2,-2,-2,-2,15000,18400,15000,492,14926,7626,18400,15000,492,15000,7725,3000,0
160000,2,2,2,44,1,-2,-1,-1,-1,-1,-4,-4,3454,0,3312,0,0,3458,0,3312,0,0,0
310000,2,2,2,36,0,0,0,0,0,0,298221,303251,270591,252989,225814,231165,10500,9672,8826,8100,9000,8619,1
150000,2,1,2,26,0,0,0,0,0,0,136736,125651,116684,101581,77741,77264,4486,4235,3161,2647,2669,2669,0
100000,2,1,2,29,2,2,2,2,2,2,57214,58666,58643,58589,62586,64519,3000,1500,1500,5600,3100,2000,1
130000,2,2,1,24,0,0,0,0,0,0,66072,68223,70638,72955,74877,76334,3000,3001,3000,2500,2200,2200,0
300000,1,1,2,32,2,0,0,0,0,0,255299,255607,258394,261024,260672,263894,9106,11000,11009,10000,10000,10000,1
160000,1,2,1,43,0,0,0,0,0,0,69554,72390,75521,78987,80891,62113,4000,5000,10000,4000,3000,6000,0
220000,2,2,1,36,2,2,2,2,0,0,192654,195725,197466,189149,187531,187856,8500,8200,0,7000,7000,7200,1
50000,2,1,2,25,0,0,0,0,0,0,44984,47217,47748,46987,47462,48104,3000,3000,2000,2000,1859,3000,0
70000,1,1,2,30,0,0,0,2,0,0,2329,55664,59529,57571,57871,60872,55000,5800,0,2250,4500,0,1
50000,1,3,1,31,0,-1,-1,-1,-1,-1,1473,390,390,390,0,780,390,390,390,0,780,0,1
50000,2,1,2,30,0,0,0,0,0,0,45977,45931,45344,36789,28918,23095,1823,1818,1312,879,781,800,0
210000,1,1,2,32,0,0,0,0,0,0,218742,218317,73874,73219,96844,94731,10000,5000,5000,30000,4500,15000,0
280000,1,1,2,36,-2,-2,-2,-2,-2,-2,198,1979,500,55176,5950,289,1979,500,55176,5950,289,6757,0
50000,2,2,1,51,2,2,2,2,3,2,15902,17328,18746,20623,20019,19227,2000,2000,2500,0,0,1000,0
320000,2,2,1,42,-1,-1,-2,-2,-2,-2,8144,0,0,0,0,0,0,0,0,0,0,0,1
100000,1,2,1,39,0,0,-2,-2,-2,-2,91300,0,0,0,0,0,0,0,0,0,0,0,0
80000,2,2,2,31,-2,-2,-2,-2,-2,-2,4771,4771,538,15664,150,1150,4771,538,15664,150,1150,791,0
300000,2,3,1,37,1,-2,-1,-1,0,0,43459,26115,26283,16624,6316,8394,26137,26443,16624,6166,8078,25763,0
150000,2,2,1,38,0,0,0,0,0,0,149957,152224,152208,116763,72325,73273,6000,5440,4000,3000,3000,3000,0
120000,2,2,2,27,-1,-1,-1,2,-1,-1,1184,1066,5079,2528,4007,7457,1066,5079,0,4007,7457,2819,0
200000,2,2,2,27,0,0,0,-1,-1,0,7886,7101,5378,5501,9402,9221,4500,3378,5501,9402,6000,5683,0
310000,2,3,1,37,-2,-2,-2,-2,-2,-2,4052,6514,-3484,-3484,-3484,13833,6514,0,0,0,17317,0,0
250000,1,1,1,71,0,0,0,0,0,0,173907,177484,177946,159849,145461,141487,6504,6243,5446,4721,4385,7805,0
20000,1,2,1,44,0,0,0,0,0,0,18015,18344,19672,19652,780,0,1400,1630,1000,0,0,0,1
20000,2,2,1,30,1,-2,-1,2,2,-2,0,0,780,780,0,0,0,780,0,0,0,0,1
50000,2,2,1,45,0,0,0,0,0,0,15240,16252,17678,18658,18784,18779,1574,2000,1290,806,824,697,0
300000,2,1,1,42,1,-2,-2,-2,-1,3,-694,-694,0,0,694,394,0,694,0,694,0,0,0
100000,2,3,1,36,2,0,0,2,0,0,99298,101972,115335,112016,112906,120101,5220,16608,0,4233,9200,21000,1
150000,2,2,1,30,0,-1,-1,-1,-1,-1,1499,1231,0,1872,0,113,1231,0,1872,0,113,0,0
500000,2,1,2,35,0,0,0,0,0,0,3994,11230,10925,11795,14384,15806,11160,1244,1114,2703,3435,402,0
120000,1,2,2,29,1,-1,-1,-1,0,-1,0,326,326,652,326,326,652,326,652,0,326,326,1
30000,2,2,2,23,2,2,2,2,2,2,12376,13475,12973,15144,14603,15767,1600,0,2700,0,1400,0,1
280000,2,1,2,46,-1,-1,-1,-1,-1,-1,2475,1236,2726,10898,1050,812,1236,2726,10916,1056,812,9109,0
210000,1,2,2,30,-1,-1,-1,-1,0,-1,4206,3980,7509,1252,626,626,3980,7509,1252,0,626,626,0
