150000,2,2,1,49,1,-1,-1,-1,-1,-1,0,970,8867,0,600,0,970,8867,0,600,0,0,0
460000,2,2,1,50,0,0,0,0,0,0,581319,552144,523423,493548,429966,427216,19141,19141,20141,14642,31549,15522,1
80000,2,3,1,41,-1,-1,-1,-1,-1,-1,3526,10129,6100,6420,606,7228,10129,6100,6434,606,7228,14387,0
80000,1,2,2,48,0,0,0,0,0,0,74349,75524,77448,48108,39104,39526,3400,4000,2000,2000,1423,2200,0
440000,2,1,1,31,0,-1,-1,-1,-1,-2,232526,1025,0,26549,0,1000,1025,0,26549,0,1000,150,0
100000,1,2,2,30,0,0,0,0,0,0,27869,29329,30294,31734,32323,33648,3500,3000,3500,1500,2000,2300,0
150000,2,2,2,44,2,2,0,0,0,0,168179,159008,157164,155109,153033,156636,0,5684,5538,5410,11000,0,1
80000,2,2,1,51,0,0,0,0,0,0,42731,23086,23661,24678,25766,26351,1365,1500,1412,1500,1000,1100,1
100000,2,3,1,48,-1,-1,-1,-1,-1,-1,390,5333,15798,390,2265,1823,5333,15798,390,2265,1823,780,0
30000,1,2,2,37,2,2,2,0,0,0,25811,29066,28322,29251,15525,0,3700,0,1800,3925,0,0,1
220000,1,2,1,30,0,0,0,0,0,2,15746,17537,14856,35705,25649,5018,16780,14469,35278,4647,19,8438,0
180000,1,1,2,39,-2,-2,-2,-2,-2,-2,0,444,182,0,0,0,444,182,0,0,0,540,0
120000,1,2,2,29,1,-1,-1,-1,0,-1,0,326,326,652,326,326,652,326,652,0,326,326,1
100000,2,1,2,34,0,0,0,0,0,2,66193,63155,50385,31371,54713,28347,3413,5010,10005,30326,0,20000,0
170000,2,2,2,51,0,-1,-1,-1,-1,-1,1606,1420,1420,1420,1420,3464,1420,1420,1420,1420,3464,1420,0
100000,2,1,2,42,0,0,2,0,0,0,93256,99710,97051,98342,56639,57388,8300,0,4100,3000,2500,2233,0
80000,2,1,1,48,-1,-1,-1,-2,-2,-1,1198,1150,0,0,0,7685,1150,0,0,0,7685,0,1
150000,2,1,2,28,0,0,0,0,0,0,82559,84681,87308,89316,91458,89063,3500,4000,3500,3500,3500,3500,0
20000,1,2,2,44,0,0,0,-1,-1,-1,19157,20011,18768,1261,390,390,1500,1768,1261,390,390,390,0
10000,1,2,2,28,1,2,2,2,2,2,3717,3659,5640,5401,6811,6567,150,2200,0,1500,0,6000,1
50000,1,3,1,31,1,1,-2,-2,-2,-2,43200,0,0,0,0,0,6000,0,0,0,0,0,0
180000,1,1,2,39,-2,-2,-2,-2,-2,-2,0,444,182,0,0,0,444,182,0,0,0,540,0
140000,2,2,1,24,0,0,0,0,0,0,62755,64001,65341,66674,68003,69424,2285,2365,2413,2431,2514,3000,0
260000,2,2,1,33,0,0,0,0,0,0,151123,134736,135593,120909,102524,40157,4002,6067,10000,3000,40157,1466,1
100000,2,3,2,58,0,0,0,0,0,0,98067,96802,97177,99043,74453,76252,4600,5000,4600,3000,3000,3000,0
70000,1,1,2,29,1,-1,-1,0,-1,2,10449,2343,14336,13155,3929,1953,6000,15000,4000,4000,0,1000,0
10000,1,2,2,23,-1,0,-1,-1,-1,0,4812,3072,2529,390,9478,8170,1196,2535,390,9478,0,953,1
220000,1,1,2,38,0,0,0,0,0,0,159322,164176,167028,170480,173818,177556,7500,7000,6500,6000,6000,10000,0
270000,1,3,1,47,0,0,0,0,0,0,161999,165303,168837,172281,175705,179582,6000,6200,6254,6290,6710,8250,0
190000,2,2,1,37,0,0,2,2,2,2,105679,115049,117856,119570,116284,123528,11000,6000,5000,0,9000,4000,0
220000,2,2,1,40,-2,-2,-2,-2,-2,-2,5785,4164,8553,11652,14968,7898,4183,8603,11709,15823,7937,5302,0
50000,1,2,2,44,0,0,0,2,0,0,47674,45472,51447,49895,20317,19460,1764,6739,29,700,704,705,0
160000,1,1,2,30,0,0,0,0,0,0,143457,134345,77045,69659,70186,75249,5237,3034,3010,5011,10006,8070,0
200000,2,2,1,27,0,0,0,0,0,0,157222,160320,162140,165431,168726,172430,7200,5888,5990,6031,6415,6301,0
20000,1,3,2,49,1,2,2,-1,0,0,19481,18756,-3744,17105,17250,0,0,0,21200,345,0,0,1
230000,2,1,2,25,0,0,0,0,0,0,50757,52906,54454,53457,55128,52788,3000,3000,2000,2500,2500,2000,0
100000,2,1,2,27,-1,-1,-2,-2,-1,-1,4829,0,0,0,5330,0,0,0,0,5330,1274,2100,0
100000,1,2,2,34,1,-2,-2,-2,-1,-1,-342,-342,-342,-342,1158,2485,0,0,0,1500,1500,0,0
200000,2,3,1,49,2,-1,2,2,2,0,570,52439,51040,56205,54723,58657,52439,0,6000,0,5000,2286,1
80000,1,1,1,41,1,-2,-2,-2,-2,-2,0,0,0,0,0,0,0,0,0,0,0,0,0
280000,1,1,2,31,0,0,0,0,0,0,148186,150724,153762,155242,143679,145615,5000,5006,4408,4117,4600,4600,0
230000,2,2,1,40,0,0,0,0,0,0,44948,45198,46244,47595,38367,35098,1728,3000,3040,3012,3000,3000,0
30000,1,2,2,32,2,3,2,2,2,0,32704,31895,31091,31002,29879,29382,0,0,2300,0,996,1000,0
570000,1,1,2,33,0,0,0,0,0,-2,388897,253793,261176,266800,0,0,9083,11472,12000,0,0,0,0
350000,2,2,1,35,-1,-1,2,-1,-1,-1,439,884,421,267,575,932,884,0,267,575,932,0,1
180000,2,2,2,37,1,2,0,0,0,0,37095,32881,33627,128051,106834,105551,0,3042,109470,4000,4000,7028,0
470000,2,2,1,45,0,0,0,0,0,0,212948,188435,182687,153366,114451,122489,30000,15000,5052,5000,10000,15000,0
230000,2,1,2,31,-1,-1,-1,-1,-1,-1,2274,7398,5537,1247,0,1000,7398,5537,1259,0,1000,4134,0
200000,1,1,2,42,0,0,0,0,0,0,161514,163340,168701,172074,173907,184067,6000,8000,8000,6500,13500,0,1
140000,1,2,2,44,0,0,0,0,0,0,129301,129885,131886,133105,78607,78773,6104,7000,5518,2933,3100,3502,0
130000,2,2,2,40,2,0,0,2,0,0,8539,9559,12394,11883,9826,10167,1165,3000,0,500,500,2700,1
50000,2,2,2,36,0,0,0,0,0,0,29647,30845,32821,34855,11776,12088,2000,2800,3732,750,500,1000,1
500000,2,2,1,45,1,-1,-1,-1,-2,-2,0,1376,3719,-200,-200,-200,1376,3723,1319,0,0,0,1
20000,2,3,2,35,-2,-2,-2,-2,-2,-2,0,1492,0,0,0,0,1492,0,0,0,0,0,0
90000,2,2,1,44,2,2,-1,-1,-1,-1,1654,827,827,2040,1279,1292,0,827,2040,1279,1292,1378,0
30000,2,2,1,31,0,0,0,0,0,0,24358,23798,23071,23496,26562,27346,3000,4000,3000,5000,5000,3000,0
210000,2,3,2,36,0,0,0,0,0,0,57605,58727,59854,61330,62394,63912,3000,3000,2804,3000,3000,2468,0
230000,2,1,1,35,0,0,-2,-2,-2,-2,22909,0,0,0,0,0,0,0,0,0,0,0,0
260000,2,2,2,37,-1,-1,-1,-1,-1,-1,188,188,189,192,188,0,188,189,192,188,0,526,0
300000,1,1,1,37,-2,-2,-2,-1,-1,-2,19954,22492,20477,27206,37191,7543,23348,20477,27206,177202,7543,13719,0
220000,1,1,2,31,0,0,2,2,2,2,119810,129821,126311,151588,147656,157276,12000,0,27500,0,12000,0,1
230000,1,1,1,38,-2,-2,-2,-2,-2,-2,7904,860,-3,-3,-3,-3,864,0,0,0,0,0,0
80000,2,2,1,36,-2,-2,-2,-2,-2,-2,6746,556,556,2904,556,4226,556,556,2904,556,4226,3683,0
80000,2,1,2,26,0,0,0,0,0,0,62536,61478,55760,15029,13809,13597,3000,2000,5000,3000,1000,44000,0
320000,2,2,2,36,-1,-1,-1,-1,-1,-1,396,396,396,596,13386,396,396,396,596,13386,396,396,0
440000,1,1,2,39,0,0,0,0,0,0,120448,115977,104887,86807,71641,12420,3939,3506,3589,3061,1031,1044,0
100000,2,1,2,29,0,0,0,0,0,0,70205,64898,62715,61465,55501,57892,4000,5030,10000,5000,10000,10000,0
420000,1,1,1,32,0,0,0,0,0,0,387143,24830,25419,10951,8126,8313,1585,1174,1133,291,318,277,0
40000,1,1,2,26,0,0,0,0,0,0,21651,19279,19076,15838,17616,11081,5009,5000,1560,7000,497,2000,0
90000,2,3,1,35,0,0,0,0,0,0,35872,35687,35538,34780,34468,30520,1578,1583,1773,1294,1248,1276,0
500000,2,2,1,34,-2,-2,-2,-2,-2,-2,17172,34674,6229,11534,12482,18192,35454,6229,11534,12564,18192,32550,0
130000,2,3,1,39,0,0,2,0,0,0,91982,99328,96898,97990,100160,102190,8900,0,3600,3800,3800,5000,1
70000,1,1,2,29,1,-1,-1,0,-1,2,10449,2343,14336,13155,3929,1953,6000,15000,4000,4000,0,1000,0
30000,2,2,1,43,-1,-1,-1,-1,-2,-1,10443,4503,9000,0,0,5394,4503,9000,0,0,5394,6171,0
90000,1,2,1,45,-1,3,2,2,-1,-1,3664,3449,1776,-1170,390,390,0,0,0,1560,390,930,1
110000,2,2,2,33,0,0,0,0,0,0,103195,102713,103034,103112,94403,96072,5200,3804,4500,3400,3500,7700,1
220000,2,2,1,33,0,0,0,0,0,0,41352,43757,46012,47543,48489,49506,3100,3269,2800,1736,1799,1964,0
80000,2,3,1,37,2,2,2,2,0,0,93050,99396,100495,97982,100261,102147,8840,3560,0,3912,3832,3508,1
90000,2,2,2,23,0,0,0,-2,-1,0,28120,32429,0,0,2522,2575,5000,0,0,2522,94,111,0
230000,2,1,1,35,0,0,0,0,0,0,165405,168697,172990,177963,77076,78848,6027,7000,8000,3000,3000,3226,0
220000,2,1,2,32,0,0,0,0,0,0,217636,221834,222830,195121,169396,173875,8000,18000,7000,6000,7000,6100,0
180000,2,2,1,24,0,0,-2,-1,-1,-2,6272,0,0,1000,2190,0,0,0,1000,2190,0,384,0
20000,1,1,2,27,0,0,0,0,0,0,39628,20571,19089,19658,19453,19108,1610,1323,1600,830,700,674,0
20000,2,2,1,34,2,2,2,2,2,2,13552,16513,17549,18907,19114,19186,3188,1600,3570,801,901,1,0
80000,1,2,2,26,0,0,0,0,0,0,50442,51397,49991,47681,46900,45161,1816,1920,2063,1543,1400,1557,0
80000,1,1,2,29,0,0,0,-2,-2,-2,58246,61650,0,0,0,0,5000,0,0,0,0,0,0
310000,2,2,1,44,-1,0,0,0,0,0,67423,67729,113788,106919,100656,93846,10000,56000,5000,4000,3300,5000,0
240000,2,1,2,29,0,-1,0,0,0,0,10747,30380,15579,20496,15296,24332,30439,10023,10000,5000,15000,15000,0
70000,2,2,1,27,0,0,0,0,0,0,69762,68914,69252,70415,69212,70514,2450,2600,2700,2500,2800,2500,1
230000,2,1,2,41,-1,-1,-1,-1,-1,0,177,0,376,47992,3099,2389,0,376,48042,3099,0,0,0
80000,1,1,1,41,1,-2,-2,-2,-2,-2,0,0,0,0,0,0,0,0,0,0,0,0,0
220000,1,1,2,35,1,2,0,0,2,2,190105,185836,187220,199542,202036,200956,0,6600,15200,7000,2000,15000,1
150000,2,1,2,40,0,0,0,2,0,0,16986,18693,20885,21738,22080,23558,2000,2500,1500,1000,2000,2000,0
230000,1,2,2,41,2,0,0,0,0,0,225043,229701,229250,229572,213420,218809,10000,11000,9000,9000,9000,9000,1
70000,2,2,1,27,0,0,0,0,0,0,69762,68914,69252,70415,69212,70514,2450,2600,2700,2500,2800,2500,1
50000,1,3,2,44,0,0,0,2,0,0,49911,50525,51463,49952,19584,19080,1762,4800,0,837,700,1000,0
80000,2,2,2,23,0,0,0,0,0,0,51980,36668,39291,43476,46115,42129,6670,5000,5002,4003,3000,3002,0
220000,2,1,2,32,0,0,0,0,0,0,217636,221834,222830,195121,169396,173875,8000,18000,7000,6000,7000,6100,0
200000,2,1,1,46,-1,-1,-1,-1,-1,-1,10687,18021,3275,5430,6683,7790,18031,3275,5430,6871,7790,8901,0
220000,2,3,2,39,0,0,0,0,0,0,209596,160515,141917,144811,147685,150780,6888,5155,5258,5284,5473,5505,0
200000,2,3,1,51,1,-1,-1,-2,-2,-2,0,1221,0,0,0,0,1221,0,0,0,0,0,0
220000,2,1,2,29,-2,-2,-2,-1,0,0,2848,7146,4690,16331,77894,2576,7181,4714,16493,97910,0,4862,0
360000,1,2,1,31,0,0,0,0,0,0,359491,354962,276310,196654,186281,177587,14108,11100,6992,7000,6372,5845,1
130000,2,2,2,31,0,0,0,0,0,0,95292,97544,99208,102946,103750,105818,4600,4000,5300,3700,3600,3700,0
140000,2,2,2,33,0,0,0,0,0,2,59097,59655,60992,62253,69594,68262,2137,2300,2278,9300,0,3000,0
80000,2,1,1,38,-1,-1,-1,-1,-1,-1,2226,6259,1393,1627,5189,10747,6259,1393,1627,5189,10747,4412,0
320000,2,1,2,30,-1,-1,-1,-1,-1,-1,10283,2488,5187,11735,2280,9404,2488,5209,11735,2280,9404,3660,0
380000,2,2,2,38,0,0,0,0,0,0,250755,212839,173199,165476,122496,117726,8339,7032,7986,4170,4205,9335,0
110000,2,2,2,33,0,0,0,0,0,0,103195,102713,103034,103112,94403,96072,5200,3804,4500,3400,3500,7700,1
80000,2,2,1,32,0,0,-2,-2,-2,-2,5988,0,0,0,0,0,0,0,0,0,0,0,0
60000,2,1,2,33,1,2,0,0,0,0,11776,11295,12799,14272,15225,16320,0,2000,2000,1500,1500,1500,0
70000,1,2,1,26,1,2,0,0,0,0,8587,9386,9456,9528,7481,7794,1100,1178,1250,300,400,250,0
260000,2,3,2,42,-1,-1,-2,-2,-2,-2,6783,0,0,0,0,0,0,0,0,0,0,0,1
10000,1,2,1,49,1,-1,-1,-1,-1,-2,-20,780,0,780,0,0,800,0,780,0,0,0,1
320000,1,1,1,40,-2,-2,-2,-2,-2,-2,968,6444,23384,4310,5980,13522,6476,23507,4336,6010,13589,3574,0
170000,2,3,1,23,0,0,0,0,0,0,28615,26410,27654,25211,22682,21787,1446,1690,1208,462,1787,497,0
500000,2,1,1,33,-2,-2,-2,-2,-2,-2,10486,32539,10644,7780,19099,4281,32648,11000,7823,19215,4281,8190,0
480000,1,1,1,66,-1,-1,-1,-1,-1,-1,3820,4665,5367,21222,9083,84804,4665,5473,21284,9088,84804,6285,0
120000,2,1,1,46,0,0,0,0,0,0,28675,29392,30424,31437,32062,32734,1500,1509,1522,1147,1188,1194,0
110000,2,2,1,46,0,0,2,0,0,0,102726,110179,105137,105467,94294,86381,10700,0,5000,4000,4000,5000,0
500000,2,1,1,39,-2,-2,-1,2,2,-2,3625,0,501,501,902,544,398,501,0,544,544,0,0
150000,1,1,2,39,-2,-1,-1,-1,-2,-2,8766,5890,1000,0,0,0,5950,1010,0,0,0,0,0
150000,2,2,1,28,0,-1,-1,-1,-1,-1,12780,850,850,430,840,430,850,850,430,840,430,860,1
260000,2,3,2,27,0,0,0,0,0,0,106164,105133,100606,93022,61746,47819,3834,4523,3154,2025,1709,2011,0
20000,2,2,2,35,0,0,0,0,0,0,15852,16861,17884,18590,18959,19347,1579,1602,1308,677,692,1577,1
160000,1,2,1,32,1,2,0,0,0,0,5525,4039,3656,3801,2540,2279,0,1094,1500,0,1000,0,1
80000,2,2,1,32,0,0,-2,-2,-2,-2,5988,0,0,0,0,0,0,0,0,0,0,0,0
60000,1,1,2,27,0,0,0,0,0,0,5370,7268,10131,11644,14430,17180,2000,3000,2000,3000,3000,2000,0
200000,1,1,2,33,-1,-1,-1,0,-1,-1,12202,1964,12181,5908,1114,8314,4994,12181,2000,1114,8314,1114,0
230000,2,1,2,41,-1,-1,-1,-1,-1,0,177,0,376,47992,3099,2389,0,376,48042,3099,0,0,0
500000,2,2,1,38,0,0,0,0,0,0,80460,79689,74664,70270,66053,63924,3527,3030,3028,2513,2100,2524,0
60000,2,3,1,23,2,0,0,0,0,0,60406,57491,59137,59345,29399,29339,2055,2570,1620,1020,1050,1080,0
110000,1,1,2,35,3,2,2,3,3,2,450,450,450,450,450,300,0,0,0,0,0,288,1
230000,2,5,1,39,-1,-1,0,0,-2,-2,7479,31280,120000,0,0,0,31280,90000,0,0,0,0,0
170000,2,3,1,30,0,0,0,0,0,0,136639,138223,140964,138064,131845,128827,7200,7405,6022,4606,5006,4809,0
100000,1,3,1,35,0,0,0,0,0,0,94467,96521,98728,74239,75704,55704,3627,3938,2515,2516,4022,2032,0
80000,1,1,2,27,0,0,0,0,0,-1,74413,76817,74554,43727,16307,1755,7000,3000,1400,326,1755,0,0
50000,2,3,2,44,2,2,2,2,2,2,40985,42115,41164,43658,44644,43798,2100,0,3500,2000,0,2000,1
280000,2,2,2,35,0,0,0,0,0,0,259637,259593,261595,267359,236734,231064,10028,12500,13106,231064,15004,8004,0
80000,2,2,1,24,2,2,-1,0,0,0,3177,-13,4229,4161,4042,6807,0,4242,1032,1000,2812,2248,1
70000,2,2,1,37,0,0,0,0,2,0,66447,66759,68200,72972,71248,50610,2391,2518,5950,0,1782,1985,1
460000,1,1,1,37,2,0,0,0,0,0,7121,7953,8642,9151,9702,9752,1273,1288,1123,1000,502,3000,0
200000,1,1,2,27,-1,-1,-1,0,0,0,3592,3622,7990,10392,7042,5692,3622,7990,6000,0,2000,5000,1
260000,2,5,2,39,0,0,0,0,0,0,174591,175093,176088,155624,141976,141305,10000,10000,7619,7000,8000,7000,0
30000,2,3,2,38,2,0,0,2,0,0,24524,25546,28820,28538,28208,29326,1426,3700,718,1500,1500,3000,1
30000,2,3,2,24,1,-2,-1,0,0,0,0,0,1469,2432,827,0,0,1469,1008,300,0,0,0
440000,2,2,1,44,0,0,0,-2,-2,-2,70548,42651,0,27549,77349,10456,20000,0,27549,50000,18956,9307,0
500000,2,1,1,44,0,0,0,0,0,0,111937,104203,96617,97437,185322,179697,4000,4009,17446,100000,10000,20000,0
180000,2,3,1,31,0,0,0,0,0,0,68450,69818,71298,72729,73627,75086,3100,3200,3210,2700,2800,3000,0
20000,1,3,2,49,1,2,2,-1,0,0,19481,18756,-3744,17105,17250,0,0,0,21200,345,0,0,1
340000,2,2,1,48,0,0,0,0,0,0,310866,320685,320614,21768,22405,24545,15000,7000,1500,1000,2500,112500,0
80000,2,2,1,51,0,0,0,0,0,0,42731,23086,23661,24678,25766,26351,1365,1500,1412,1500,1000,1100,1
310000,1,2,2,46,2,0,0,0,0,0,102064,104072,105063,107113,109263,120347,5030,4000,3633,3671,12600,0,1
20000,2,2,2,24,1,2,2,2,2,-2,4697,3800,5989,5761,0,0,0,2266,38,0,0,0,1
50000,2,1,2,26,2,0,0,2,2,2,25875,27132,29695,30908,30112,32123,2000,3000,2000,0,2500,0,1
10000,2,2,1,38,1,3,2,0,-1,0,3980,3771,3564,4500,5039,5275,0,0,1000,5039,375,0,1
100000,2,3,1,36,2,0,0,2,0,0,99298,101972,115335,112016,112906,120101,5220,16608,0,4233,9200,21000,1
300000,2,2,2,42,-2,-2,-1,0,0,0,-904,1096,928,2264,3090,5056,2000,1072,1500,1000,2000,1000,0
130000,2,1,2,32,0,0,0,0,0,0,126164,126080,129104,130745,127344,127809,6500,7000,8000,5000,4500,4500,0
100000,2,1,2,26,0,0,0,0,0,0,81463,83098,63848,64692,66114,67396,4000,3000,2500,2500,2500,2600,0
50000,2,3,2,25,0,0,0,0,-2,-2,8298,5841,3750,0,0,0,1250,1000,0,0,0,40277,0
280000,2,1,1,39,-2,-2,-2,-2,-2,-2,1397,0,136,0,0,350,0,136,0,0,350,297,0
570000,1,1,2,33,0,0,0,0,0,-2,388897,253793,261176,266800,0,0,9083,11472,12000,0,0,0,0
220000,2,2,1,36,2,2,2,2,0,0,192654,195725,197466,189149,187531,187856,8500,8200,0,7000,7000,7200,1
90000,2,2,2,25,1,2,0,0,0,0,91830,89448,83949,47118,44942,45886,0,2549,1583,1444,1500,1511,0
280000,2,1,2,37,-1,2,-1,-1,-1,-1,2560,2343,4689,2289,1700,803,0,4689,2300,1725,803,129,1
60000,2,2,3,29,0,0,0,-1,-1,-1,4134,3596,3801,694,531,531,1200,1000,2694,531,531,681,0
340000,1,2,1,30,-2,-1,0,0,0,0,326,7132,16684,25749,30085,30406,7132,10000,10000,5000,1007,6000,0
300000,1,2,1,41,0,0,0,0,0,0,66132,67445,68856,69392,70798,72252,2412,2496,1678,1702,1746,1772,0
340000,1,3,1,43,0,0,2,2,0,0,251135,268949,283400,277335,282890,304280,22000,20251,0,10176,26000,12000,0
310000,2,3,1,37,-2,-2,-2,-2,-2,-2,4052,6514,-3484,-3484,-3484,13833,6514,0,0,0,17317,0,0
380000,2,2,2,38,0,0,0,0,0,0,250755,212839,173199,165476,122496,117726,8339,7032,7986,4170,4205,9335,0
100000,2,3,2,33,0,0,0,0,0,0,74847,70663,63794,60651,54664,51776,3000,3000,2700,2000,2000,2000,0
30000,1,2,2,29,0,0,0,-1,-1,0,13172,7965,3101,3126,7365,3245,1082,1000,3126,7365,0,828,0
180000,2,1,1,35,-1,-1,-1,2,-1,-1,3544,-36,163,163,1772,148,0,1000,0,2000,0,5000,0
170000,1,2,1,33,-1,2,2,-1,-1,-2,917,917,0,2038,0,0,0,0,2038,0,0,0,0
320000,2,1,1,29,-1,0,0,-2,-2,-2,2799,7932,0,0,0,0,7329,0,0,0,0,0,0
50000,1,2,2,34,0,0,-1,-1,-2,-2,4166,0,4166,0,0,0,0,4166,0,0,0,0,0
260000,1,2,2,29,-1,2,2,-2,-1,2,8832,1528,0,0,5987,5837,15,0,0,5987,0,27887,1
50000,2,3,1,51,0,0,0,0,0,0,22000,20454,21899,20895,11241,-861,2000,2100,2000,1000,0,39500,1
500000,2,1,2,37,0,0,0,0,0,0,43643,46586,48832,49568,46939,49147,4000,3000,2000,2000,3000,7000,0
50000,2,3,1,39,0,0,0,0,0,0,49575,48208,47619,19929,15693,13766,2067,3000,1171,2000,2000,2500,0
360000,1,1,2,31,1,-1,-1,-1,0,0,0,4260,3278,580,580,0,4260,3278,580,0,0,0,0
420000,1,4,2,36,1,-2,-1,-1,0,0,944,1819,1133,10415,7792,-3,1819,1143,10429,194,556,0,0
320000,1,1,1,40,-2,-2,-2,-2,-2,-2,968,6444,23384,4310,5980,13522,6476,23507,4336,6010,13589,3574,0
50000,1,1,2,22,0,0,0,0,0,0,38251,34489,32252,6182,17118,8922,4000,1500,1500,2500,500,400,0
440000,1,1,2,33,-2,-2,-2,-2,-2,-2,2380,1750,4697,7502,2249,4532,1750,4697,7502,2249,4532,101750,0
180000,2,1,2,35,-2,-2,-2,-2,-2,-2,7210,370,8479,792,3826,1997,370,8875,792,3826,1997,396,0
460000,2,2,1,50,0,0,0,0,0,0,581319,552144,523423,493548,429966,427216,19141,19141,20141,14642,31549,15522,1
150000,1,2,2,35,0,0,0,-1,-1,-1,4301,8246,12865,817,1095,1393,4000,5064,821,1100,1393,3796,1
120000,2,1,2,32,-1,2,0,-1,-1,-1,1192,696,1210,1799,1594,1255,0,1179,1799,1594,1255,1133,0
50000,1,3,1,31,1,1,-2,-2,-2,-2,43200,0,0,0,0,0,6000,0,0,0,0,0,0
290000,2,1,1,32,-2,-2,-2,-2,-2,-2,4340,3686,3094,8164,1509,8262,3686,3112,8164,1509,8262,2032,1
80000,1,1,2,27,0,0,0,0,0,-1,74413,76817,74554,43727,16307,1755,7000,3000,1400,326,1755,0,0
310000,2,1,2,36,0,0,0,0,0,0,67940,45746,46979,42045,40334,49542,2000,2000,2000,2000,13000,2000,0
260000,1,1,2,33,-2,-2,-2,-2,-2,-2,0,263,0,1368,101,955,263,0,1368,101,955,0,0
230000,2,1,2,29,-2,-1,2,-1,-1,-1,3764,10943,6588,4571,2526,5375,11142,1430,4571,2526,5375,3133,0
210000,2,1,2,33,-2,-2,-2,-2,-2,-2,1723,0,0,0,0,0,0,0,0,0,0,0,0
150000,1,2,1,48,0,0,0,0,0,0,118610,121098,123460,66902,68230,69661,4955,4947,3818,2442,2530,2538,0
360000,1,1,1,39,0,-1,-1,-1,0,-1,167685,3288,75244,6468,3169,3130,3304,75260,6484,24,3144,3458,0
30000,1,2,1,33,0,0,0,0,0,0,59867,28357,29312,26404,25806,26325,1500,1433,1500,920,929,0,1
130000,1,3,2,30,0,0,0,-1,-1,-1,29344,3268,6186,700,1680,0,1107,3025,707,1680,0,0,0
440000,2,2,1,39,0,0,0,0,0,0,58639,66698,43399,44534,25341,20000,30000,2000,24534,5000,20000,20839,0
50000,2,1,2,24,0,0,2,0,0,0,48483,52167,51052,50116,20181,19702,4500,0,2000,19000,1000,800,1
230000,2,3,1,33,0,0,0,0,0,0,233314,222220,210778,211132,179564,176949,8005,10002,15037,6500,16002,8002,0
80000,2,2,1,34,-1,-1,-1,-1,0,-1,1383,5030,1964,7541,3201,5026,5030,1964,7568,0,5026,2371,0
110000,2,1,2,27,0,0,0,0,0,0,52426,45107,44310,34820,36005,25976,1772,1900,1815,2000,1500,2000,0
90000,2,3,1,36,0,0,-1,0,0,0,79642,79001,18318,18982,19371,19608,1580,19789,1295,1000,849,1000,0
50000,2,1,1,46,1,-2,-1,-1,0,0,10372,-110,1684,3697,1397,0,110,1794,3697,1392,0,0,0
350000,2,2,2,28,1,2,0,0,0,0,358895,346575,345088,341811,265953,93300,0,14579,13557,12000,5000,11000,1
60000,2,3,2,44,2,2,2,2,2,2,11847,62478,55887,70562,71322,58821,55887,0,20783,2500,0,3000,1
320000,2,1,1,34,-2,-2,-1,0,0,0,5159,967,14331,16591,9433,398,967,14331,9433,0,0,3090,0
220000,1,1,2,31,0,0,2,2,2,2,119810,129821,126311,151588,147656,157276,12000,0,27500,0,12000,0,1
60000,2,1,2,33,1,2,0,0,0,0,11776,11295,12799,14272,15225,16320,0,2000,2000,1500,1500,1500,0
20000,2,2,2,33,0,0,0,0,0,0,11635,12604,12870,12726,13336,2496,2000,1308,1000,1000,50,0,0
360000,2,2,2,34,0,0,0,0,0,0,282674,277569,246380,236139,241056,246297,12200,10500,8500,8750,9200,9800,0
110000,2,1,2,29,1,2,0,0,0,0,113093,106321,107630,106354,79154,69988,3,4334,4250,2946,2506,2458,0
180000,2,1,2,28,-1,-1,-1,-1,-1,-1,26000,5480,5960,600,6800,12627,5488,5960,600,6800,12627,0,0
80000,2,2,2,24,0,0,2,2,2,2,70411,75874,76710,74792,79636,77757,6657,2629,0,6000,0,3000,0
100000,2,2,2,31,-2,-2,-2,-2,-2,-2,4576,1872,2511,3333,2765,900,1872,2517,3339,2765,900,2575,1
50000,2,2,2,27,1,2,2,2,2,2,11966,12967,13962,13440,14416,14043,1500,1500,0,1200,0,1500,0
260000,2,1,2,33,-2,-2,-2,-2,-2,-2,18480,3958,-86,-86,17315,14961,3978,0,0,17401,15036,18207,1
50000,2,3,1,44,0,0,0,0,0,0,47497,47122,46789,37465,27450,28025,2306,2400,2000,983,1018,1030,0
320000,2,2,1,37,2,2,2,2,2,2,289260,297888,304025,308421,315291,310339,14500,12001,10500,13000,1,120021,0
180000,2,2,2,46,-2,-2,-2,-2,-2,-2,1905,2453,6997,3064,2158,9331,2453,6997,3064,2158,9331,0,0
150000,2,1,2,52,0,0,0,0,0,0,126810,58955,29332,36796,19912,23126,5000,13003,15000,11000,10000,3000,0
110000,2,1,2,28,0,0,0,0,0,0,91286,91850,84849,84362,59391,59129,8080,14298,2519,6616,1953,5300,0
170000,1,3,1,46,-1,-1,-1,-1,-1,0,1804,1804,1804,1804,3608,1804,1804,1804,1804,3608,0,1804,1
350000,2,1,1,33,0,-1,-1,-1,-1,-1,82964,68532,17926,17966,30741,31088,68940,18018,18058,30897,31244,88461,1
150000,2,2,1,30,0,-1,-1,-1,-1,-1,1499,1231,0,1872,0,113,1231,0,1872,0,113,0,0
250000,2,2,1,39,-1,-1,-1,-1,-1,-1,9690,0,1222,7337,0,2752,0,1222,7409,0,2752,1549,0
500000,1,2,1,41,1,2,0,0,0,0,169117,163094,161768,164438,162050,163456,0,7400,10000,6000,5907,6000,0
140000,1,2,2,29,0,0,0,0,-2,-2,132629,55185,56000,0,0,0,5000,2000,0,0,0,0,0
20000,1,3,2,32,1,2,0,0,0,0,20450,17861,18967,19633,18187,18568,0,1700,1300,651,674,756,1
160000,2,3,2,26,-1,-1,-1,-1,-1,-1,390,390,390,390,390,390,390,390,390,390,390,390,0
200000,2,1,2,31,-2,-2,-2,-2,-2,-2,0,0,0,0,0,0,0,0,0,0,0,0,0
200000,2,6,1,43,0,0,0,0,0,0,198595,194734,190447,187224,183641,178239,7003,7000,7000,6510,6550,6001,0
270000,2,2,1,26,0,0,0,0,0,-1,22804,11496,12273,12014,10597,31182,1496,2273,2014,597,31182,82615,0
40000,2,3,2,43,0,0,0,0,0,-2,26449,22072,19085,17550,0,0,1303,1665,1000,0,0,0,0
220000,1,1,2,35,1,2,0,0,2,2,190105,185836,187220,199542,202036,200956,0,6600,15200,7000,2000,15000,1
90000,2,2,1,31,0,0,0,0,-2,-2,19929,17671,7870,0,0,0,1500,1000,0,0,3000,40000,0
350000,1,1,1,50,0,0,0,0,0,0,93676,91832,88719,87968,84596,82785,3240,5006,4014,3010,3043,5003,0
140000,2,1,2,29,0,0,2,0,0,0,135436,144922,141289,137377,93261,95368,13102,17,5547,3242,3512,3333,0
230000,2,2,1,39,0,0,-2,-2,-2,-2,24510,0,0,0,0,0,0,0,0,0,0,0,0
30000,2,1,1,32,0,0,0,0,0,0,27764,29276,28637,29325,30004,30506,2000,2000,1500,1100,1300,1000,1
140000,2,2,1,27,0,0,0,0,0,0,125792,126771,132730,124689,105447,106704,5000,10000,5000,5000,5000,5000,0
500000,2,3,2,29,0,0,0,0,0,0,110651,94609,95607,95276,90310,91229,3005,3027,6024,3003,2334,4087,0
150000,1,1,2,41,-1,2,-1,-1,-1,-1,1980,990,990,990,990,1980,0,990,990,990,1980,0,0
400000,1,1,1,38,-2,-2,-2,-2,-2,-2,23052,7754,13052,12639,12315,7831,8025,13972,13046,13040,7923,14533,0
210000,2,2,1,32,-2,-2,-2,-2,-2,-2,0,0,0,0,0,0,0,0,0,0,0,0,0
80000,2,2,2,28,0,0,0,0,0,0,77391,78198,78840,79855,79488,80001,2784,2887,3402,2790,2867,2894,0
120000,1,2,2,28,0,0,0,0,0,0,8022,9493,11612,12438,13099,15926,2000,3000,3000,3000,3000,3000,0
280000,2,4,2,29,0,0,0,0,-2,-2,4567,5724,7184,0,0,0,2500,3000,0,0,0,0,0
180000,1,1,2,32,-1,-1,2,-1,-1,-1,291,582,291,291,291,291,582,0,291,291,291,291,1
50000,1,2,2,34,0,0,-1,-1,-2,-2,4166,0,4166,0,0,0,0,4166,0,0,0,0,0
60000,2,3,1,44,-1,0,0,0,0,0,63236,64683,66510,58622,47317,48726,2500,3000,2292,1526,2000,2000,1
310000,1,1,2,32,-2,-2,-2,-2,-2,-2,8242,32447,17314,8639,12862,4553,32617,17417,8702,12926,4575,1990,0
160000,1,1,1,41,1,2,0,0,0,0,63446,63501,65439,66761,67628,68983,1699,2960,3007,2573,2600,3008,0
180000,1,1,2,26,-1,-1,-1,-1,-1,-1,758,0,1022,2004,0,2051,0,1022,2016,0,2051,0,1
50000,2,1,2,30,-2,-2,-2,-2,-2,-2,0,2070,0,0,0,0,2070,0,0,0,0,0,0
160000,2,2,1,32,0,0,0,0,0,0,18400,18699,26919,29801,40433,51329,10000,10018,15021,15000,20000,20000,0
80000,1,1,2,27,0,0,0,0,0,-1,74413,76817,74554,43727,16307,1755,7000,3000,1400,326,1755,0,0
500000,2,1,2,28,0,0,-1,0,0,0,19543,21788,19323,33146,39741,53516,5110,19623,15000,7000,14122,20000,0
90000,2,2,1,31,0,0,0,0,-2,-2,19929,17671,7870,0,0,0,1500,1000,0,0,3000,40000,0
210000,2,1,2,33,-2,-2,-2,-2,-2,-2,1723,0,0,0,0,0,0,0,0,0,0,0,0
20000,2,2,2,29,0,0,0,0,0,0,17648,13580,14204,15345,17764,20049,3000,5007,3000,3000,3000,3000,0
230000,2,3,1,33,0,0,0,0,0,0,233314,222220,210778,211132,179564,176949,8005,10002,15037,6500,16002,8002,0
70000,2,3,1,44,0,0,0,0,0,0,9195,2301,3344,4303,4243,5248,1041,1084,1043,1000,2000,2000,0
80000,1,2,1,43,0,0,0,0,0,0,78726,78837,76792,61435,26516,27215,3000,3000,3000,1500,1500,1500,0
310000,1,1,2,45,0,0,0,0,0,0,313268,278821,283847,290135,293350,300623,10010,11500,11015,11000,12000,23035,0
10000,1,3,2,41,0,0,-2,-2,-1,-1,10400,0,0,0,400,0,5275,0,0,400,0,2400,0
210000,2,2,2,36,1,-2,-2,-2,-1,0,0,0,212,3066,13206,10583,0,212,3066,13206,212,0,0
50000,2,2,1,45,0,0,0,0,0,0,48153,49073,12630,9215,9215,8011,2000,2022,2000,0,1000,1904,0
360000,1,2,1,29,0,0,0,-1,0,0,18454,16419,12932,91329,82929,70047,6028,6032,99578,2507,5376,2000,0
20000,1,3,1,40,3,2,2,2,2,2,300,300,300,300,300,300,0,0,0,0,0,0,1
200000,2,1,2,26,-2,-2,-2,-2,-2,-2,5337,2322,7458,1086,25643,35237,2322,7471,1086,25643,35237,7678,0
60000,1,2,1,40,0,0,0,0,0,0,53896,53640,51608,52642,52806,53530,2500,2500,2500,2000,2100,2200,0
360000,1,3,1,46,-2,-2,-2,-2,-2,-2,0,0,0,0,0,0,0,0,0,0,0,0,0
40000,2,2,1,37,0,0,0,0,2,0,5366,6541,16390,9891,9594,9798,1273,2000,3538,0,500,500,0
10000,1,1,2,27,0,0,0,0,0,0,8907,6599,7736,8492,8138,4990,1500,1400,1000,1009,1000,1598,0
90000,2,2,1,43,-2,-2,-2,-2,-2,-2,0,0,0,0,0,0,0,0,0,0,0,0,0
360000,1,1,2,30,-1,-1,-1,0,0,0,10821,5559,3272,13756,12852,20893,5586,3364,13132,10034,16104,14348,0
390000,1,1,2,27,0,0,0,0,0,0,59917,73806,75614,77358,86007,88601,15000,3000,3000,10000,4000,4000,0
80000,1,1,2,23,-1,-1,-1,-1,0,0,444,444,444,888,888,444,444,444,888,444,0,1038,0
30000,2,2,1,26,0,0,0,0,2,0,20105,21419,22278,24423,19985,15021,1650,1506,2651,0,2044,550,0
80000,1,1,2,29,0,0,0,-2,-2,-2,58246,61650,0,0,0,0,5000,0,0,0,0,0,0
20000,1,2,2,33,3,2,8,7,6,5,14513,22232,21936,21631,21026,20130,8000,0,0,0,0,0,1
60000,1,3,1,34,0,0,0,0,0,0,43293,28305,22298,22161,18667,19381,1368,1396,1287,654,1000,644,0
200000,2,2,2,35,0,0,0,-1,-1,-1,6512,4312,0,2412,1396,0,2000,0,2412,1396,0,396,0
20000,2,1,2,24,1,-1,-1,-1,-1,-1,0,890,467,500,0,647,890,467,500,0,647,0,0
280000,2,2,2,24,-1,-1,-1,-1,-1,0,316,316,3861,316,10800,9099,316,3861,316,10800,382,5000,0
20000,2,2,1,48,1,-2,-2,-2,-2,-2,0,0,0,0,0,0,0,0,0,0,0,0,1
230000,2,2,1,48,0,0,0,0,0,0,344458,320215,298031,272103,205797,179247,11000,12500,11000,7000,36700,6650,0
210000,1,1,2,32,0,0,0,0,0,0,218742,218317,73874,73219,96844,94731,10000,5000,5000,30000,4500,15000,0
140000,2,2,1,27,0,0,0,0,0,0,125792,126771,132730,124689,105447,106704,5000,10000,5000,5000,5000,5000,0
50000,2,2,1,36,0,0,0,0,0,0,30803,30578,30362,30764,30065,30179,1477,1546,1453,1039,1066,1421,0
50000,2,2,1,27,0,0,0,0,0,0,47254,43583,35245,27520,25928,26470,1720,3100,1723,1100,1111,1200,1
400000,2,1,1,37,0,0,0,0,0,0,229714,222726,162828,131433,126929,122492,11477,8000,4553,3600,3546,3864,0
120000,2,1,1,47,-1,-1,3,2,0,0,632,948,948,632,632,316,948,0,0,316,0,466,1
200000,2,1,1,39,-1,-1,-1,-1,-1,-1,25149,14963,9308,3060,6016,3480,15084,9354,3082,6046,3497,3514,0
50000,1,2,2,27,0,0,0,0,0,0,49321,47912,39421,40165,41198,43766,1700,2000,1700,1700,3400,1000,0
300000,2,2,2,34,0,0,0,0,0,0,297890,216495,221737,224774,182544,92014,7800,8705,8500,6820,2700,3200,0
90000,2,1,2,28,0,0,0,2,2,2,38355,39413,41181,41701,44000,45651,1700,2404,1500,3000,2500,600,0
170000,2,2,2,26,2,0,0,0,2,0,111170,113387,115807,119857,117100,118079,4065,5727,7500,2000,4200,5000,1
100000,2,3,1,44,2,2,0,0,0,2,12724,12228,13255,13959,14921,14539,0,1529,1233,1195,0,1300,1
20000,1,1,2,25,0,0,0,0,0,0,18069,17905,18712,19682,18384,18768,2180,1400,1300,1000,680,1100,0
10000,1,3,1,43,0,0,0,-2,-2,-2,8802,10400,0,0,0,0,2000,0,0,0,0,0,0
20000,1,3,1,30,0,0,-1,-1,-1,-2,16925,12216,1179,1536,-301,-301,1000,1179,1536,0,0,0,1
200000,2,1,2,29,-2,-2,-2,-2,-2,-2,8695,14323,44326,9353,11156,17725,14329,44452,9355,11156,17725,9289,0
200000,2,2,2,27,-1,-1,-1,0,-1,-1,13285,2150,14122,27413,35377,29922,2155,14122,23007,7212,29922,37790,0
210000,1,2,2,27,0,0,0,0,0,0,65795,54166,73077,62288,66309,66393,2151,20000,2205,5000,1982,1982,0
280000,1,2,2,30,2,2,2,2,2,2,106907,110550,113877,115223,116930,112607,6900,6600,4700,5100,0,4200,0
160000,1,2,1,46,0,0,0,0,0,0,116988,114956,114531,106467,106967,109245,4200,5555,4000,4000,4000,4200,0
80000,2,2,2,24,1,1,-1,-1,-1,-1,62550,0,10000,18150,7490,7490,10000,10000,18150,7490,7490,7490,0
30000,2,2,1,43,-1,-1,-1,-1,-2,-1,10443,4503,9000,0,0,5394,4503,9000,0,0,5394,6171,0
220000,2,2,1,33,0,0,0,0,0,0,204144,175748,172758,175030,174122,175472,6500,6300,7700,6300,6300,6150,0
40000,1,1,2,26,0,0,0,0,0,0,21651,19279,19076,15838,17616,11081,5009,5000,1560,7000,497,2000,0
280000,2,2,2,35,0,0,0,0,0,0,259637,259593,261595,267359,236734,231064,10028,12500,13106,231064,15004,8004,0
200000,2,1,2,25,0,0,0,-1,0,0,11740,7221,1341,25068,52486,45047,2012,1025,32994,37042,2004,2502,0
240000,2,3,2,28,2,2,2,0,0,0,242837,246989,204769,62670,10408,10848,10000,0,2806,500,562,303,1
200000,2,1,1,38,-1,-1,-1,-1,-1,-1,3824,6115,11950,7311,18517,6787,6115,11950,7311,18567,6787,6653,0
80000,2,2,2,24,1,1,-1,-1,-1,-1,62550,0,10000,18150,7490,7490,10000,10000,18150,7490,7490,7490,0
160000,1,1,2,30,1,-1,-1,-1,0,-1,0,650,0,650,325,325,650,0,650,0,325,325,1
60000,2,1,2,27,0,0,0,0,0,0,62321,61015,58160,51237,29999,28972,3000,3016,5011,1005,1000,14000,0
230000,1,3,2,34,0,0,0,0,0,0,137122,138268,127797,130490,110153,112253,6700,6500,6513,4601,5000,5000,0
180000,2,1,2,28,-1,-1,-1,-1,-1,-1,26000,5480,5960,600,6800,12627,5488,5960,600,6800,12627,0,0
110000,1,1,2,30,0,0,0,0,2,2,60290,61688,63100,70391,68661,77511,3000,3000,9000,0,10000,3000,0
200000,2,1,1,37,-1,-1,-1,-1,0,0,9212,0,261,8203,13203,9691,0,261,8203,5000,0,13185,0
110000,2,2,1,45,0,0,0,0,0,0,36267,37234,37341,38208,39121,39785,1587,1694,1561,1474,1370,1514,0
90000,1,3,1,35,0,0,0,0,0,0,86821,71263,73515,74100,23500,23500,4000,4000,3000,0,0,0,0
290000,2,2,1,60,1,-2,-2,-2,-2,-2,0,0,0,0,0,0,0,0,0,0,0,0,0
500000,2,2,1,38,0,0,0,0,0,0,80460,79689,74664,70270,66053,63924,3527,3030,3028,2513,2100,2524,0
180000,2,1,2,33,1,-1,-1,-1,-2,-1,0,4163,7683,0,0,9500,4163,7683,200,0,9500,0,0
200000,2,1,2,27,-2,-2,-2,-2,-2,-2,4257,3690,4460,3190,5238,950,3690,4460,3190,5238,950,250,1
20000,1,2,1,34,1,2,2,0,0,0,16112,16851,16292,18010,18411,19455,1300,0,2000,1000,1500,1010,0
50000,2,2,1,28,0,0,0,0,0,0,45797,47226,48065,49158,50646,12927,2500,1900,1898,2386,629,792,1
360000,1,1,1,39,0,-1,-1,-1,0,-1,167685,3288,75244,6468,3169,3130,3304,75260,6484,24,3144,3458,0
20000,2,2,1,42,1,3,2,0,0,0,21001,20372,19376,20295,19505,19964,0,0,1400,390,459,241,0
50000,2,2,2,38,-1,-1,-1,-1,-1,-1,390,390,390,390,390,390,390,390,390,390,390,390,0
210000,2,1,2,33,-2,-2,-2,-2,-2,-2,1723,0,0,0,0,0,0,0,0,0,0,0,0
360000,1,2,1,29,0,0,0,-1,0,0,18454,16419,12932,91329,82929,70047,6028,6032,99578,2507,5376,2000,0
100000,1,2,1,28,0,0,0,0,0,0,74269,59948,56323,48985,23894,23402,2812,2081,2077,1003,1015,1000,0
80000,1,2,2,48,0,0,0,0,0,0,74349,75524,77448,48108,39104,39526,3400,4000,2000,2000,1423,2200,0
280000,2,2,2,35,0,0,0,0,0,0,259637,259593,261595,267359,236734,231064,10028,12500,13106,231064,15004,8004,0
500000,2,1,1,39,-2,-2,-1,2,2,-2,3625,0,501,501,902,544,398,501,0,544,544,0,0
200000,2,2,2,33,0,0,0,0,0,0,64932,66223,68261,69133,70689,72201,2365,3100,2600,2700,2800,2700,0
120000,1,2,2,30,-1,-1,-1,-1,-1,-1,2494,1991,1497,998,697,-103,1997,1506,1001,699,0,897,0
220000,2,3,2,39,0,0,0,0,0,0,209596,160515,141917,144811,147685,150780,6888,5155,5258,5284,5473,5505,0
50000,1,2,1,26,0,0,0,0,0,0,38189,28440,23228,21482,18029,18705,3000,1436,1162,2184,871,500,0
280000,2,3,1,45,0,0,0,0,0,0,294995,316345,334612,262625,172344,182776,26345,24612,22625,12344,12776,11852,0
200000,2,2,2,27,0,0,0,0,0,0,125854,127843,131352,130884,132142,118084,4775,6579,4734,4368,4183,4227,0
90000,2,2,3,36,0,0,0,0,0,0,91552,88751,54704,37660,32074,18372,55000,5023,5030,11000,9765,10000,0
280000,2,2,1,42,-2,-2,-2,-2,-2,-2,396,396,396,396,10948,61123,396,396,396,10948,61123,54802,0
20000,1,3,1,43,0,0,0,2,0,-1,18100,17926,19485,19503,19566,1320,2000,3000,1200,1000,1400,0,0
110000,2,1,2,29,0,0,0,2,0,0,107336,107195,109443,106637,106665,92417,5320,7845,4000,4000,3500,9500,0
20000,2,3,2,26,1,2,0,0,0,0,18025,17443,18117,17040,17763,17666,0,1277,1300,1000,799,2000,0
360000,2,1,2,35,-1,-1,-1,-1,0,0,1475,13466,17584,17354,37703,22490,14200,17631,17741,25203,10000,216,0
500000,2,1,2,28,-2,-2,-2,-2,-2,-1,4428,-31,-31,3963,3418,858,0,0,3994,3435,860,0,0
100000,2,1,2,27,0,0,0,0,0,0,43599,45865,54424,56032,59475,47491,3000,10000,2647,5000,2000,4000,0
500000,1,1,1,51,1,2,2,0,0,0,231300,235865,230713,235401,238828,243477,9838,0,10018,8845,8800,9000,0
170000,2,3,1,30,0,0,0,0,0,0,136639,138223,140964,138064,131845,128827,7200,7405,6022,4606,5006,4809,0
500000,2,1,1,44,0,0,0,0,0,0,111937,104203,96617,97437,185322,179697,4000,4009,17446,100000,10000,20000,0
160000,2,2,2,38,0,0,0,0,0,0,133017,125321,122044,111799,92039,89536,7008,6300,5000,3000,2606,4006,0
140000,1,1,1,36,0,0,0,0,0,0,127496,128675,131640,134183,91772,94290,5000,5041,5000,4000,4000,4000,0
150000,2,2,2,29,-1,-1,-1,-1,-1,-1,933,598,1062,0,1810,0,598,1062,0,1810,0,3163,0
140000,2,2,1,40,0,0,0,0,0,0,98221,97548,98457,102811,104605,106917,3600,5000,6000,5000,4000,10000,0
200000,2,5,1,27,0,0,0,0,0,0,185143,188678,191500,187835,139070,140171,7000,7512,7500,5100,5100,5500,0
50000,2,1,2,23,0,0,0,0,0,0,39787,28570,7545,8560,8730,8791,1600,1300,1300,460,350,480,0
500000,2,2,1,50,0,0,0,2,0,0,290301,296479,306661,306438,298068,293489,11000,15000,10000,10003,10000,11000,0
200000,1,3,1,49,0,0,0,0,0,0,51437,52580,53732,54837,56025,59511,2000,2000,2000,2100,4400,0,0
210000,1,2,1,44,1,-2,-2,-2,-2,-2,0,0,0,0,0,0,0,0,0,0,0,0,0
110000,1,1,2,29,-1,-1,0,0,0,0,750,71015,72517,72537,55600,72442,71022,5000,5000,5000,22000,5000,0
50000,2,2,2,38,-1,-1,-1,-1,-1,-1,390,390,390,390,390,390,390,390,390,390,390,390,0
360000,1,3,1,46,-2,-2,-2,-2,-2,-2,0,0,0,0,0,0,0,0,0,0,0,0,0
160000,1,1,2,27,-1,-1,-1,-1,-1,-1,316,316,2968,19656,4056,7496,316,2968,19666,4056,7496,4836,0
500000,1,2,2,32,0,0,0,0,0,-1,331751,254846,162969,142735,76989,106476,10558,7410,3068,94,106476,152,0
40000,2,1,1,40,-1,-1,-1,-1,-1,0,776,776,776,776,1552,776,776,776,776,1552,0,1459,1
290000,1,2,1,38,-2,-2,-2,-2,-2,-2,24709,291,6161,6200,3892,4072,291,6170,6216,3892,4072,4382,0
160000,1,1,2,30,1,-1,-1,-1,0,-1,0,650,0,650,325,325,650,0,650,0,325,325,1
50000,1,2,2,27,0,0,0,0,0,0,47452,48663,50297,36164,37616,39062,2000,2500,2000,2000,2000,2000,1
100000,2,1,2,30,-1,-1,-1,-1,-2,-2,430,35993,2772,0,0,0,35993,2772,0,0,0,0,0
280000,1,1,1,30,0,0,0,0,0,0,166037,166291,162992,134154,161057,167490,12126,39102,5000,30000,10000,10000,0
230000,1,2,1,33,1,-1,-1,-1,-1,-1,0,1427,0,198,0,525,1427,0,198,0,525,0,0
20000,1,1,2,24,1,-1,-1,-2,-1,-1,255,541,275,329,544,190,541,275,329,544,190,241,0
290000,2,1,2,35,-2,-2,-1,-1,0,0,2348,10421,566,12008,19820,17135,10421,566,12008,8012,343,2630,0
130000,1,2,2,25,0,0,0,0,0,0,39074,39767,38680,5654,1938,522,1766,1521,3100,0,10,0,0
50000,2,2,1,41,1,2,2,2,0,0,23165,21974,20544,17210,15754,10860,2000,2101,0,2201,1000,0,1
140000,2,2,1,24,0,0,0,0,0,0,62755,64001,65341,66674,68003,69424,2285,2365,2413,2431,2514,3000,0
150000,2,3,2,39,0,0,0,0,0,-1,60115,48412,37033,25032,12500,12500,1662,1783,1282,250,12500,12500,0
20000,2,2,1,42,0,0,0,0,0,3,6336,7350,8370,9380,10078,10072,1125,1145,1154,852,150,0,1
30000,2,2,2,34,0,0,0,0,0,0,23336,24642,25382,26351,25165,25536,1700,1440,1409,1048,927,932,0
90000,1,2,1,31,0,0,0,0,0,0,70329,69073,70561,72021,73912,58301,2471,2600,2633,3108,2052,1858,0
110000,2,2,2,33,0,0,0,0,0,0,103195,102713,103034,103112,94403,96072,5200,3804,4500,3400,3500,7700,1
150000,2,1,2,24,0,0,0,0,0,0,52824,15214,16452,17281,18576,18783,4000,2000,2000,2000,2000,3000,0
500000,2,1,1,44,0,0,0,0,0,0,111937,104203,96617,97437,185322,179697,4000,4009,17446,100000,10000,20000,0
20000,2,3,2,45,-1,-1,-1,-1,-1,0,390,350,360,370,780,390,350,400,400,800,0,390,0
60000,2,2,2,31,2,2,2,2,0,-1,57880,56355,59327,35305,17655,77775,0,4058,34,3000,40793,4952,1
350000,1,2,1,33,-1,-1,-1,-1,-1,0,694,10436,10857,12688,6344,5376,10524,10916,12745,6344,22,7186,0
450000,1,1,1,52,0,0,0,0,0,0,388009,393535,403891,415193,145198,138389,15000,16701,20101,7000,5750,10000,0
80000,2,2,1,37,2,2,2,2,2,-2,1662,3347,4140,3920,0,0,2427,1000,0,0,0,0,1
270000,1,1,1,39,0,0,0,-1,0,0,18221,5973,6511,49873,44658,40703,3005,3027,49935,5021,2004,5008,0
160000,1,3,1,33,0,0,0,0,-2,-2,25058,20624,16280,0,0,0,1344,1000,0,0,0,0,0
390000,2,1,2,38,-1,-1,-1,-1,0,0,4989,2056,8886,16396,12761,6707,2076,8926,16413,30,33,5900,0
300000,2,2,1,34,0,0,0,0,0,0,59900,62391,66156,66621,68030,70101,3500,5017,5000,2000,2500,8128,0
150000,2,4,2,31,-2,-2,-2,-2,-1,2,9846,5345,0,0,1493,159,5345,0,0,1493,0,1119,0
250000,2,3,1,43,-2,-2,-2,-2,-2,-2,278,278,278,278,278,428,278,278,278,278,428,278,0
30000,2,2,1,35,0,0,0,0,0,0,25485,26503,27486,25663,26979,24306,1447,1430,1684,2000,892,2000,0
140000,2,2,2,35,0,0,0,0,0,0,84873,82471,84235,82432,81465,83160,4000,4010,3800,3200,3100,3000,0
230000,2,5,1,39,-1,-1,0,0,-2,-2,7479,31280,120000,0,0,0,31280,90000,0,0,0,0,0
150000,1,3,1,43,-1,2,-1,-1,-1,-1,1280,390,390,780,1746,0,0,390,780,1746,0,0,0
280000,1,1,2,31,0,0,0,0,0,0,148186,150724,153762,155242,143679,145615,5000,5006,4408,4117,4600,4600,0
330000,1,3,1,37,-2,-2,-2,-2,-2,-2,0,0,0,0,0,0,0,0,0,0,0,0,0
270000,2,1,2,26,0,0,0,0,0,0,209164,201798,186008,173810,159418,139200,6429,5959,6863,3762,3907,4207,0
200000,2,1,2,26,0,0,0,0,2,2,71574,74755,76945,82914,83733,80498,5000,4000,8000,2900,0,5700,1
500000,1,5,1,53,0,0,0,0,0,0,431243,415022,421996,426103,125218,126650,11000,12602,11000,4711,6000,11000,0
210000,2,1,1,30,1,-1,-1,-1,-1,-1,0,820,718,424,631,843,820,718,424,631,843,0,0
410000,1,2,1,46,2,2,2,2,2,0,71532,73643,72083,76603,74964,76370,3700,0,6147,0,2577,2747,1
10000,2,2,1,38,1,3,2,0,-1,0,3980,3771,3564,4500,5039,5275,0,0,1000,5039,375,0,1
340000,2,1,2,26,1,2,2,2,2,0,17211,19262,20012,19728,19042,11728,2637,1353,531,14,235,1400,0
80000,1,1,2,42,5,4,3,2,0,0,74477,68633,62890,56788,52287,52287,0,0,0,0,0,50771,0
40000,1,2,1,55,1,-2,-2,-2,-2,-2,-150,-540,-930,-1320,-1710,-2100,0,0,0,0,0,0,1
30000,1,2,2,32,2,3,2,2,2,0,32704,31895,31091,31002,29879,29382,0,0,2300,0,996,1000,0
150000,2,3,1,48,0,0,0,2,0,0,36717,37800,40874,39922,40953,42136,2000,4000,0,2000,2000,2000,0
90000,2,1,2,24,0,0,0,0,0,0,53173,19825,20840,21023,20776,21055,1324,1339,1638,890,763,769,0
50000,1,2,2,24,0,0,0,0,0,0,19267,23553,21507,17827,7655,7881,5000,1700,2000,500,500,500,0
150000,2,2,1,49,1,-1,-1,-1,-1,-1,0,970,8867,0,600,0,970,8867,0,600,0,0,0
180000,1,3,2,44,0,0,0,0,0,0,172064,175287,119687,131725,134122,133961,8000,5018,21000,6000,6000,6000,0
240000,2,1,2,29,-2,-2,-2,-2,-2,-2,28438,29923,7655,23918,265852,2225,29923,7655,23925,265852,2225,13478,0
40000,2,1,1,40,-1,-1,-1,-1,-1,0,776,776,776,776,1552,776,776,776,776,1552,0,1459,1
20000,1,1,2,30,-1,-1,3,2,0,0,323,24910,22469,21780,20363,20199,26703,0,0,1000,800,1000,1
140000,1,1,2,32,0,0,2,2,2,2,32678,37303,37114,38687,41338,40645,5400,600,2400,3500,0,1539,0
150000,2,3,1,42,-1,-1,-1,-1,-1,0,11070,5947,6152,7306,18726,13839,6151,6427,7306,18738,0,7154,0
110000,2,2,1,31,-1,2,2,-1,-1,-1,832,832,416,416,416,416,416,0,416,416,416,416,1
90000,1,1,2,27,0,0,0,2,0,0,84404,86109,92140,88296,88357,85506,3100,8100,0,3200,3000,3500,0
370000,1,1,1,45,0,0,0,0,0,0,123485,129885,134782,141002,145637,149281,10000,7000,10000,7000,6000,6000,0
220000,2,3,2,39,0,0,0,0,0,0,209596,160515,141917,144811,147685,150780,6888,5155,5258,5284,5473,5505,0
50000,2,3,2,52,0,0,0,0,0,0,47670,48447,49493,48497,18930,19329,1954,2000,20567,1000,664,1000,0
40000,1,1,2,26,0,0,0,2,0,0,38131,35382,38744,38807,39933,38646,1600,4950,1400,2000,1400,1500,0
20000,1,3,2,24,4,3,2,0,0,0,20569,19927,16371,17291,18001,18706,0,0,1500,1000,1000,836,1
120000,2,1,2,25,0,0,0,0,0,0,58106,53974,51786,43180,41469,42004,2000,3000,3000,4000,4000,2000,0
50000,2,1,2,24,0,0,0,0,0,2,12986,13994,15020,16335,17040,16625,1230,1256,1571,1276,0,624,0
30000,1,1,2,24,-1,0,0,0,0,0,1426,2539,3437,5365,6275,7172,1300,1100,2000,1000,1000,2000,0
160000,2,2,2,28,-1,-1,-1,-1,-1,-1,5171,3634,4436,1978,3781,1732,3634,4436,1978,3781,1732,715,0
50000,1,2,2,27,0,0,0,0,0,0,49321,47912,39421,40165,41198,43766,1700,2000,1700,1700,3400,1000,0
230000,2,1,1,43,-1,-1,-1,-1,-1,-2,390,390,0,780,0,0,390,0,780,0,0,0,1
270000,1,1,1,39,0,0,0,-1,0,0,18221,5973,6511,49873,44658,40703,3005,3027,49935,5021,2004,5008,0
150000,2,2,2,31,1,2,2,2,0,0,22723,22060,25195,24497,24791,25462,0,3500,0,1000,1071,950,0
60000,2,1,2,33,1,2,0,0,0,0,11776,11295,12799,14272,15225,16320,0,2000,2000,1500,1500,1500,0
400000,2,1,1,29,0,0,0,0,0,0,5074,4097,7716,12538,17305,22499,1097,3716,5000,5000,5668,7000,0
230000,1,1,1,38,-2,-2,-2,-2,-2,-2,7904,860,-3,-3,-3,-3,864,0,0,0,0,0,0
310000,1,3,2,28,-1,2,-1,-1,-1,0,186,186,3550,653,14353,15932,0,3567,654,14428,15018,20000,0
30000,2,2,2,25,1,2,2,0,0,-1,30937,32627,31827,32080,30890,990,2500,0,1200,0,990,8721,0
50000,2,2,1,41,1,2,2,2,0,0,23165,21974,20544,17210,15754,10860,2000,2101,0,2201,1000,0,1
100000,2,2,2,28,0,0,0,0,0,0,50697,51813,53416,32422,33177,42560,1959,2545,1513,1268,10000,10000,0
50000,2,2,1,29,0,0,0,0,0,0,48529,42955,50543,49032,19830,18299,3000,9000,2000,2000,700,4000,0
240000,2,2,1,43,-1,-1,-2,-1,-1,-1,54,0,0,177,199,559,0,0,177,200,559,0,0
140000,2,2,2,24,-1,-1,-1,-2,-1,0,22732,6624,-514,-1334,2125,1606,6624,0,0,3731,0,0,0
50000,2,3,1,51,0,0,0,0,0,0,22000,20454,21899,20895,11241,-861,2000,2100,2000,1000,0,39500,1
50000,2,2,1,37,2,2,2,2,2,3,19068,19947,21124,21480,22822,22171,1500,1800,1000,2000,0,1000,1
300000,2,1,1,34,-1,-1,-1,-1,-2,-2,56,0,849,0,0,112,0,849,0,0,112,550,0
480000,2,1,2,34,-1,-1,-1,0,-1,-1,19810,3478,7782,4720,4440,96628,3495,8037,4523,4462,96665,6865,0
10000,2,2,2,37,-1,-1,-1,-1,0,0,6993,4165,5794,9576,7818,7580,6495,5794,9585,7580,152,390,0
20000,1,2,2,37,1,2,0,0,0,0,14440,13916,15376,18075,18830,20423,0,2000,3000,1000,2000,0,1
200000,2,1,2,30,0,0,0,0,2,0,89874,92567,96064,103511,100951,103364,4200,5000,9054,0,4200,4000,0
360000,2,1,2,32,0,0,0,0,0,0,272112,272444,256974,241226,241673,233157,10130,12649,8916,7725,8900,6956,0
100000,2,1,2,34,0,0,0,0,0,2,66193,63155,50385,31371,54713,28347,3413,5010,10005,30326,0,20000,0
50000,1,2,2,27,0,0,0,0,0,-1,50580,48956,49252,28838,2102,19366,3000,4063,1700,600,20000,1000,0
430000,2,1,2,36,0,0,0,0,0,0,258212,232225,237297,240682,245337,242481,10500,10300,9000,8541,9054,8543,1
500000,2,1,2,44,-2,-2,-2,-2,-2,-2,522,17643,1462,6224,0,0,20007,5000,7000,0,0,0,0
260000,1,1,1,38,0,0,0,0,0,0,94152,91774,89485,85906,83619,81260,4150,4153,2913,3012,3088,3033,0
30000,2,2,2,25,0,0,0,0,0,0,21020,21207,21403,21074,21289,21425,2000,2000,1500,2000,1000,1000,1
180000,2,2,1,34,0,-1,-1,-1,-1,-2,13954,5589,4312,2490,0,0,5589,4312,2490,0,0,150,0
30000,2,2,1,31,0,0,0,0,0,0,24358,23798,23071,23496,26562,27346,3000,4000,3000,5000,5000,3000,0
50000,2,2,1,51,2,2,2,2,3,2,15902,17328,18746,20623,20019,19227,2000,2000,2500,0,0,1000,0
90000,2,2,2,34,0,0,0,0,0,0,30026,29239,14027,13559,14331,14948,2000,1518,1500,1000,1000,1000,0
300000,2,1,2,31,-1,-1,-1,-1,-1,-1,720,0,69190,0,686,2927,0,69190,0,686,2927,2995,0
80000,1,2,2,30,0,0,0,0,0,0,64330,65813,66282,67285,68309,71830,2934,2500,2500,2500,5000,3000,0
100000,2,2,2,30,1,2,0,0,2,2,31708,30904,31953,34308,34951,34261,0,1850,3200,1500,0,1500,1
20000,2,1,2,24,0,0,0,2,0,0,19335,20094,19495,18845,19023,17928,1415,3600,0,700,4500,1900,0
160000,2,2,1,32,0,0,0,0,0,0,18400,18699,26919,29801,40433,51329,10000,10018,15021,15000,20000,20000,0
100000,2,3,1,39,-1,-1,0,-1,-1,-1,380,1357,1977,380,380,1253,1357,1000,380,380,1253,2434,0
300000,2,2,2,28,0,0,0,0,0,0,327724,325970,325020,319750,265136,262378,11250,11877,10487,7831,8092,7634,0
20000,2,2,2,24,0,-1,-1,0,-1,-1,4261,7830,17213,4781,3178,15834,7830,17221,1203,3178,15834,0,0
520000,2,3,1,54,0,0,0,0,0,0,653062,671563,689627,706864,383160,294641,28500,30500,30000,15000,15000,0,0
20000,1,1,2,26,-1,-1,0,-1,0,0,587,2195,1758,3720,3820,0,2195,1500,3720,100,0,0,0
200000,2,1,1,41,1,-1,0,-1,2,0,2217,61328,2877,160944,156864,160066,61634,2877,160944,0,5900,13000,1
180000,2,3,2,27,-1,-1,-1,-1,-1,-1,3578,3898,0,715,4079,0,3898,0,715,6942,0,213,0
50000,2,3,2,28,0,0,0,0,0,0,52775,54397,55328,42511,31032,34510,2500,2000,2000,5000,4000,3000,1
80000,2,2,1,27,0,0,0,0,0,0,77039,78746,79757,40498,29212,29621,2984,2449,1612,798,1307,359,1
150000,1,3,2,39,0,0,0,0,0,0,42029,42678,11413,12418,12415,13211,2100,1500,1500,500,1000,2300,0
470000,1,1,2,29,-1,0,0,0,0,0,215666,209106,207970,212373,193628,184908,7395,8037,9048,10000,6115,5750,0
50000,1,1,2,22,0,0,0,0,0,0,38251,34489,32252,6182,17118,8922,4000,1500,1500,2500,500,400,0
50000,2,3,1,58,1,2,2,2,0,0,24135,23454,26755,26026,27310,29729,0,4000,0,2000,3000,0,1
20000,2,1,2,23,-1,0,0,0,0,0,19364,19082,19286,19637,18826,19522,1358,1321,1400,1000,1000,2583,0
150000,2,1,2,34,-1,0,0,0,0,0,7249,4090,36897,35755,16251,7392,1070,35755,2000,0,2000,2931,0
260000,1,2,2,29,-1,2,2,-2,-1,2,8832,1528,0,0,5987,5837,15,0,0,5987,0,27887,1
170000,1,1,2,51,0,0,0,0,0,0,201851,195038,189067,180389,137030,129222,6873,7509,5573,4309,4239,5142,1
100000,2,3,2,27,0,0,0,0,0,0,89312,141034,61119,58535,54224,51204,3000,2208,2700,2000,1844,1709,0
50000,1,2,2,24,0,0,0,0,0,0,19267,23553,21507,17827,7655,7881,5000,1700,2000,500,500,500,0
150000,2,1,2,34,1,-1,-1,-2,-2,-2,0,53,0,0,0,0,53,0,0,0,0,0,0
360000,2,3,2,39,1,-2,-2,-2,-2,-2,0,0,271,-1,560,0,0,271,0,561,0,0,0
50000,2,2,1,23,2,2,0,0,0,0,54866,51520,41711,22775,4215,3016,1000,1860,1600,452,100,114,1
280000,2,2,2,29,-2,-2,-2,-2,-2,-2,190601,4987,651,3126,3707,11225,4987,651,3126,3707,11225,10482,0
150000,2,1,2,29,-1,-1,-1,-1,-1,-1,962,5868,15218,15965,9275,25321,5868,15283,15972,9275,25321,7350,0
80000,2,2,2,28,0,0,0,0,0,0,77391,78198,78840,79855,79488,80001,2784,2887,3402,2790,2867,2894,0
200000,1,2,2,25,1,2,0,0,0,0,124652,109401,63518,14607,16399,18026,6,5000,2000,2000,2000,20000,0
50000,2,2,1,51,2,2,2,2,3,2,15902,17328,18746,20623,20019,19227,2000,2000,2500,0,0,1000,0
200000,2,2,1,31,-1,2,-1,2,2,-1,2480,150,206,56,56,440,0,206,0,0,880,440,0
320000,2,2,1,37,2,2,2,2,2,2,289260,297888,304025,308421,315291,310339,14500,12001,10500,13000,1,120021,0
300000,2,2,2,28,0,0,0,0,0,0,327724,325970,325020,319750,265136,262378,11250,11877,10487,7831,8092,7634,0
180000,1,2,1,28,0,0,0,0,2,0,148735,150771,156334,165696,165582,168952,6000,8000,13500,4110,6200,13600,0
30000,2,1,2,23,2,0,0,0,0,0,25366,26554,27435,28270,28632,30193,2000,2000,2000,1500,2400,1100,1
20000,1,2,2,27,0,0,0,0,0,0,12546,13830,14599,15650,15964,17204,1500,1300,1300,574,1500,0,1
70000,1,2,2,31,0,0,0,0,0,0,35515,36619,37725,38792,39447,40361,2000,2000,2000,1600,1700,1700,0
30000,2,2,2,53,-1,-1,0,0,0,0,356,15666,16863,7380,8580,10000,15700,2000,2000,1200,2200,0,1
420000,1,2,1,24,0,0,0,0,0,0,392639,397332,376317,214062,164003,162836,16117,20516,7092,6019,4636,5570,0
50000,2,3,1,27,2,0,0,0,2,0,11275,37651,38498,40644,39731,35657,27234,1754,2900,0,1265,832,1
30000,2,2,1,26,0,0,0,0,2,0,20105,21419,22278,24423,19985,15021,1650,1506,2651,0,2044,550,0
230000,2,2,1,35,0,0,0,0,0,-2,68755,35137,34305,22752,5123,0,1607,4305,1000,5123,0,2810,0
230000,1,2,1,35,0,0,0,0,0,0,174274,176853,180639,180117,179717,124117,7004,10000,5000,0,5000,189600,0
70000,1,3,2,27,2,2,2,3,3,2,58009,56479,63633,64500,62867,64210,0,8100,2500,0,2500,2455,1
400000,2,2,2,42,-1,-1,-1,-1,0,0,3608,4032,9885,65207,59247,53752,4052,9939,65243,1239,5366,10435,0
20000,1,3,2,24,2,0,0,2,2,2,8295,9310,12130,11644,12250,11910,1160,2980,0,1100,0,1000,1
150000,2,2,1,49,1,-1,-1,-1,-1,-1,0,970,8867,0,600,0,970,8867,0,600,0,0,0
50000,2,2,1,47,0,0,0,0,0,0,48433,49664,49405,47522,28711,28060,3500,2013,1863,1006,1300,2500,0
230000,2,4,2,26,1,-1,2,-1,-1,-1,0,500,500,624,1090,2952,500,0,624,1090,2952,1505,0
250000,2,2,1,38,2,0,0,0,0,0,236546,232795,189111,189558,185565,189003,8007,7000,8200,7000,7000,8000,0
240000,2,1,2,28,-2,-2,-2,-2,-2,-2,1981,-2076,-2076,-2076,-2076,-253,0,0,0,0,1823,0,0
180000,2,2,1,24,0,0,-2,-1,-1,-2,6272,0,0,1000,2190,0,0,0,1000,2190,0,384,0
20000,2,2,2,46,-1,-1,-1,-1,-2,-2,390,0,780,0,0,0,0,780,0,0,0,0,1
20000,1,2,1,25,0,0,0,0,0,0,14447,15455,17562,17322,17119,17350,1552,2659,1419,606,500,1000,0
110000,1,1,2,35,3,2,2,3,3,2,450,450,450,450,450,300,0,0,0,0,0,288,1
150000,2,1,2,26,0,0,0,0,0,0,136736,125651,116684,101581,77741,77264,4486,4235,3161,2647,2669,2669,0
80000,1,2,2,48,0,0,0,0,0,0,74349,75524,77448,48108,39104,39526,3400,4000,2000,2000,1423,2200,0
330000,1,2,1,48,-2,-2,-2,-2,-2,-2,6051,8346,8952,2732,2732,2732,8387,8996,2745,2745,2745,2734,0
160000,1,3,1,33,0,0,0,0,-2,-2,25058,20624,16280,0,0,0,1344,1000,0,0,0,0,0
230000,1,1,2,39,-1,-1,-1,-1,2,-1,260,834,-150,517,53,603,1000,0,667,0,700,10200,0
20000,1,1,2,26,-1,-1,0,-1,0,0,587,2195,1758,3720,3820,0,2195,1500,3720,100,0,0,0
90000,1,2,1,55,0,0,0,0,0,0,15019,19740,25382,27132,31675,37900,5000,6000,5000,5000,8000,2000,0
160000,1,2,1,46,0,0,0,0,0,0,116988,114956,114531,106467,106967,109245,4200,5555,4000,4000,4000,4200,0
20000,1,2,2,23,0,-1,-1,-1,0,0,6321,4813,595,18628,19324,19208,6000,597,21722,1000,697,860,0
160000,2,3,1,38,0,0,0,0,0,0,151963,141884,143428,146289,128133,124606,5100,7100,7500,4500,5000,4800,0
50000,2,1,2,27,2,0,0,0,2,0,48064,47691,49140,49423,48377,48158,3000,2525,3900,0,2000,4500,1
20000,2,2,2,38,1,4,3,2,0,0,21769,21139,20521,19817,14932,10812,0,0,0,448,380,345,0
200000,2,2,1,33,0,0,0,0,0,0,15126,14633,14918,16992,8967,8494,3000,2000,5000,2000,1000,2000,0
200000,2,2,2,34,0,0,2,2,0,0,189490,204278,207559,202518,164682,168224,18000,8000,0,6000,6200,7000,1
200000,1,2,1,44,0,0,0,0,0,0,71656,63331,54977,45849,32706,23542,1714,1602,1144,786,471,2300,0
90000,2,2,1,43,-2,-2,-2,-2,-2,-2,0,0,0,0,0,0,0,0,0,0,0,0,0
50000,2,3,1,58,0,0,0,0,0,0,7308,7987,8582,9719,9692,9663,1200,1500,1300,500,500,500,0
80000,1,1,2,26,0,0,0,0,0,0,56808,55901,57030,56576,53819,48604,3000,3010,4000,5000,3000,2200,0
100000,2,1,2,34,0,0,0,0,0,2,66193,63155,50385,31371,54713,28347,3413,5010,10005,30326,0,20000,0
220000,2,3,2,39,0,0,0,0,0,0,209596,160515,141917,144811,147685,150780,6888,5155,5258,5284,5473,5505,0
160000,1,1,2,28,-1,-1,-1,-1,0,0,498,498,493,16931,18913,19272,498,493,16936,8030,7000,500,0
20000,2,1,2,23,-1,0,0,0,0,0,19364,19082,19286,19637,18826,19522,1358,1321,1400,1000,1000,2583,0
500000,2,3,1,40,0,0,0,0,0,-1,38322,38913,27489,27053,-9,14863,1284,1231,1154,0,14872,121,0
500000,2,1,1,44,0,0,0,0,0,0,111937,104203,96617,97437,185322,179697,4000,4009,17446,100000,10000,20000,0
320000,1,1,1,40,-2,-2,-2,-2,-2,-2,968,6444,23384,4310,5980,13522,6476,23507,4336,6010,13589,3574,0
200000,2,2,2,34,0,0,2,2,0,0,189490,204278,207559,202518,164682,168224,18000,8000,0,6000,6200,7000,1
300000,1,2,1,55,0,0,0,0,0,0,69994,71388,72886,74371,75854,77440,2552,2645,2696,2716,2809,2826,0
30000,2,2,2,34,0,0,0,0,0,0,23336,24642,25382,26351,25165,25536,1700,1440,1409,1048,927,932,0
230000,2,2,2,28,0,0,0,0,0,0,111295,112425,95155,72983,70329,69340,4473,5000,2624,2360,3100,1600,0
500000,1,1,1,31,0,0,0,0,0,0,400780,408982,373137,316654,324049,294926,30000,25025,20000,15010,20000,0,0
90000,2,3,1,35,0,0,0,0,0,0,35872,35687,35538,34780,34468,30520,1578,1583,1773,1294,1248,1276,0
300000,2,3,1,37,1,-2,-1,-1,0,0,43459,26115,26283,16624,6316,8394,26137,26443,16624,6166,8078,25763,0
200000,2,3,1,29,-1,-1,-2,-2,-2,-1,161,0,0,0,0,1063,0,0,0,0,1063,1089,0
50000,1,3,1,42,0,0,2,2,0,0,18838,22834,23553,22876,23328,24955,4650,1380,0,832,2000,0,0
100000,1,2,1,46,1,2,2,0,0,0,22648,23978,23312,24617,25109,25654,2000,0,2000,1200,1100,1200,1
50000,2,5,1,33,1,2,0,-1,2,0,26358,24890,25440,26191,25193,25742,4,1925,28293,0,1100,2030,0
210000,1,2,1,44,1,-2,-2,-2,-2,-2,0,0,0,0,0,0,0,0,0,0,0,0,0
260000,1,2,1,31,-1,2,-1,-1,-1,-1,7559,4860,1350,4645,4625,12209,0,1350,4645,4625,12209,4365,0
50000,2,2,1,41,1,2,2,2,0,0,23165,21974,20544,17210,15754,10860,2000,2101,0,2201,1000,0,1
110000,1,1,2,29,-1,-1,0,0,0,0,750,71015,72517,72537,55600,72442,71022,5000,5000,5000,22000,5000,0
60000,1,3,2,31,2,2,2,2,0,0,31649,30841,34336,33489,35615,38027,0,4000,0,3000,3000,2000,1
190000,2,2,1,40,0,0,0,0,0,0,124082,125032,129167,130331,132958,135814,4500,6147,4800,4800,5000,10600,0
50000,2,2,1,41,0,0,0,0,0,0,47406,48332,44295,43638,18788,15468,2200,2100,2228,1000,500,1150,1
50000,1,3,1,42,0,0,2,2,0,0,18838,22834,23553,22876,23328,24955,4650,1380,0,832,2000,0,0
80000,2,2,2,22,0,0,0,0,0,0,76405,77043,79524,75773,29126,8671,2780,3745,1628,596,173,2114,0
500000,2,1,2,28,-2,-2,-2,-2,-2,-1,4428,-31,-31,3963,3418,858,0,0,3994,3435,860,0,0
290000,2,2,1,41,0,0,2,0,0,0,4783,7239,6957,4954,7221,6988,2552,0,1000,5000,2500,3659,0
30000,1,2,2,32,2,3,2,2,2,0,32704,31895,31091,31002,29879,29382,0,0,2300,0,996,1000,0
310000,1,2,2,46,2,0,0,0,0,0,102064,104072,105063,107113,109263,120347,5030,4000,3633,3671,12600,0,1
100000,1,2,1,38,0,0,0,0,0,0,15788,8242,10095,11636,6649,8649,2000,2000,2007,2000,2000,5000,0
100000,1,1,2,38,0,-1,-1,0,0,0,3042,1427,102996,70626,69473,55004,2000,111784,4000,3000,2000,2000,0
300000,1,1,1,40,-2,-2,-2,-2,-2,-2,5649,5649,5649,5699,5466,19878,5649,5649,5699,5616,20272,0,0
340000,1,3,1,36,0,0,0,0,0,0,362178,303611,92112,75710,63870,52671,10116,3300,5000,10000,10000,30000,1
290000,2,1,1,32,-2,-2,-2,-2,-2,-2,4340,3686,3094,8164,1509,8262,3686,3112,8164,1509,8262,2032,1
210000,1,1,1,49,-1,-1,-1,-1,-1,-1,291,291,291,291,291,291,291,582,291,291,291,291,0
260000,2,2,1,33,0,0,0,0,0,0,151123,134736,135593,120909,102524,40157,4002,6067,10000,3000,40157,1466,1
220000,1,2,1,41,0,0,-1,-1,-2,-2,45075,8840,1369,5924,1759,1824,8840,6643,5924,1759,1824,7022,0
320000,2,1,1,29,-1,0,0,-2,-2,-2,2799,7932,0,0,0,0,7329,0,0,0,0,0,0
150000,2,1,2,34,-1,0,0,0,0,0,7249,4090,36897,35755,16251,7392,1070,35755,2000,0,2000,2931,0
50000,1,2,1,26,1,4,3,2,2,3,13294,12799,12311,11816,14014,13506,0,0,0,2394,0,0,1
310000,1,3,2,28,-1,2,-1,-1,-1,0,186,186,3550,653,14353,15932,0,3567,654,14428,15018,20000,0
180000,2,2,1,48,-1,-1,-1,-1,-2,-2,4498,-2,760,0,0,245,0,762,0,0,245,884,0
100000,2,3,1,35,2,2,2,2,2,2,93983,97002,102698,97997,103384,97266,5500,8200,0,8000,0,8600,1
30000,2,2,2,31,0,0,0,0,0,0,28651,28716,26570,26829,26839,27449,1800,2000,1600,1000,1000,1000,0
180000,2,1,1,36,0,0,0,0,0,0,4911,6688,8432,9977,10030,10836,2000,2000,2000,500,1100,0,0
50000,2,1,2,26,2,0,0,2,2,2,25875,27132,29695,30908,30112,32123,2000,3000,2000,0,2500,0,1
50000,2,3,1,33,0,0,-2,-2,-2,-2,23500,0,0,0,0,0,0,0,0,0,0,0,0
240000,2,1,2,29,0,-1,0,0,0,0,10747,30380,15579,20496,15296,24332,30439,10023,10000,5000,15000,15000,0
210000,1,1,2,32,0,0,0,0,0,0,218742,218317,73874,73219,96844,94731,10000,5000,5000,30000,4500,15000,0
50000,2,3,2,25,0,0,0,0,0,0,27232,26777,27129,26613,26057,25924,1439,1464,1401,908,935,924,0
330000,1,3,1,37,-2,-2,-2,-2,-2,-2,0,0,0,0,0,0,0,0,0,0,0,0,0
160000,2,3,3,36,-1,-1,0,-1,-1,-1,9330,31745,22829,6000,6000,0,31745,1049,6000,6000,0,4345,0
30000,2,1,2,22,-2,-2,-2,-2,-2,-2,8066,4869,3781,1991,3951,2612,4869,4000,1991,3951,2612,2668,0
110000,1,1,2,26,0,0,0,0,0,0,65215,130746,69834,71245,72199,73711,2375,10000,3170,2735,2829,3138,0
200000,2,1,2,45,-1,-1,-1,-2,-2,-2,2377,221,0,0,0,0,221,0,0,0,0,0,0
50000,1,3,1,31,1,1,-2,-2,-2,-2,43200,0,0,0,0,0,6000,0,0,0,0,0,0
20000,2,2,2,21,-1,-1,2,2,-2,-2,390,780,780,0,0,0,780,0,0,0,0,0,0
80000,2,3,2,33,-1,-1,-1,-1,0,0,6607,6205,-1573,12481,4104,2052,6205,675,14956,0,0,3274,0
20000,1,2,2,25,1,2,0,0,-1,0,20873,20240,20365,19565,9928,12758,4,1378,1203,15460,3000,2000,1
350000,1,3,2,36,-1,-1,-1,-1,-1,-1,9189,6080,12622,18103,13547,38868,6088,12635,18119,13547,38868,4650,0
30000,2,6,2,45,0,0,0,0,0,0,25298,26866,27662,28474,28494,0,2000,2000,1500,1000,0,0,0
270000,2,2,1,39,0,0,0,0,0,0,85827,87664,90515,91903,93864,96118,3000,4000,3403,3200,3479,4000,0
40000,2,3,1,40,1,-1,2,2,2,-2,-531,2661,3871,1488,0,0,3383,2000,0,0,0,431,1
90000,2,2,2,23,0,0,0,0,-1,-1,88015,69701,52046,42541,8571,4653,5640,16021,13280,8571,19653,12000,0
300000,2,2,1,38,0,-1,0,0,0,0,1250,940,11240,12137,15937,16437,940,10300,1200,4000,500,6000,0
60000,2,1,1,28,0,0,0,0,0,2,46233,47263,48696,50385,52045,52661,2100,2500,2500,2500,1600,1500,0
140000,1,1,1,36,0,0,0,0,0,0,127496,128675,131640,134183,91772,94290,5000,5041,5000,4000,4000,4000,0
30000,2,1,2,46,0,0,0,0,2,0,18910,20592,21949,24116,23430,25044,2000,2000,2535,0,2000,2300,0
150000,2,3,2,39,0,0,0,0,0,-1,60115,48412,37033,25032,12500,12500,1662,1783,1282,250,12500,12500,0
240000,2,4,2,25,0,0,0,0,0,0,26501,26869,27488,17891,6696,4129,5000,6000,3000,0,0,3585,0
100000,2,2,1,43,0,0,0,0,0,-2,94713,97503,100138,99000,0,0,4366,5100,2000,0,0,0,0
200000,2,1,1,38,-1,-1,-1,-1,-1,-1,3824,6115,11950,7311,18517,6787,6115,11950,7311,18567,6787,6653,0
110000,2,1,2,29,1,2,0,0,0,0,113093,106321,107630,106354,79154,69988,3,4334,4250,2946,2506,2458,0
80000,2,1,2,43,0,0,0,-2,-1,-1,80958,77783,-478,-1739,1261,1261,1556,0,0,4261,1261,540,0
110000,1,2,1,44,0,0,0,0,0,0,82503,84214,90877,92986,49901,49649,3083,9563,4000,1800,2000,2000,0
230000,2,5,1,39,-1,-1,0,0,-2,-2,7479,31280,120000,0,0,0,31280,90000,0,0,0,0,0
50000,2,3,2,49,0,0,0,0,0,0,39803,37595,23250,26293,21508,20971,5007,1602,10002,5000,2000,2000,0
20000,1,1,2,30,-1,-1,3,2,0,0,323,24910,22469,21780,20363,20199,26703,0,0,1000,800,1000,1
260000,2,2,1,30,0,0,0,0,0,0,66433,67134,67768,69033,70166,71377,2400,2496,2429,2599,2827,2050,0
210000,2,1,1,40,1,2,2,2,0,0,66635,56729,73783,58144,27617,14695,0,20012,24,33,0,223,0
170000,2,1,1,50,-1,-1,-1,-1,-1,-1,1978,2191,3185,0,582,3779,2191,3185,0,582,3779,75,0
500000,2,2,1,34,-2,-2,-2,-2,-2,-2,17172,34674,6229,11534,12482,18192,35454,6229,11534,12564,18192,32550,0
440000,2,1,1,31,0,-1,-1,-1,-1,-2,232526,1025,0,26549,0,1000,1025,0,26549,0,1000,150,0
200000,2,2,1,37,0,0,0,0,0,0,114480,117791,123108,124327,127011,134519,5000,7000,4500,4500,9500,5000,0
280000,2,4,2,29,0,0,0,0,-2,-2,4567,5724,7184,0,0,0,2500,3000,0,0,0,0,0
260000,1,1,1,39,0,0,0,0,0,0,5992,7000,8024,9185,9384,9426,1116,1140,1301,500,341,343,0
80000,2,3,1,50,0,0,0,-1,-1,-1,55070,57863,54382,773,-5857,57071,5012,7450,5000,1630,69794,15000,0
80000,2,2,2,22,0,0,0,0,0,0,76405,77043,79524,75773,29126,8671,2780,3745,1628,596,173,2114,0
50000,2,1,2,23,0,0,0,0,0,0,39787,28570,7545,8560,8730,8791,1600,1300,1300,460,350,480,0
350000,1,2,1,38,1,2,0,0,2,0,70845,69318,71301,75129,71313,68046,0,3500,5500,0,2500,2000,0
280000,1,2,1,30,-1,3,2,-1,-1,-1,652,652,326,476,2482,-101,0,0,476,2482,101,326,0
240000,2,1,2,33,-2,-2,-2,-2,-2,-2,5000,0,5000,0,254,9366,0,5000,0,254,9366,1150,0
140000,2,2,1,40,0,0,0,0,0,0,98221,97548,98457,102811,104605,106917,3600,5000,6000,5000,4000,10000,0
150000,2,2,1,29,2,0,0,0,2,2,123248,126311,130388,138246,140513,118464,5000,6000,10500,5015,173,102,1
160000,1,2,2,33,0,0,0,0,0,0,78859,81539,84216,86812,87679,90264,4000,4000,4000,3200,4000,4000,0
200000,2,1,1,46,-1,-1,-1,-1,-1,-1,10687,18021,3275,5430,6683,7790,18031,3275,5430,6871,7790,8901,0
260000,2,2,1,33,0,0,0,0,0,0,151123,134736,135593,120909,102524,40157,4002,6067,10000,3000,40157,1466,1
30000,1,2,2,25,2,0,0,0,0,0,24279,25281,26568,29872,23504,25724,1713,2000,4000,0,3000,1000,1
80000,2,2,1,27,1,2,0,0,0,0,81841,79062,74722,40151,28424,29059,15,2876,2052,625,693,84,1
200000,2,1,2,33,-2,-2,-2,-2,-2,-2,9099,3771,664,0,641,5506,3775,664,0,641,5506,1847,0
20000,2,2,1,35,1,2,2,2,0,0,16335,15780,18411,17809,18009,16595,0,3200,0,765,700,774,1
50000,1,2,2,43,0,0,0,0,0,0,12661,13743,14777,12404,10777,16597,1600,1605,2000,500,6000,6000,1
290000,2,1,1,33,-2,-2,-2,-2,-2,-2,0,0,0,0,0,0,0,0,0,0,0,0,1
160000,1,2,1,32,1,2,0,0,0,0,5525,4039,3656,3801,2540,2279,0,1094,1500,0,1000,0,1
90000,2,2,2,23,0,0,0,0,-1,-1,88015,69701,52046,42541,8571,4653,5640,16021,13280,8571,19653,12000,0
30000,1,3,2,35,0,0,0,0,0,0,27224,28359,27458,26539,28556,28621,2001,5101,2002,3031,3095,2175,0
50000,2,2,1,46,-2,-1,-1,0,-1,-1,4640,2720,26461,11882,280,290,2720,26461,1034,280,300,1535,0
20000,2,3,2,45,-1,-1,-1,-1,-1,0,390,350,360,370,780,390,350,400,400,800,0,390,0
200000,1,2,2,34,0,0,0,0,2,0,176642,180421,185722,196732,188930,192647,7000,8500,16000,0,7500,15000,0
310000,1,1,1,50,-1,-1,-1,-1,-1,-1,396,396,0,942,1645,1287,396,0,942,1645,1287,2077,0
190000,2,3,2,29,0,0,0,0,0,-2,132669,134605,136202,9207,0,0,6000,6000,1000,0,0,0,0
160000,2,3,1,42,-2,-2,-2,-2,-1,0,0,1473,1863,0,112978,115357,1473,1863,0,119001,5000,4500,0
500000,1,1,1,37,0,0,2,0,0,0,474934,507062,491956,430637,376657,356636,40024,325,15296,12137,12312,14113,0
100000,1,2,1,46,1,2,2,0,0,0,22648,23978,23312,24617,25109,25654,2000,0,2000,1200,1100,1200,1
450000,1,1,1,52,0,0,0,0,0,0,388009,393535,403891,415193,145198,138389,15000,16701,20101,7000,5750,10000,0
20000,1,2,1,40,0,0,0,0,0,0,10288,9276,5622,19263,18433,26132,3010,2010,15000,4000,2000,2000,0
50000,1,2,2,22,0,0,0,0,0,2,49718,50362,49904,50405,29795,28383,1786,2000,1500,2200,0,1100,0
200000,2,1,1,40,1,-2,-2,-2,-2,-2,0,0,0,0,0,0,0,0,0,0,0,0,0
100000,2,2,2,30,1,2,0,0,2,2,31708,30904,31953,34308,34951,34261,0,1850,3200,1500,0,1500,1
140000,2,2,2,24,-1,-1,-1,-2,-1,0,22732,6624,-514,-1334,2125,1606,6624,0,0,3731,0,0,0
90000,2,2,1,43,-2,-2,-2,-2,-2,-2,0,0,0,0,0,0,0,0,0,0,0,0,0
30000,2,2,1,43,-1,-1,-1,-1,-2,-1,10443,4503,9000,0,0,5394,4503,9000,0,0,5394,6171,0
200000,2,1,2,29,-1,-1,-1,-1,0,0,27869,5531,6781,12162,12410,12410,5531,6781,12162,248,0,1703,0
320000,2,1,2,30,-1,-1,-1,-1,-1,-1,10283,2488,5187,11735,2280,9404,2488,5209,11735,2280,9404,3660,0
90000,1,2,1,42,0,0,0,0,-2,-2,87104,90651,92400,0,0,0,5000,4500,0,0,0,0,1
200000,2,1,2,26,-2,-2,-2,-2,-2,-2,5337,2322,7458,1086,25643,35237,2322,7471,1086,25643,35237,7678,0
200000,2,2,1,37,0,0,0,0,0,0,114480,117791,123108,124327,127011,134519,5000,7000,4500,4500,9500,5000,0
500000,2,1,2,28,-2,-2,-2,-2,-2,-1,4428,-31,-31,3963,3418,858,0,0,3994,3435,860,0,0
120000,1,1,1,54,-2,-2,-2,-2,-2,-2,0,0,0,7000,0,0,0,0,7000,0,0,0,0
240000,2,1,2,33,-2,-2,-2,-2,-2,-2,5000,0,5000,0,254,9366,0,5000,0,254,9366,1150,0
30000,2,1,2,23,2,0,0,0,0,0,25366,26554,27435,28270,28632,30193,2000,2000,2000,1500,2400,1100,1
60000,2,3,1,48,0,0,0,0,0,0,49890,51060,52236,54362,55458,56767,2000,2000,3000,2000,2200,2500,0
180000,1,1,1,30,1,1,-2,-2,-2,-2,143900,0,0,0,0,0,10000,0,0,0,0,0,0
60000,2,2,2,24,0,0,0,0,0,0,50840,49592,44412,45402,35704,36524,2100,1847,1837,1139,1254,1387,0
450000,1,1,1,42,-1,2,-1,-1,-1,-2,3566,240,1718,2284,-561,-1477,0,2000,2300,0,590,0,1
230000,2,2,2,40,0,0,-1,-1,-1,-1,164208,161207,1665,1228,8599,3890,7105,1762,1228,8599,3890,6999,0
30000,2,2,2,23,0,0,0,0,0,0,24607,24430,23881,24234,24853,7814,1700,1600,1287,1296,500,1550,0
90000,2,2,1,36,1,-1,-1,-1,-1,-1,0,950,628,284,1055,2607,950,628,284,1055,2607,0,0
150000,2,2,1,29,2,0,0,0,2,2,123248,126311,130388,138246,140513,118464,5000,6000,10500,5015,173,102,1
180000,1,3,1,41,2,0,0,0,2,0,111786,115921,117428,104153,100148,98165,6000,5000,9000,0,5000,7130,0
290000,2,2,2,25,0,0,0,0,0,0,78719,71559,66658,68627,61578,59274,2510,2500,3000,3000,3000,3000,0
20000,2,2,1,23,0,0,0,0,0,0,17049,16178,17218,18630,19029,19579,15000,1600,2000,1000,1000,531,0
130000,1,3,1,38,0,0,0,0,-1,0,6360,5375,5476,6931,99416,99702,1088,1189,2646,104590,3358,3314,0
50000,2,2,2,23,0,0,0,0,0,0,47559,48549,50076,50205,19985,20650,1784,2701,2220,1000,1050,14951,1
30000,2,2,2,53,-1,-1,0,0,0,0,356,15666,16863,7380,8580,10000,15700,2000,2000,1200,2200,0,1
130000,1,2,1,39,0,0,0,0,-2,-2,19698,10058,10833,0,0,0,1500,1000,0,0,0,0,0
30000,2,3,2,28,-1,-1,-1,-1,-1,2,8432,25460,557,1299,600,450,25460,1000,1306,600,0,11961,0
50000,1,2,1,49,0,0,0,0,0,0,48321,48890,30272,31080,15315,15238,1839,1640,1901,526,537,577,1
150000,2,1,2,26,0,0,0,0,0,0,136736,125651,116684,101581,77741,77264,4486,4235,3161,2647,2669,2669,0
120000,2,1,1,35,-1,-1,-1,-1,-1,-1,525,2458,8067,802,2706,3597,2458,8152,802,2706,3597,1400,0
360000,2,2,2,34,0,0,0,0,0,0,282674,277569,246380,236139,241056,246297,12200,10500,8500,8750,9200,9800,0
180000,2,3,1,39,1,-2,-2,-1,3,2,0,0,0,300,300,150,0,0,300,0,0,645,0
500000,2,2,1,34,-2,-2,-2,-2,-2,-2,17172,34674,6229,11534,12482,18192,35454,6229,11534,12564,18192,32550,0
630000,1,2,1,46,0,0,0,0,0,0,125975,91247,81317,146005,146207,106467,3416,4300,84700,4211,4470,3600,0
20000,2,3,1,52,0,0,0,2,0,0,10248,11271,13513,12999,14456,16313,1501,2743,0,1686,2089,0,1
150000,1,2,1,33,2,-1,-1,-2,-2,-2,1033,1533,0,0,0,0,1550,0,0,0,0,0,1
330000,1,3,1,37,-2,-2,-2,-2,-2,-2,0,0,0,0,0,0,0,0,0,0,0,0,0
80000,2,1,1,38,-1,-1,-1,-1,-1,-1,2226,6259,1393,1627,5189,10747,6259,1393,1627,5189,10747,4412,0
50000,1,3,2,44,0,0,0,0,0,0,48322,49057,48059,48097,8107,6934,3000,3000,3000,3000,3600,4800,0
80000,2,3,1,50,0,0,0,-1,-1,-1,55070,57863,54382,773,-5857,57071,5012,7450,5000,1630,69794,15000,0
290000,1,1,1,37,-2,-2,-2,-2,-2,-2,-17,3465,10069,4225,-4,871,3482,10194,4276,0,875,3852,0
200000,2,3,1,51,1,-1,-1,-2,-2,-2,0,1221,0,0,0,0,1221,0,0,0,0,0,0
300000,1,2,2,29,-2,-2,-2,-2,-2,-2,0,0,0,0,0,0,0,0,0,0,0,0,1
50000,1,2,2,34,0,0,-1,-1,-2,-2,4166,0,4166,0,0,0,0,4166,0,0,0,0,0
120000,2,2,2,27,-1,-1,-1,2,-1,-1,1184,1066,5079,2528,4007,7457,1066,5079,0,4007,7457,2819,0
280000,2,2,2,24,-1,-1,-1,-1,-1,0,316,316,3861,316,10800,9099,316,3861,316,10800,382,5000,0
450000,2,3,2,44,-2,-2,-2,-2,-1,-1,11150,4281,0,2442,14234,-2988,4281,0,2442,14234,452,0,0
20000,1,2,2,24,0,0,0,0,0,0,17172,18179,19061,20182,19982,19482,1597,1479,1600,400,0,298,0
140000,2,1,2,26,0,0,0,0,0,0,63119,64240,64992,52809,51406,50328,2450,2226,2367,1740,1754,1818,0
130000,1,2,2,25,0,0,0,0,0,0,39074,39767,38680,5654,1938,522,1766,1521,3100,0,10,0,0
440000,2,2,1,39,0,0,0,0,0,0,58639,66698,43399,44534,25341,20000,30000,2000,24534,5000,20000,20839,0
130000,1,2,1,39,0,0,0,0,-2,-2,19698,10058,10833,0,0,0,1500,1000,0,0,0,0,0
180000,2,3,2,27,-1,-1,-1,-1,-1,-1,3578,3898,0,715,4079,0,3898,0,715,6942,0,213,0
10000,1,2,1,42,2,2,3,2,2,2,4770,9182,8893,8928,9586,9294,4505,0,334,801,0,1487,1
100000,2,1,2,33,-2,-2,-2,-2,-2,-2,3417,7366,12146,752,5931,7855,7400,12146,752,5931,7855,3966,0
380000,2,2,2,38,0,0,0,0,0,0,250755,212839,173199,165476,122496,117726,8339,7032,7986,4170,4205,9335,0
110000,2,2,1,46,0,0,2,0,0,0,102726,110179,105137,105467,94294,86381,10700,0,5000,4000,4000,5000,0
260000,1,5,1,47,-1,-1,-1,-1,-1,-1,3469,1579,879,697,396,3635,1579,879,697,396,3635,5964,0
80000,2,3,2,57,0,0,0,0,0,0,78312,77359,76081,76526,27571,28783,3459,3500,1959,982,2000,1482,0
240000,2,1,1,38,1,-1,-1,-1,0,0,-25,4078,2223,31136,4367,3632,4103,2223,31136,100,0,1101,0
230000,2,1,2,29,-2,-1,2,-1,-1,-1,3764,10943,6588,4571,2526,5375,11142,1430,4571,2526,5375,3133,0
90000,2,1,2,24,0,0,0,0,0,0,53173,19825,20840,21023,20776,21055,1324,1339,1638,890,763,769,0
180000,2,2,2,27,0,0,0,0,0,0,173098,172494,172060,166204,145146,142961,8000,8100,8000,5600,5500,15000,0
90000,2,2,2,34,0,0,0,0,0,0,30026,29239,14027,13559,14331,14948,2000,1518,1500,1000,1000,1000,0
70000,2,3,1,48,1,2,0,0,0,0,9518,9217,10557,11576,12383,13180,0,1500,1200,1000,1000,500,1
60000,1,2,1,29,0,0,0,0,0,0,58634,59541,58604,59427,38472,39528,3000,31404,3000,2000,2000,2000,0
320000,2,2,2,36,-1,-1,-1,-1,-1,-1,396,396,396,596,13386,396,396,396,596,13386,396,396,0
470000,2,2,1,45,0,0,0,0,0,0,212948,188435,182687,153366,114451,122489,30000,15000,5052,5000,10000,15000,0
210000,2,2,1,32,-2,-2,-2,-2,-2,-2,0,0,0,0,0,0,0,0,0,0,0,0,0
230000,2,2,1,28,2,2,2,2,2,2,35610,38701,35043,35678,36730,35994,3706,0,1513,1730,2000,9000,1
130000,2,1,2,32,0,0,0,0,0,0,126164,126080,129104,130745,127344,127809,6500,7000,8000,5000,4500,4500,0
30000,2,6,2,45,0,0,0,0,0,0,25298,26866,27662,28474,28494,0,2000,2000,1500,1000,0,0,0
140000,2,2,2,32,-1,0,0,0,-1,0,15497,15073,11755,7453,38415,31685,1231,1262,1000,38415,4000,4000,0
360000,2,2,1,37,-1,2,2,-2,-2,-2,5748,550,0,0,0,0,0,0,0,0,0,0,0
90000,2,2,3,36,0,0,0,0,0,0,91552,88751,54704,37660,32074,18372,55000,5023,5030,11000,9765,10000,0
50000,1,1,1,25,0,0,0,2,0,0,47053,5472,5891,6595,8400,4041,2000,1500,1000,2000,1000,1000,0
80000,2,2,2,56,0,0,0,0,0,0,49350,49533,49339,50415,45859,43152,2000,2000,2000,2007,1600,1900,0
20000,2,2,2,33,0,0,0,0,0,0,11635,12604,12870,12726,13336,2496,2000,1308,1000,1000,50,0,0
80000,2,2,1,45,0,0,0,0,0,0,67142,68052,68690,70042,70626,71700,2420,2511,2512,2510,2590,2711,0
360000,1,2,1,31,0,0,0,0,0,0,359491,354962,276310,196654,186281,177587,14108,11100,6992,7000,6372,5845,1
90000,2,2,1,33,0,0,0,0,0,-2,3817,8545,8961,11676,1189,0,5000,1285,3000,1189,0,8832,0
310000,2,2,1,44,-1,0,0,0,0,0,67423,67729,113788,106919,100656,93846,10000,56000,5000,4000,3300,5000,0
90000,2,1,2,28,2,3,2,0,0,2,88627,86357,84131,85225,90347,85725,0,0,3400,6500,0,3301,1
160000,2,1,2,32,-1,-1,-1,-1,-1,-1,9441,5714,5030,3181,4998,1250,5726,5037,3182,5000,1252,749,0
50000,1,1,1,46,0,0,0,0,2,2,13176,15945,17180,18811,18380,19086,3000,1500,2000,0,2000,0,0
420000,1,4,2,36,1,-2,-1,-1,0,0,944,1819,1133,10415,7792,-3,1819,1143,10429,194,556,0,0
180000,2,3,1,39,1,-2,-2,-1,3,2,0,0,0,300,300,150,0,0,300,0,0,645,0
20000,1,2,1,34,1,2,2,0,0,0,16112,16851,16292,18010,18411,19455,1300,0,2000,1000,1500,1010,0
20000,2,2,2,24,0,-1,-1,0,-1,-1,4261,7830,17213,4781,3178,15834,7830,17221,1203,3178,15834,0,0
10000,1,2,2,28,1,2,2,2,2,2,3717,3659,5640,5401,6811,6567,150,2200,0,1500,0,6000,1
50000,2,3,1,44,0,0,0,0,0,0,45858,46315,47435,48290,49257,49345,2000,1865,1720,1687,1732,2007,0
60000,1,2,2,42,0,0,0,0,0,0,99114,97895,94204,95986,13529,16099,3700,3000,4000,1500,3250,1000,0
20000,1,2,1,37,0,0,0,0,0,0,11551,9181,7266,11282,3303,2350,1102,2100,1000,132,47,0,0
140000,2,1,2,24,2,0,0,0,2,0,778,982,1206,5430,4460,8429,980,1000,5000,0,5000,10000,0
220000,2,1,2,29,-2,-2,-2,-1,0,0,2848,7146,4690,16331,77894,2576,7181,4714,16493,97910,0,4862,0
100000,2,1,2,27,-1,-1,-2,-2,-1,-1,4829,0,0,0,5330,0,0,0,0,5330,1274,2100,0
280000,1,1,2,31,-2,-2,-2,-2,-2,-2,-1,-1,-1,-1,-1,219,0,0,82150,0,220,1124,0
50000,1,2,2,22,0,0,0,0,0,2,49718,50362,49904,50405,29795,28383,1786,2000,1500,2200,0,1100,0
20000,1,2,2,24,2,2,2,0,0,-1,17996,19102,19117,19664,10000,4060,2100,1000,1000,1100,4060,0,1
200000,2,1,1,40,2,2,2,2,2,2,80468,82874,84900,85758,87003,89112,4200,4100,3000,3400,3500,0,1
50000,1,1,2,31,0,0,0,0,0,0,49139,49281,42472,44810,45699,46675,1707,1948,11746,1635,1712,4000,1
110000,1,2,1,34,1,2,3,2,0,0,53524,58646,57156,54984,57437,59204,6600,0,0,4000,3500,2200,1
50000,2,3,1,44,0,0,0,0,0,0,45858,46315,47435,48290,49257,49345,2000,1865,1720,1687,1732,2007,0
50000,2,2,1,23,2,2,0,0,0,0,54866,51520,41711,22775,4215,3016,1000,1860,1600,452,100,114,1
570000,1,1,2,33,0,0,0,0,0,-2,388897,253793,261176,266800,0,0,9083,11472,12000,0,0,0,0
30000,2,2,2,23,2,2,2,2,2,2,12376,13475,12973,15144,14603,15767,1600,0,2700,0,1400,0,1
340000,1,2,2,36,-2,-2,-2,-2,-2,-2,19628,14586,15018,12062,3894,7957,14594,15047,12064,3894,7957,18191,0
60000,2,3,1,37,1,-2,-2,-2,-2,-1,0,0,0,0,0,150,0,0,0,0,150,499,0
140000,1,1,1,36,0,0,0,0,0,0,127496,128675,131640,134183,91772,94290,5000,5041,5000,4000,4000,4000,0
50000,1,2,2,24,0,0,0,0,0,-1,49907,49355,34833,28614,29133,29340,1963,1539,1200,719,43945,1001,0
250000,2,1,2,25,0,0,0,0,0,0,18761,10656,7099,11758,17047,16483,4662,2101,7227,7865,8485,5777,0
80000,1,1,1,41,1,-2,-2,-2,-2,-2,0,0,0,0,0,0,0,0,0,0,0,0,0
80000,2,2,1,27,0,0,0,0,0,0,77039,78746,79757,40498,29212,29621,2984,2449,1612,798,1307,359,1
150000,2,1,2,34,1,-1,-1,-2,-2,-2,0,53,0,0,0,0,53,0,0,0,0,0,0
30000,2,2,1,51,0,0,-1,-1,-1,-1,11860,6846,7090,2680,390,0,1000,7090,2680,390,0,780,0
70000,2,2,1,24,0,0,0,0,0,0,8193,7569,8127,8838,8736,10753,1122,2127,2000,1736,2753,2177,0
500000,2,2,1,38,0,0,0,0,0,0,242546,184601,189136,172674,20253,29576,7000,8000,9000,791,10000,7000,0
140000,1,1,1,36,0,0,0,0,0,0,127496,128675,131640,134183,91772,94290,5000,5041,5000,4000,4000,4000,0
120000,1,1,1,41,0,0,0,0,0,-1,115467,54921,56542,58023,17421,105771,2000,2500,2800,1000,109000,4200,1
300000,2,1,2,27,0,0,0,0,0,0,131760,132770,130595,132683,128557,125900,4700,4995,4516,4034,4088,3886,0
50000,1,1,2,31,0,0,0,0,0,0,49139,49281,42472,44810,45699,46675,1707,1948,11746,1635,1712,4000,1
80000,2,1,2,31,0,0,0,0,0,0,68613,69744,70313,71636,52471,53316,2600,3000,3000,2000,2000,2454,0
50000,2,2,1,38,0,0,0,0,-2,-2,6350,3239,4166,0,0,0,1100,1000,0,0,0,0,1
100000,2,2,2,40,2,0,0,2,2,2,40626,41945,45247,45208,46160,48268,2000,4000,1000,2000,3000,0,1
50000,2,1,2,25,0,0,0,0,0,0,44984,47217,47748,46987,47462,48104,3000,3000,2000,2000,1859,3000,0
70000,2,2,1,48,-1,-1,-1,-1,0,-1,3838,1930,6384,4286,2333,930,1930,6384,4292,0,930,1422,0
250000,2,1,2,25,0,0,0,0,0,0,18761,10656,7099,11758,17047,16483,4662,2101,7227,7865,8485,5777,0
400000,2,2,2,50,-1,-1,2,-1,-1,-1,15986,4359,1783,129,3170,657,4359,0,129,3170,657,1160,0
100000,2,1,2,24,0,0,0,0,0,0,84895,71271,71053,70405,71109,73905,3513,3169,3002,2022,3907,7145,0
210000,1,1,1,49,-1,-1,-1,-1,-1,-1,291,291,291,291,291,291,291,582,291,291,291,291,0
20000,1,1,2,23,0,0,0,0,0,0,19247,18055,2059,2576,1834,1092,2500,1100,1500,200,200,942,0
270000,2,2,1,43,0,0,0,0,0,0,135068,102743,100360,97583,91849,94824,5000,7000,4049,1000,5003,0,0
150000,2,2,2,29,-1,-1,-1,-1,-1,-1,933,598,1062,0,1810,0,598,1062,0,1810,0,3163,0
30000,2,2,2,22,0,0,0,0,0,0,29449,30308,26186,27698,28987,29568,1402,2000,2000,2000,2500,2000,0
360000,2,1,2,29,0,0,0,0,0,0,270528,267435,193910,167029,134294,154290,10256,12000,15273,15000,25000,12000,0
140000,2,2,2,27,0,0,0,-1,-1,-1,16037,17066,21199,390,0,390,2000,5000,390,0,390,780,0
280000,2,2,2,28,0,0,0,0,0,0,119587,122015,130286,130705,132964,136400,4411,10282,3006,2659,3436,1000,0
80000,1,2,2,26,0,0,0,0,0,0,50442,51397,49991,47681,46900,45161,1816,1920,2063,1543,1400,1557,0
200000,2,2,2,27,-1,-1,-1,-1,-1,-1,6369,5830,7254,7164,4576,5792,5830,7254,7164,4675,5792,5196,0
160000,2,2,2,29,0,0,0,0,0,0,36370,35996,35275,34873,35677,34942,4002,5390,6000,5000,5000,4000,0
200000,2,1,2,43,1,-1,-1,-1,2,-1,0,2112,723,150,150,2478,2112,981,150,0,2478,5377,0
80000,2,3,1,43,0,0,0,0,0,0,71604,73316,75039,76597,78712,81365,3500,3500,3400,4000,4000,3000,0
20000,1,1,1,33,0,0,0,0,0,0,20276,20134,20298,19269,19254,19484,1326,1326,1287,662,903,500,0
500000,2,1,1,35,-1,-1,-1,-1,-1,-1,3290,10881,2517,2957,889,40855,11000,2517,2957,1000,41000,170,1
140000,1,1,2,31,0,0,0,0,0,0,128036,106657,45887,137487,111602,111552,4180,2800,100005,3800,3990,4285,0
90000,1,2,1,45,-1,3,2,2,-1,-1,3664,3449,1776,-1170,390,390,0,0,0,1560,390,930,1
20000,1,2,1,44,0,0,0,0,0,0,18015,18344,19672,19652,780,0,1400,1630,1000,0,0,0,1
80000,2,2,1,43,0,0,0,0,0,0,71100,72066,71751,72034,73261,74479,10000,9000,9000,9000,9000,9500,0
30000,1,2,2,25,0,0,0,0,0,0,30274,30517,30485,30533,29148,29782,1932,3900,1700,1200,1180,2500,0
180000,1,3,2,44,0,0,0,0,0,0,172064,175287,119687,131725,134122,133961,8000,5018,21000,6000,6000,6000,0
230000,2,1,2,42,-2,-2,-2,-2,-2,-2,107,529,135,108,830,2536,529,135,108,830,2536,0,0
200000,2,2,1,30,-2,-2,-2,-2,-2,-2,42488,0,0,0,7637,21186,0,0,0,7637,21186,0,0
70000,2,2,1,57,0,0,0,0,0,0,18379,19571,22729,24346,24940,25539,1500,3500,2000,1000,1000,1500,0
90000,1,3,1,31,0,0,0,0,0,0,67776,68476,68485,67000,45837,49959,4023,4017,4000,4000,5000,4000,0
300000,2,2,2,36,-1,-1,-1,0,0,0,8310,2592,77000,78718,80908,90495,2592,77000,3000,3500,11100,0,0
160000,2,2,1,52,-1,-1,2,-1,-1,-1,465,10451,9385,2260,1313,947,10451,0,4560,2626,1894,7428,0
100000,2,1,2,25,0,0,0,0,0,0,90976,93443,94192,95535,97945,93412,4000,3503,4000,4003,3500,3400,0
260000,2,2,1,31,0,0,0,0,0,0,82156,83083,85346,87620,89566,91502,3611,3712,3800,3500,3400,3100,0
50000,1,3,1,36,0,0,0,0,0,0,44917,46230,49319,50401,18919,19469,2061,4150,2232,750,929,611,0
500000,2,3,2,29,0,0,0,0,0,0,110651,94609,95607,95276,90310,91229,3005,3027,6024,3003,2334,4087,0
20000,1,1,1,33,0,0,0,0,0,0,20276,20134,20298,19269,19254,19484,1326,1326,1287,662,903,500,0
150000,2,2,1,30,0,-1,-1,-1,-1,-1,1499,1231,0,1872,0,113,1231,0,1872,0,113,0,0
150000,2,2,1,30,0,-1,-1,-1,-1,-1,1499,1231,0,1872,0,113,1231,0,1872,0,113,0,0
110000,2,2,1,46,0,-1,-1,-1,-1,-1,2359,2410,2151,2161,1719,107591,2410,2151,2161,1719,107591,5000,1
500000,2,2,1,73,-2,-2,-2,-2,-2,-2,0,2826,2652,2835,8896,3850,2826,2652,2835,8896,3850,711,1
110000,1,1,2,28,0,0,0,0,0,0,107560,100395,79889,70062,70901,72754,4024,3008,3200,2600,3000,3000,1
90000,1,2,1,55,0,0,0,0,0,0,15019,19740,25382,27132,31675,37900,5000,6000,5000,5000,8000,2000,0
360000,2,1,2,32,0,0,0,0,0,0,272112,272444,256974,241226,241673,233157,10130,12649,8916,7725,8900,6956,0
260000,2,2,2,37,-1,-1,-1,-1,-1,-1,188,188,189,192,188,0,188,189,192,188,0,526,0
200000,1,1,2,27,-1,-1,-1,0,0,0,3592,3622,7990,10392,7042,5692,3622,7990,6000,0,2000,5000,1
30000,2,2,1,51,0,0,-1,-1,-1,-1,11860,6846,7090,2680,390,0,1000,7090,2680,390,0,780,0
180000,2,3,2,45,0,0,0,2,0,0,76942,77952,80269,66855,67128,67257,4003,5603,3,2504,2511,3021,0
160000,1,1,1,41,1,-2,-2,-2,-2,-2,0,0,0,0,0,0,0,0,0,0,0,0,1
120000,1,2,2,28,0,0,0,0,0,0,92677,92809,93392,93609,95055,96761,4516,5005,5006,5014,5008,4008,0
50000,2,1,2,24,0,0,2,0,0,0,48483,52167,51052,50116,20181,19702,4500,0,2000,19000,1000,800,1
230000,2,2,2,41,-2,-2,-2,-2,-2,-2,24477,23722,4791,3516,7475,5352,23722,4791,3516,7475,5352,2120,0
170000,1,2,1,26,0,0,0,0,0,-2,30779,30751,23602,16633,0,51269,1675,1500,1007,0,51269,1865,0
30000,2,2,2,35,2,2,0,0,0,0,25368,24662,26001,27012,27241,27812,0,1739,1750,975,1010,3226,1
50000,1,2,1,47,-1,-1,-1,2,0,-1,390,390,780,780,390,390,390,780,390,0,390,0,0
20000,2,1,2,24,0,0,0,2,0,0,19335,20094,19495,18845,19023,17928,1415,3600,0,700,4500,1900,0
30000,2,2,1,43,-1,-1,-1,-1,-2,-1,10443,4503,9000,0,0,5394,4503,9000,0,0,5394,6171,0
40000,1,1,2,26,0,0,0,2,0,0,38131,35382,38744,38807,39933,38646,1600,4950,1400,2000,1400,1500,0
140000,1,2,2,29,0,0,0,0,-2,-2,132629,55185,56000,0,0,0,5000,2000,0,0,0,0,0
150000,2,2,2,31,1,2,2,2,0,0,22723,22060,25195,24497,24791,25462,0,3500,0,1000,1071,950,0
200000,2,1,1,41,1,-1,0,-1,2,0,2217,61328,2877,160944,156864,160066,61634,2877,160944,0,5900,13000,1
310000,2,1,2,27,0,0,0,0,0,0,134525,115126,105687,102306,93929,87681,6200,5222,5197,4000,5000,3980,0
300000,1,2,2,29,-2,-2,-2,-2,-2,-2,0,0,0,0,0,0,0,0,0,0,0,0,1
90000,2,3,1,35,0,0,0,0,0,0,35872,35687,35538,34780,34468,30520,1578,1583,1773,1294,1248,1276,0
120000,2,2,2,33,-2,-2,-2,-2,-2,-2,0,0,0,0,0,0,0,0,0,0,0,0,0
300000,1,1,2,32,2,0,0,0,0,0,255299,255607,258394,261024,260672,263894,9106,11000,11009,10000,10000,10000,1
180000,2,1,1,35,-1,-1,-1,2,-1,-1,3544,-36,163,163,1772,148,0,1000,0,2000,0,5000,0
500000,2,1,1,44,0,0,0,0,0,0,111937,104203,96617,97437,185322,179697,4000,4009,17446,100000,10000,20000,0
50000,1,1,1,47,1,-2,-1,-1,-2,-2,0,0,1708,0,0,0,0,1708,0,0,0,0,0
360000,1,1,2,29,-2,-2,-2,-2,-2,-2,6906,4893,508,0,4861,2547,4893,508,0,4861,2547,0,0
110000,2,1,2,28,0,0,0,0,0,0,91286,91850,84849,84362,59391,59129,8080,14298,2519,6616,1953,5300,0
150000,2,2,1,38,0,0,0,0,0,0,149957,152224,152208,116763,72325,73273,6000,5440,4000,3000,3000,3000,0
300000,2,3,1,30,0,0,0,0,0,0,25936,26008,26324,27249,46007,46764,1500,1800,2000,20000,2160,2400,0
90000,2,1,2,25,0,0,0,0,0,0,33336,39009,47657,52372,52112,56257,10000,10000,6000,1570,5000,1363,0
140000,1,1,2,28,-2,-2,-2,-2,-2,-2,933,1768,3169,5041,389,3065,1768,3169,5041,389,3065,1112,0
200000,2,2,1,30,-2,-2,-2,-2,-2,-2,42488,0,0,0,7637,21186,0,0,0,7637,21186,0,0
20000,1,2,1,37,0,0,0,0,0,0,11551,9181,7266,11282,3303,2350,1102,2100,1000,132,47,0,0
10000,1,2,1,42,2,2,3,2,2,2,4770,9182,8893,8928,9586,9294,4505,0,334,801,0,1487,1
210000,2,1,2,33,-2,-2,-2,-2,-2,-2,1723,0,0,0,0,0,0,0,0,0,0,0,0
360000,1,2,1,29,0,0,0,-1,0,0,18454,16419,12932,91329,82929,70047,6028,6032,99578,2507,5376,2000,0
150000,2,1,2,32,-2,-2,-2,-2,-2,-2,1999,3769,1999,1999,1500,1500,3769,1999,1999,1500,1500,1500,0
180000,2,2,1,48,-1,-1,-1,-1,-2,-2,4498,-2,760,0,0,245,0,762,0,0,245,884,0
120000,1,1,2,30,-1,2,2,-1,-1,-1,1500,3010,1700,1125,909,786,1700,0,1125,909,786,1433,0
60000,2,1,2,27,0,0,0,0,0,0,62321,61015,58160,51237,29999,28972,3000,3016,5011,1005,1000,14000,0
60000,1,2,2,42,0,0,0,0,0,0,99114,97895,94204,95986,13529,16099,3700,3000,4000,1500,3250,1000,0
50000,1,2,2,29,0,0,2,0,0,0,48632,52100,50611,50411,19722,19682,4600,0,2200,900,800,800,0
280000,1,1,2,31,2,0,0,-1,0,0,278510,279845,0,189841,193313,192742,6996,0,189841,6022,6078,5300,1
50000,2,2,1,46,-2,-1,-1,0,-1,-1,4640,2720,26461,11882,280,290,2720,26461,1034,280,300,1535,0
160000,2,2,2,44,1,-2,-1,-1,-1,-1,-4,-4,3454,0,3312,0,0,3458,0,3312,0,0,0
230000,2,5,1,39,-1,-1,0,0,-2,-2,7479,31280,120000,0,0,0,31280,90000,0,0,0,0,0
500000,1,1,1,51,1,2,2,0,0,0,231300,235865,230713,235401,238828,243477,9838,0,10018,8845,8800,9000,0
20000,1,1,2,23,0,0,0,0,0,0,19247,18055,2059,2576,1834,1092,2500,1100,1500,200,200,942,0
50000,2,2,2,46,1,3,2,0,0,0,52308,51194,50101,49527,10147,9965,0,0,1200,400,400,400,0
80000,2,1,2,23,2,2,2,0,0,0,84052,84787,77572,77123,49823,50680,7100,0,3500,2500,2000,2000,1
260000,1,3,1,48,0,0,0,0,0,0,154927,158848,160654,155059,141570,134143,8000,6000,7100,5300,5000,5000,0
100000,1,2,2,30,0,0,0,0,0,0,27869,29329,30294,31734,32323,33648,3500,3000,3500,1500,2000,2300,0
80000,2,3,2,43,0,0,0,0,0,0,80707,77532,77492,78362,50001,50035,3332,3051,2600,1877,1767,1797,0
430000,2,1,1,46,-2,-2,-2,-2,-2,-2,9270,43717,4153,4196,447,0,43717,4153,4196,447,0,3566,0
30000,2,3,1,44,0,0,0,0,0,0,29263,27516,28133,28780,28756,29566,1441,1597,1634,1000,1124,1223,0
160000,1,2,1,39,0,0,0,0,0,2,14658,15666,16694,17697,19023,18584,1258,1286,1289,1615,0,1000,1
200000,2,1,1,46,-1,-1,-1,-1,-1,-1,10687,18021,3275,5430,6683,7790,18031,3275,5430,6871,7790,8901,0
90000,2,1,2,28,2,3,2,0,0,2,88627,86357,84131,85225,90347,85725,0,0,3400,6500,0,3301,1
50000,2,2,1,31,0,0,-2,-2,-1,0,4468,0,0,0,3251,3484,0,0,0,3251,274,500,0
70000,2,2,1,37,0,0,0,0,2,0,66447,66759,68200,72972,71248,50610,2391,2518,5950,0,1782,1985,1
180000,1,2,1,28,0,0,0,0,2,0,148735,150771,156334,165696,165582,168952,6000,8000,13500,4110,6200,13600,0
10000,2,2,1,29,0,0,0,0,0,0,6176,6512,7447,8777,8956,9731,1265,1200,1500,400,1000,273,0
320000,2,1,2,29,0,0,0,0,0,0,42596,43548,33674,34259,62546,106857,1955,2020,1605,30039,65000,5000,0
30000,1,2,2,38,0,0,0,0,0,0,21697,22834,24459,25361,27011,27655,1500,2000,1350,2000,1000,1500,0
330000,2,3,1,50,-1,-1,-2,-2,-2,-1,2064,0,0,0,0,324,0,0,0,0,324,0,0
80000,2,1,2,54,0,0,0,0,0,0,78294,79247,74954,79356,48981,46848,3500,5608,8000,1205,1500,2000,1
500000,1,1,1,43,1,-2,-2,-2,-1,-1,0,0,0,0,177,4716,0,0,0,177,4716,1000,0
140000,1,2,1,32,0,0,0,0,0,0,134236,134663,137485,137450,135638,136375,6300,6500,6300,6000,5200,5000,0
150000,2,3,2,39,0,0,0,0,0,-1,60115,48412,37033,25032,12500,12500,1662,1783,1282,250,12500,12500,0
80000,2,3,1,29,-2,-2,-2,-2,-2,-2,456,3351,9452,1584,2200,7042,3366,9481,1588,2206,7073,4186,0
320000,2,1,1,36,-1,-1,2,2,-2,-2,7225,9336,945,-37,-37,-37,9386,13,0,0,0,7445,0
500000,1,1,1,31,0,0,0,0,0,0,400780,408982,373137,316654,324049,294926,30000,25025,20000,15010,20000,0,0
30000,2,1,2,24,-1,0,0,0,0,0,1991,2621,4211,4709,4805,2848,2000,2000,1000,96,0,3000,0
300000,2,2,1,38,-2,-2,-2,-2,-2,-2,0,0,0,0,0,0,0,0,0,0,0,0,0
110000,2,2,1,46,0,-1,-1,-1,-1,-1,2359,2410,2151,2161,1719,107591,2410,2151,2161,1719,107591,5000,1
50000,1,1,2,27,0,0,0,2,2,2,17468,48675,36287,30691,29901,49293,32400,4000,1200,0,20000,2000,0
60000,2,3,1,48,0,0,0,0,0,0,49890,51060,52236,54362,55458,56767,2000,2000,3000,2000,2200,2500,0
210000,1,1,2,32,0,0,0,0,0,0,218742,218317,73874,73219,96844,94731,10000,5000,5000,30000,4500,15000,0
100000,2,1,2,34,0,0,0,0,0,2,66193,63155,50385,31371,54713,28347,3413,5010,10005,30326,0,20000,0
500000,1,1,1,43,1,-2,-2,-2,-1,-1,0,0,0,0,177,4716,0,0,0,177,4716,1000,0
360000,1,2,1,39,0,0,0,0,0,-1,29814,22699,16866,13618,5000,8000,1333,2500,5000,2000,8000,5000,0
260000,2,1,2,30,-2,-2,-2,-2,-2,-2,0,3459,0,0,200,0,3459,0,0,200,0,950,0
310000,2,3,2,38,-2,-2,-2,-1,0,0,-41,8198,342,41726,15051,8663,8239,344,41884,5025,40,3,0
20000,2,1,2,24,0,0,0,2,0,0,19335,20094,19495,18845,19023,17928,1415,3600,0,700,4500,1900,0
30000,2,2,1,25,4,3,2,2,3,2,37695,35146,34637,34127,31641,31344,0,2000,2000,0,2000,0,0
340000,1,3,1,36,0,0,0,0,0,0,362178,303611,92112,75710,63870,52671,10116,3300,5000,10000,10000,30000,1
60000,2,3,1,48,0,0,0,0,0,0,49890,51060,52236,54362,55458,56767,2000,2000,3000,2000,2200,2500,0
150000,2,4,2,31,-2,-2,-2,-2,-1,2,9846,5345,0,0,1493,159,5345,0,0,1493,0,1119,0
70000,2,2,2,24,0,0,0,0,0,0,67897,62826,62595,40327,48673,46158,3000,2916,2004,15006,3000,2200,0
230000,2,1,2,31,-2,-2,-2,-2,-2,-2,-7,6785,0,147,0,0,6792,0,147,0,0,176,0
10000,2,2,1,29,0,0,0,0,0,0,6176,6512,7447,8777,8956,9731,1265,1200,1500,400,1000,273,0
300000,2,2,1,38,-2,-2,-2,-2,-2,-2,0,0,0,0,0,0,0,0,0,0,0,0,0
360000,2,2,1,33,-2,-2,-2,-2,-2,-2,0,0,3240,1943,0,0,0,3240,1943,0,0,0,1
230000,2,2,2,25,0,0,0,0,0,0,95544,95311,94489,93143,87654,90172,4200,4500,4114,3500,4000,3000,0
80000,1,1,2,27,0,0,0,0,0,-1,74413,76817,74554,43727,16307,1755,7000,3000,1400,326,1755,0,0
160000,1,1,1,41,1,-2,-2,-2,-2,-2,0,0,0,0,0,0,0,0,0,0,0,0,1
300000,2,2,2,34,0,0,0,0,0,0,297890,216495,221737,224774,182544,92014,7800,8705,8500,6820,2700,3200,0
160000,1,3,1,33,0,0,0,0,-2,-2,25058,20624,16280,0,0,0,1344,1000,0,0,0,0,0
30000,1,2,2,40,0,0,0,0,0,0,21617,24133,25239,26314,27074,28723,3200,1800,1800,1500,2250,600,0
160000,1,2,1,32,1,2,0,0,0,0,5525,4039,3656,3801,2540,2279,0,1094,1500,0,1000,0,1
120000,2,1,2,34,0,0,0,-1,-1,-1,8113,8796,12210,3095,0,2873,2000,5312,3095,0,2873,0,0
190000,2,2,2,35,0,0,0,0,0,0,66859,68204,70009,65845,67347,70096,3054,3529,3000,2600,4000,3000,0
540000,2,3,2,38,1,-2,-2,-2,-2,-2,736,736,736,736,0,-736,736,736,736,0,0,2965,0
150000,2,1,1,33,2,2,2,2,2,2,105610,106885,108706,105470,111687,113747,4500,5000,0,8000,4000,4700,1
170000,2,3,2,47,-1,-1,-1,-1,-1,-1,16089,5454,8846,920,380,4765,5455,8866,921,381,4801,1632,0
130000,1,6,1,37,-1,-1,-1,-1,-1,-1,1390,2196,7533,4656,840,390,2196,7533,4689,840,390,390,0
310000,1,1,2,32,-2,-2,-2,-2,-2,-2,8242,32447,17314,8639,12862,4553,32617,17417,8702,12926,4575,1990,0
200000,2,2,2,24,0,0,0,0,0,0,52143,53186,55929,194441,146190,141550,1910,3600,141000,5100,5200,5100,0
360000,1,1,1,32,-1,-1,-1,-1,-1,-1,7462,2708,5562,3906,8413,3079,2721,5588,3924,8454,3093,4095,0
60000,1,2,1,29,0,0,0,0,0,0,58634,59541,58604,59427,38472,39528,3000,31404,3000,2000,2000,2000,0
300000,2,2,2,28,0,0,0,0,0,0,327724,325970,325020,319750,265136,262378,11250,11877,10487,7831,8092,7634,0
50000,1,2,3,37,0,0,0,0,0,-1,50239,49642,48381,44113,8522,17948,1799,2060,1014,170,17948,188,0
210000,1,1,1,49,-1,-1,-1,-1,-1,-1,291,291,291,291,291,291,291,582,291,291,291,291,0
80000,1,1,2,27,0,0,0,0,0,0,63132,61397,70223,53429,28689,24827,2378,10000,23000,5000,10000,6000,0
240000,2,1,2,29,0,0,0,0,0,0,186969,167474,168081,166589,165981,165951,5510,6000,8808,6006,6000,6000,0
200000,2,1,1,40,1,-2,-2,-2,-2,-2,0,0,0,0,0,0,0,0,0,0,0,0,0
300000,2,1,2,27,0,0,0,0,0,0,131760,132770,130595,132683,128557,125900,4700,4995,4516,4034,4088,3886,0
520000,1,1,2,29,0,0,0,0,0,0,464541,388685,280101,184081,108330,89199,15521,10423,7215,4012,3017,3028,0
170000,2,1,1,50,-1,-1,-1,-1,-1,-1,1978,2191,3185,0,582,3779,2191,3185,0,582,3779,75,0
160000,1,3,1,38,-1,-1,-1,-1,0,-1,6763,1651,3107,4187,2474,192,1651,3107,4187,0,192,5510,0
470000,1,3,2,31,-1,-1,2,-1,-1,-1,8748,2442,2272,6040,6655,1200,3500,11,6080,6688,1206,0,0
220000,2,1,1,30,2,2,0,0,0,0,150682,139629,136020,115942,54611,42363,0,6824,2726,1239,2953,112742,0
230000,2,1,2,25,0,0,0,0,0,0,50757,52906,54454,53457,55128,52788,3000,3000,2000,2500,2500,2000,0
20000,2,3,2,26,1,2,0,0,0,0,18025,17443,18117,17040,17763,17666,0,1277,1300,1000,799,2000,0
360000,2,2,2,40,-1,-1,-1,-1,0,0,9325,10741,45619,37459,31747,26899,10741,46378,46347,0,0,19607,0
30000,2,3,1,60,3,2,2,7,7,7,1950,1950,1950,1950,1950,1950,0,0,0,0,0,0,1
50000,2,2,1,44,0,0,0,0,0,0,5358,6221,7241,8249,8414,8590,1109,1129,1137,302,312,313,0
290000,2,1,1,34,0,0,0,0,0,0,276365,199540,191188,145089,137942,116689,9263,9041,7027,10088,8027,10025,0
50000,2,3,1,58,1,2,2,2,0,0,24135,23454,26755,26026,27310,29729,0,4000,0,2000,3000,0,1
570000,2,1,2,28,0,0,0,0,0,0,33675,29865,33337,32646,30465,31126,3000,5000,3016,3000,4000,4000,0
130000,2,3,2,46,0,0,0,0,0,0,131996,132177,132927,131866,130707,129174,5000,5000,4600,5000,4614,5139,0
30000,1,1,2,24,-1,0,0,0,0,0,1426,2539,3437,5365,6275,7172,1300,1100,2000,1000,1000,2000,0
20000,2,2,1,45,0,0,0,0,-1,-1,9779,9368,4494,5405,1000,3383,1063,1089,1000,3899,3383,0,0
180000,2,2,2,28,-1,-1,-1,-1,-1,-1,3840,18588,1557,2540,3058,16030,18588,1562,2540,3058,16030,330,0
60000,2,2,2,25,0,0,0,0,0,0,75932,60693,50324,58688,30099,16810,3121,3000,12000,30000,12000,28618,1
150000,2,2,1,27,-1,-1,0,0,0,0,1108,143813,149350,149984,130610,121793,147314,7752,6046,2753,5583,6700,0
270000,2,2,1,39,0,0,0,0,0,0,85827,87664,90515,91903,93864,96118,3000,4000,3403,3200,3479,4000,0
500000,2,2,1,38,-1,-1,0,0,0,0,250,1384,6324,7353,5536,8321,1384,5000,1224,3003,3506,3552,0
360000,1,3,1,31,-2,-2,-1,-1,0,0,0,392,827,136198,138722,141629,392,827,137101,5000,5119,5376,0
20000,1,3,2,45,0,0,0,0,0,0,5250,7151,9024,10865,12677,14309,2000,2000,2000,2000,2000,2000,1
180000,2,2,1,27,0,0,0,0,0,0,117703,116372,115445,112938,109306,104106,4171,4200,4000,3789,3959,3300,0
50000,1,3,2,24,1,2,2,0,0,0,52354,52651,51056,49515,42189,19938,2211,0,2174,2000,6473,0,1
160000,2,2,2,33,0,0,0,0,0,0,140122,140225,140745,139923,140815,139935,6500,5211,5000,5000,5000,5000,0
120000,1,2,2,34,-1,-1,-1,-1,-1,-1,1236,856,856,856,856,856,856,856,856,856,856,856,0
470000,1,1,2,29,-1,0,0,0,0,0,215666,209106,207970,212373,193628,184908,7395,8037,9048,10000,6115,5750,0
