18,0,1,1,1,1,9500,1,1,132.0,123.4,19,1,9,5,1,0,1,0,0,7,7,7,14.60428571,0,8,9,8,15.68333333,0,11.1,0.6,2.02,Graduate
20,0,1,1,44,1,9238,1,39,150.0,145.6,1,37,4,8,1,0,1,1,0,6,6,6,13.33333333,0,6,6,6,14.16666667,0,13.9,-0.3,0.79,Graduate
38,0,1,2,7,1,9238,1,3,130.0,130.0,37,19,4,5,0,0,1,0,0,6,17,4,13.75,0,6,15,6,14.5,0,16.2,0.3,-0.92,Graduate
20,0,1,1,17,1,9853,1,1,133.1,111.5,38,12,7,0,1,0,0,0,0,6,10,4,12.0,0,6,14,3,10.0,0,7.6,2.6,0.32,Dropout
18,0,1,1,17,1,9238,1,1,128.0,122.1,19,1,0,5,0,0,1,1,0,6,9,5,11.83333333,0,6,7,5,13.8,0,13.9,-0.3,0.79,Graduate
25,0,1,1,51,1,9147,1,1,135.0,118.5,1,1,4,4,0,0,1,0,0,5,12,2,10.5,0,5,5,0,0.0,0,11.1,0.6,2.02,Dropout
32,0,1,2,43,1,9991,0,1,134.0,113.7,37,37,9,9,0,0,1,0,0,5,5,5,10.2,0,5,9,4,11.25,0,9.4,-0.8,-3.12,Enrolled
28,1,1,1,7,2,9500,1,3,140.0,138.0,37,38,9,9,0,0,1,0,0,7,7,7,14.11428571,0,8,9,8,15.91111111,0,16.2,0.3,-0.92,Dropout
20,0,1,1,17,1,9500,1,1,127.0,129.5,19,38,5,9,1,0,1,1,0,7,7,6,12.33333333,0,7,7,6,12.33333333,0,7.6,2.6,0.32,Graduate
20,0,1,1,1,6,9773,1,1,133.1,100.0,1,37,3,3,0,1,0,1,0,4,4,0,0.0,0,5,5,0,0.0,0,12.4,0.5,1.79,Dropout
18,0,1,1,1,1,9238,1,1,131.0,135.9,37,1,9,9,0,0,1,1,0,6,8,5,13.2,0,6,6,6,11.33333333,0,9.4,-0.8,-3.12,Graduate
20,1,1,1,43,1,9070,1,1,125.0,131.7,38,37,8,7,0,0,1,1,0,6,6,4,12.75,0,9,12,3,12.66666667,0,12.4,0.5,1.79,Dropout
28,0,1,1,39,1,9500,1,3,133.8,184.0,3,37,2,10,0,0,1,0,0,7,9,7,17.00555556,0,8,9,8,16.58222222,0,15.5,2.8,-4.06,Graduate
18,1,1,1,1,1,9773,1,1,121.0,113.0,1,3,3,7,1,0,1,1,0,6,7,6,11.66666667,0,6,12,5,10.2,0,12.4,0.5,1.79,Graduate
24,1,1,1,39,1,9003,1,1,133.1,120.0,1,1,1,6,0,0,0,0,0,6,0,0,0.0,0,6,0,0,0.0,0,13.9,-0.3,0.79,Dropout
19,0,1,1,1,1,9500,1,1,139.0,121.3,37,38,6,6,1,0,1,1,0,8,10,6,11.83333333,0,8,10,6,11.83333333,0,9.4,-0.8,-3.12,Enrolled
26,1,1,1,18,1,9254,1,1,118.0,123.3,38,38,5,5,0,0,1,1,0,6,10,4,10.0,0,6,11,3,12.0,0,9.4,-0.8,-3.12,Enrolled
20,1,62,1,17,4,9119,1,1,122.0,121.0,1,1,191,171,0,0,1,1,0,5,10,4,14.25,0,5,14,1,10.0,0,8.9,1.4,3.51,Enrolled
23,0,1,1,44,1,9003,1,1,140.0,140.0,1,19,3,9,0,1,0,1,0,6,13,5,11.6,0,6,11,4,12.25,0,12.4,0.5,1.79,Dropout
20,0,1,1,18,1,9500,1,1,128.0,125.8,19,1,9,4,1,0,1,0,0,8,8,0,0.0,8,8,8,0,0.0,8,9.4,-0.8,-3.12,Enrolled
20,0,1,1,1,1,9556,1,1,135.0,125.8,37,38,7,9,1,0,1,0,0,7,14,7,10.64285714,0,8,8,8,11.55,0,12.7,3.7,-1.7,Graduate
19,0,1,1,17,1,9070,1,1,135.0,125.2,37,19,9,9,0,0,1,1,0,6,6,6,14.33333333,0,6,6,6,13.5,0,12.7,3.7,-1.7,Graduate
19,1,1,1,1,1,9773,1,1,128.0,124.5,1,19,4,4,1,0,1,0,0,6,10,4,14.0,0,6,9,6,12.33333333,0,9.4,-0.8,-3.12,Graduate
20,1,1,1,17,1,9119,1,1,125.0,121.5,19,1,5,4,0,0,1,1,0,5,7,5,15.8,0,5,7,5,14.57142857,0,11.1,0.6,2.02,Dropout
22,0,1,1,1,6,9147,1,1,115.0,117.1,1,37,4,9,0,1,1,1,0,5,5,5,13.8,0,5,5,5,13.0,0,7.6,2.6,0.32,Graduate
36,1,1,2,39,1,171,1,12,110.0,106.0,37,37,7,7,0,0,1,1,0,0,0,0,0.0,0,0,0,0,0.0,0,7.6,2.6,0.32,Graduate
18,0,1,1,17,4,9670,1,1,110.0,106.1,19,37,9,99,1,1,0,1,1,6,6,1,11.0,0,6,0,0,0.0,0,12.7,3.7,-1.7,Dropout
19,0,1,1,17,1,9254,1,1,134.0,124.9,19,1,9,4,0,0,1,1,0,6,11,3,12.0,0,6,11,4,11.25,0,7.6,2.6,0.32,Dropout
19,0,1,1,44,3,9085,1,39,150.0,150.0,1,19,4,1,0,0,1,1,0,5,10,1,13.0,1,5,8,3,15.33333333,0,12.7,3.7,-1.7,Enrolled
21,0,1,1,1,1,9085,1,1,119.0,113.1,2,1,4,3,0,0,1,1,0,5,6,5,12.2,0,5,5,5,13.2,0,10.8,1.4,1.74,Graduate
18,0,1,1,1,1,9773,1,1,132.0,126.4,2,1,9,9,1,0,1,1,1,6,9,6,11.16666667,0,6,11,5,12.4,0,10.8,1.4,1.74,Graduate
30,0,1,1,7,1,8014,0,3,140.0,140.0,1,1,4,4,0,0,1,0,0,6,0,0,0.0,0,6,0,0,0.0,0,10.8,1.4,1.74,Dropout
18,0,1,1,1,1,9773,1,1,121.0,112.3,3,3,2,2,0,1,0,1,0,6,7,5,12.2,0,6,11,4,11.5,0,11.1,0.6,2.02,Dropout
18,0,1,1,17,1,9238,1,1,153.0,159.7,38,38,7,7,1,0,1,1,0,6,7,6,15.14285714,0,6,6,6,15.83333333,0,12.7,3.7,-1.7,Graduate
22,1,1,1,1,1,9238,1,1,127.0,141.7,1,19,4,3,0,0,1,1,0,6,6,6,12.66666667,0,6,6,6,13.83333333,0,10.8,1.4,1.74,Dropout
19,0,1,1,1,6,9500,1,1,150.0,131.5,37,38,9,9,1,0,1,1,0,8,8,7,12.65714286,0,8,8,7,12.65714286,0,12.7,3.7,-1.7,Graduate
18,0,1,1,1,1,9500,1,1,148.0,132.8,3,1,4,5,0,0,1,0,0,8,8,7,14.53714286,0,8,8,7,14.53714286,0,10.8,1.4,1.74,Graduate
19,1,1,1,1,3,171,1,1,129.0,127.3,38,37,9,3,1,1,0,1,0,0,0,0,0.0,0,0,0,0,0.0,0,9.4,-0.8,-3.12,Dropout
18,0,1,1,17,2,9556,1,1,136.0,128.3,1,1,9,9,1,0,1,0,0,7,7,7,13.42857143,0,8,8,8,14.75,0,15.5,2.8,-4.06,Graduate
20,1,1,1,17,1,9085,1,1,128.0,117.2,38,19,8,8,0,0,1,0,0,5,7,5,14.6,1,5,5,5,14.2,0,12.7,3.7,-1.7,Graduate
22,1,1,1,43,2,9500,1,6,119.1,119.1,1,19,4,10,0,0,1,0,0,7,7,6,12.73333333,0,7,7,6,12.73333333,0,7.6,2.6,0.32,Graduate
18,0,1,1,1,1,9238,1,1,132.0,119.1,34,34,0,0,0,0,1,1,0,6,9,4,11.0,0,6,9,4,10.75,0,7.6,2.6,0.32,Graduate
18,0,1,1,1,1,9500,1,1,151.0,138.0,37,37,9,9,0,0,1,1,0,7,7,6,15.2,0,7,7,6,15.2,0,7.6,2.6,0.32,Graduate
20,0,1,1,17,1,9773,1,1,120.0,121.4,1,38,5,5,0,0,0,0,0,6,7,4,13.0,0,6,7,5,13.8,0,12.4,0.5,1.79,Dropout
18,1,1,1,17,1,9119,1,1,130.0,123.0,1,3,4,2,0,0,1,0,0,5,10,1,10.0,0,5,7,0,0.0,0,9.4,-0.8,-3.12,Dropout
18,0,1,1,17,1,9556,1,1,133.0,124.4,38,37,9,9,1,0,1,1,0,7,7,7,13.3,0,8,8,8,15.125,0,15.5,2.8,-4.06,Graduate
20,0,1,1,1,2,9500,1,1,123.0,113.3,34,34,90,90,0,0,1,1,0,7,8,4,11.95,0,7,8,4,11.95,0,7.6,2.6,0.32,Dropout
19,0,1,1,1,2,9773,1,1,132.0,128.2,1,2,9,3,1,0,1,1,0,6,7,6,12.33333333,0,6,6,6,13.5,0,9.4,-0.8,-3.12,Graduate
19,1,1,1,17,1,9670,1,1,109.0,108.0,1,1,4,4,0,0,1,0,0,5,10,0,0.0,0,5,5,0,0.0,0,7.6,2.6,0.32,Enrolled
19,0,1,1,43,1,9670,1,1,139.0,120.8,3,19,3,5,0,0,1,0,0,6,0,0,0.0,0,6,0,0,0.0,0,15.5,2.8,-4.06,Dropout
31,1,1,1,39,1,9003,1,1,133.1,110.0,19,37,9,7,0,0,1,1,0,6,8,0,0.0,0,6,10,0,0.0,0,16.2,0.3,-0.92,Dropout
20,0,1,1,44,1,9147,1,39,130.0,130.0,19,1,9,3,1,0,1,0,0,7,8,7,13.0,0,5,5,5,13.4,0,11.1,0.6,2.02,Graduate
19,0,1,1,1,4,9147,1,1,126.0,120.1,1,19,4,8,0,0,1,1,0,5,7,5,12.4,0,5,5,5,14.6,0,8.9,1.4,3.51,Graduate
18,0,1,1,1,1,9085,1,1,151.0,161.9,3,3,1,90,0,0,1,0,0,5,6,4,13.75,0,5,8,5,14.85714286,0,7.6,2.6,0.32,Graduate
21,0,1,1,1,1,171,1,1,156.0,147.7,3,3,2,2,0,0,1,1,0,12,12,12,15.33333333,0,11,15,11,15.0,0,8.9,1.4,3.51,Graduate
21,1,1,1,44,1,9003,1,39,150.0,150.0,4,5,4,2,0,0,1,0,0,6,15,5,11.85714286,0,6,17,5,10.57142857,0,16.2,0.3,-0.92,Enrolled
19,0,1,1,17,2,9238,1,1,132.0,133.1,38,1,7,7,1,0,1,1,0,6,8,5,12.2,0,6,7,6,11.5,0,9.4,-0.8,-3.12,Graduate
37,1,1,1,43,1,9853,1,1,130.0,124.6,2,39,2,5,0,0,1,0,0,21,21,21,12.47619048,0,19,19,19,12.21052632,0,12.4,0.5,1.79,Graduate
18,0,1,1,18,1,9500,1,1,178.0,174.7,19,1,4,8,0,0,1,0,0,7,8,7,17.125,0,8,8,8,17.5875,0,13.9,-0.3,0.79,Graduate
18,0,1,1,1,1,9773,1,1,143.0,136.7,1,38,8,8,1,0,1,1,0,6,6,6,13.83333333,0,6,6,6,14.0,0,11.1,0.6,2.02,Dropout
18,0,1,1,1,1,9500,1,1,151.0,138.0,37,37,9,9,0,0,1,1,0,7,7,6,15.2,0,7,7,6,15.2,0,7.6,2.6,0.32,Graduate
19,0,1,1,1,1,9773,1,1,121.0,117.9,19,1,7,9,0,0,1,1,0,6,7,6,12.83333333,0,6,7,6,11.66666667,0,11.1,0.6,2.02,Graduate
39,0,100,1,43,1,9500,1,1,140.0,128.2,1,1,6,6,0,0,1,0,0,7,0,0,0.0,0,8,0,0,0.0,0,12.7,3.7,-1.7,Dropout
23,0,1,1,44,1,9003,1,1,140.0,140.0,1,19,3,9,0,1,0,1,0,6,13,5,11.6,0,6,11,4,12.25,0,12.4,0.5,1.79,Dropout
18,0,1,1,1,1,9085,1,1,140.0,124.1,3,1,2,4,0,0,1,0,0,5,12,5,14.5,2,5,5,5,13.6,0,9.4,-0.8,-3.12,Graduate
20,0,1,1,17,4,9254,1,1,106.0,116.9,37,19,9,7,0,0,1,1,0,6,7,6,11.5,0,6,8,5,12.4,0,11.1,0.6,2.02,Graduate
18,0,1,1,1,5,9500,1,1,125.0,115.6,1,1,3,8,0,0,1,1,0,7,9,6,12.18333333,0,7,9,6,11.78333333,0,16.2,0.3,-0.92,Enrolled
23,0,1,2,1,1,9991,0,3,160.0,137.3,1,3,4,9,0,0,1,0,0,5,5,5,10.8,0,5,9,4,11.5,0,9.4,-0.8,-3.12,Graduate
20,0,1,1,1,1,9500,1,1,136.0,131.5,1,19,9,9,1,0,1,0,0,7,8,6,13.86333333,0,8,9,7,14.17857143,0,11.1,0.6,2.02,Graduate
18,0,1,1,1,3,9773,1,1,138.0,135.9,3,1,2,3,0,0,1,1,0,6,7,6,14.85714286,0,6,6,6,14.66666667,0,13.9,-0.3,0.79,Graduate
28,1,1,1,39,1,9670,1,1,120.0,106.0,34,34,0,0,0,0,0,1,0,5,7,3,11.66666667,0,5,8,2,11.5,1,7.6,2.6,0.32,Dropout
22,1,1,1,44,1,9003,1,39,150.0,150.0,19,1,1,1,0,0,1,0,0,6,12,3,13.33333333,0,6,12,3,12.75,0,15.5,2.8,-4.06,Enrolled
18,0,1,1,17,4,9670,1,1,110.0,106.1,19,37,9,99,1,1,0,1,1,6,6,1,11.0,0,6,0,0,0.0,0,12.7,3.7,-1.7,Dropout
21,0,1,1,17,1,9254,1,1,133.1,131.0,1,1,4,5,0,0,1,1,0,6,12,3,11.0,0,6,12,2,11.0,0,9.4,-0.8,-3.12,Dropout
18,1,1,1,1,2,9085,1,1,125.0,137.3,37,19,90,90,0,0,1,0,0,6,0,0,0.0,0,6,0,0,0.0,0,7.6,2.6,0.32,Dropout
19,0,1,1,17,1,9238,1,1,135.0,129.1,1,19,4,4,0,0,1,0,0,6,6,6,14.66666667,0,6,7,6,14.57142857,0,15.5,2.8,-4.06,Graduate
20,0,1,1,53,1,9085,1,42,170.0,170.0,1,19,4,7,0,0,1,0,0,11,13,11,15.69230769,0,9,9,9,15.55555556,0,8.9,1.4,3.51,Graduate
31,0,1,1,51,1,9070,1,12,133.1,106.6,37,19,3,7,0,1,1,0,0,6,8,5,11.0,0,6,12,6,10.16666667,0,8.9,1.4,3.51,Enrolled
19,0,1,1,1,1,9085,1,1,120.0,111.6,38,38,4,7,0,0,1,1,0,6,12,5,14.0,0,6,14,5,11.0,0,16.2,0.3,-0.92,Graduate
25,1,1,1,17,6,9147,1,1,130.0,110.4,37,37,9,9,0,0,1,1,0,15,15,13,10.76923077,0,14,15,12,11.83333333,0,7.6,2.6,0.32,Dropout
32,1,1,2,39,2,9003,1,19,133.1,110.0,38,19,4,1,0,0,0,0,0,8,12,2,11.5,2,7,9,0,0.0,0,15.5,2.8,-4.06,Dropout
20,0,1,1,1,1,9238,1,1,152.0,144.7,1,38,4,5,0,0,1,0,0,6,8,6,14.5,0,6,7,6,15.42857143,0,16.2,0.3,-0.92,Graduate
19,0,1,1,17,4,9147,1,1,125.0,118.0,19,19,5,5,0,0,1,1,0,5,7,5,13.6,0,5,6,5,12.2,0,8.9,1.4,3.51,Graduate
20,0,1,1,17,6,9500,1,1,147.0,141.1,1,38,4,8,0,0,1,1,0,7,9,6,13.0,0,8,8,8,14.2125,0,13.9,-0.3,0.79,Dropout
32,0,1,1,44,1,9085,1,39,120.0,120.0,37,37,9,9,0,1,1,1,0,6,14,4,11.5,0,6,14,3,11.0,0,16.2,0.3,-0.92,Dropout
37,1,1,2,44,1,8014,0,39,150.0,154.0,1,1,5,5,0,0,1,0,0,16,17,16,14.125,0,11,14,10,13.0,0,12.4,0.5,1.79,Graduate
23,0,1,1,16,3,9853,1,1,134.0,121.4,37,19,9,5,1,0,1,1,0,6,10,4,14.25,1,6,8,5,12.0,0,7.6,2.6,0.32,Enrolled
20,0,1,1,53,1,9085,1,42,170.0,170.0,1,19,4,7,0,0,1,0,0,11,13,11,15.69230769,0,9,9,9,15.55555556,0,8.9,1.4,3.51,Graduate
59,0,41,2,15,1,9773,1,1,133.1,100.0,37,37,9,6,0,0,1,0,0,6,8,6,12.16666667,0,6,7,4,11.75,0,11.1,0.6,2.02,Graduate
18,0,1,1,1,1,9085,1,1,140.0,124.1,3,1,2,4,0,0,1,0,0,5,12,5,14.5,2,5,5,5,13.6,0,9.4,-0.8,-3.12,Graduate
18,0,1,5,17,5,9500,1,1,143.0,133.5,37,38,5,8,1,0,1,1,0,8,8,7,12.11428571,0,8,8,7,12.11428571,0,12.7,3.7,-1.7,Graduate
37,0,1,2,39,1,9003,1,19,133.1,120.0,19,37,9,10,0,1,1,0,0,6,10,6,12.875,0,6,12,6,12.9,0,16.2,0.3,-0.92,Enrolled
19,0,1,1,17,1,171,1,1,158.0,151.4,3,3,3,3,0,0,0,1,0,12,12,12,13.0,0,11,14,11,13.25,0,8.9,1.4,3.51,Graduate
18,0,1,1,1,4,9773,1,1,124.0,124.0,19,37,99,90,0,0,0,0,0,4,4,0,0.0,0,4,4,0,0.0,0,12.7,3.7,-1.7,Dropout
20,0,1,1,17,2,8014,0,1,122.0,123.8,37,19,9,9,0,0,1,0,0,6,8,5,12.0,0,6,8,6,11.0,0,10.8,1.4,1.74,Graduate
20,0,1,1,43,1,9500,1,1,128.0,100.0,1,19,9,8,0,0,1,1,0,7,8,7,13.1,0,8,8,8,14.8125,0,13.9,-0.3,0.79,Graduate
49,0,1,1,43,1,9147,1,1,123.0,106.2,37,37,9,9,0,0,1,0,0,13,22,10,10.4,0,9,18,6,10.66666667,0,12.7,3.7,-1.7,Graduate
21,0,41,1,1,6,9500,1,1,120.0,114.8,1,1,9,6,0,0,1,1,0,7,11,4,13.25,0,7,9,5,13.82,0,11.1,0.6,2.02,Enrolled
18,0,1,1,17,1,9773,1,1,120.0,125.3,37,37,5,5,0,0,1,0,0,6,9,6,12.5,0,6,9,6,13.0,0,7.6,2.6,0.32,Graduate
41,0,1,1,43,1,9853,1,1,140.0,125.2,37,37,6,6,0,1,1,0,0,21,23,21,12.33333333,0,19,19,19,12.10526316,0,12.4,0.5,1.79,Graduate
19,0,1,1,17,4,9254,1,1,124.0,122.3,1,1,4,4,0,0,1,1,0,6,7,6,11.66666667,0,6,6,6,12.33333333,0,13.9,-0.3,0.79,Dropout
21,0,1,1,1,1,9254,1,1,133.1,98.6,38,19,3,3,0,0,1,0,0,6,16,2,11.0,0,6,12,0,0.0,0,12.7,3.7,-1.7,Dropout
18,0,1,1,1,3,9085,1,1,131.0,136.3,37,19,9,8,0,1,0,1,0,5,7,3,13.0,0,5,8,3,12.0,0,7.6,2.6,0.32,Dropout
22,0,1,1,43,1,9853,1,1,140.0,122.3,37,19,9,8,0,0,1,0,0,6,9,5,13.6,0,6,8,5,12.0,0,12.7,3.7,-1.7,Dropout
21,1,1,1,44,1,9003,1,39,150.0,150.0,4,5,4,2,0,0,1,0,0,6,15,5,11.85714286,0,6,17,5,10.57142857,0,16.2,0.3,-0.92,Enrolled
18,0,1,1,1,1,9853,1,1,126.0,116.9,3,1,2,5,0,0,1,1,1,7,10,6,10.66666667,0,7,12,6,12.83333333,0,13.9,-0.3,0.79,Enrolled
37,1,1,2,43,1,9991,0,1,110.0,132.5,37,37,9,9,0,0,1,0,0,12,13,12,12.25,0,13,13,13,12.84615385,0,9.4,-0.8,-3.12,Graduate
26,1,1,1,39,1,9254,1,1,160.0,100.0,19,37,7,10,0,0,1,0,0,6,7,6,12.0,0,6,8,5,10.8,0,12.7,3.7,-1.7,Enrolled
22,0,1,1,7,1,9085,1,40,130.0,130.0,1,1,4,4,0,0,1,1,0,6,7,6,17.0,0,6,7,6,16.28571429,0,11.1,0.6,2.02,Graduate
22,0,1,1,5,1,9853,1,1,119.0,118.3,1,38,5,8,0,0,1,1,0,6,11,3,15.0,0,6,11,4,10.25,0,9.4,-0.8,-3.12,Enrolled
20,0,1,1,1,1,9773,1,1,127.0,121.8,1,19,7,7,1,0,1,1,0,6,11,4,14.0,0,6,12,3,11.0,0,9.4,-0.8,-3.12,Enrolled
19,1,1,1,1,3,171,1,1,129.0,127.3,38,37,9,3,1,1,0,1,0,0,0,0,0.0,0,0,0,0,0.0,0,9.4,-0.8,-3.12,Dropout
35,1,1,1,7,1,9254,1,3,110.0,110.0,19,19,3,3,0,0,1,0,0,6,7,0,0.0,0,6,6,0,0.0,0,16.2,0.3,-0.92,Dropout
38,0,1,2,39,1,9991,0,1,140.0,120.0,37,37,9,9,0,0,0,0,0,5,6,5,10.6,0,5,9,2,11.0,0,12.7,3.7,-1.7,Dropout
31,0,1,2,39,1,9991,0,19,133.1,121.7,19,39,5,3,0,1,0,0,0,5,7,0,0.0,0,5,7,0,0.0,0,16.2,0.3,-0.92,Dropout
28,1,1,1,7,2,9500,1,3,140.0,138.0,37,38,9,9,0,0,1,0,0,7,7,7,14.11428571,0,8,9,8,15.91111111,0,16.2,0.3,-0.92,Dropout
30,1,1,5,7,1,9070,1,3,140.0,140.0,37,37,7,7,0,0,0,0,0,6,6,1,10.0,0,6,6,0,0.0,0,15.5,2.8,-4.06,Dropout
25,1,1,1,17,6,9147,1,1,130.0,110.4,37,37,9,9,0,0,1,1,0,15,15,13,10.76923077,0,14,15,12,11.83333333,0,7.6,2.6,0.32,Dropout
50,1,1,4,39,1,9238,1,1,130.0,140.0,19,3,9,2,0,0,1,0,0,6,7,4,12.25,0,6,7,0,0.0,0,8.9,1.4,3.51,Dropout
23,0,1,2,1,1,9991,0,3,160.0,137.3,1,3,4,9,0,0,1,0,0,5,5,5,10.8,0,5,9,4,11.5,0,9.4,-0.8,-3.12,Graduate
19,0,1,1,1,1,9773,1,1,120.0,114.8,38,37,9,9,0,0,1,1,1,6,11,4,12.25,0,6,11,3,11.0,0,7.6,2.6,0.32,Enrolled
22,0,1,1,44,1,9085,1,1,140.0,140.0,4,4,2,6,0,0,1,0,0,6,9,6,13.33333333,0,6,9,4,11.5,0,13.9,-0.3,0.79,Graduate
20,1,1,1,17,1,9254,1,1,133.0,137.2,19,1,9,9,1,0,1,0,0,6,6,0,0.0,0,6,12,0,0.0,0,10.8,1.4,1.74,Dropout
19,0,1,1,1,1,9254,1,1,143.0,133.2,2,37,1,1,0,0,1,1,0,6,9,5,13.4,0,6,16,2,13.5,0,10.8,1.4,1.74,Enrolled
18,0,1,1,17,4,9070,1,1,160.0,155.5,1,19,5,7,0,0,1,1,0,6,6,6,14.0,0,6,6,6,15.0,0,11.1,0.6,2.02,Graduate
42,1,1,1,51,1,8014,0,2,110.0,110.0,19,38,9,10,0,0,1,0,0,12,12,11,14.45454545,0,11,11,10,14.2,0,11.1,0.6,2.02,Graduate
21,1,1,1,1,2,171,1,1,125.0,117.3,38,19,9,9,1,0,1,1,0,0,0,0,0.0,0,0,0,0,0.0,0,10.8,1.4,1.74,Graduate
19,0,1,1,17,3,9500,1,1,136.0,129.0,19,1,9,9,1,0,1,1,0,7,7,7,13.30857143,0,8,10,8,12.55,0,12.4,0.5,1.79,Graduate
18,0,1,1,1,1,9238,1,1,132.0,135.9,37,37,9,5,0,0,1,0,0,6,11,5,12.4,0,6,7,6,13.0,0,9.4,-0.8,-3.12,Graduate
18,1,1,1,17,2,9119,1,1,127.0,121.1,19,1,9,10,1,0,1,1,0,5,6,5,13.2,0,5,8,5,12.6,0,8.9,1.4,3.51,Enrolled
31,0,1,2,39,1,9556,1,1,160.0,120.0,37,37,9,6,0,0,1,0,0,7,21,5,10.9,3,8,21,3,11.7,1,12.7,3.7,-1.7,Dropout
19,0,1,1,1,1,9670,1,1,119.0,115.5,1,19,4,10,0,0,1,1,0,6,8,4,11.0,0,6,9,4,11.0,0,10.8,1.4,1.74,Enrolled
20,1,1,1,1,3,9500,1,1,133.1,115.5,38,19,7,9,1,0,1,1,0,8,8,7,13.02428571,0,8,8,7,13.02428571,0,10.8,1.4,1.74,Graduate
18,0,1,1,1,1,9773,1,1,122.0,126.6,38,19,9,9,0,0,1,1,0,6,6,6,12.83333333,0,6,6,6,13.83333333,0,8.9,1.4,3.51,Graduate
25,1,1,1,44,1,9003,1,39,130.0,130.0,37,37,9,10,0,0,1,0,0,6,6,0,0.0,0,6,8,0,0.0,0,15.5,2.8,-4.06,Dropout
19,0,1,1,17,1,9130,1,1,131.0,118.4,19,9,5,3,0,0,1,0,0,5,8,3,12.0,0,5,7,5,12.83333333,0,7.6,2.6,0.32,Graduate
19,0,1,1,1,1,9500,1,1,141.0,127.8,1,1,90,3,1,0,1,0,0,7,7,0,0.0,2,7,7,0,0.0,2,7.6,2.6,0.32,Dropout
30,0,1,2,53,1,9147,1,42,130.0,132.4,19,19,175,152,0,0,1,0,0,11,20,9,12.22222222,0,9,16,9,11.6,0,8.9,1.4,3.51,Enrolled
18,0,1,1,1,1,9853,1,1,122.0,112.9,3,19,2,3,0,0,1,0,0,7,9,7,11.85714286,0,7,7,7,11.85714286,0,16.2,0.3,-0.92,Graduate
19,1,1,1,1,2,9500,1,1,149.0,137.5,3,1,9,9,0,0,1,0,0,8,8,7,13.82857143,0,8,8,7,13.82857143,0,12.7,3.7,-1.7,Graduate
18,1,1,1,1,3,9500,1,1,139.0,126.0,3,1,4,1,0,0,1,1,0,8,15,5,12.288,1,8,15,5,12.288,1,10.8,1.4,1.74,Dropout
49,0,1,1,43,1,9147,1,1,123.0,106.2,37,37,9,9,0,0,1,0,0,13,22,10,10.4,0,9,18,6,10.66666667,0,12.7,3.7,-1.7,Graduate
19,0,1,1,17,1,9070,1,1,139.0,131.3,1,37,4,9,0,0,1,1,0,6,10,4,12.0,1,6,6,6,12.5,0,7.6,2.6,0.32,Graduate
19,0,1,1,1,1,9500,1,1,145.0,136.6,19,19,9,7,1,0,1,0,0,7,12,6,13.76666667,0,8,10,7,14.05142857,0,15.5,2.8,-4.06,Graduate
18,0,1,1,1,1,9853,1,1,126.0,116.9,3,1,2,5,0,0,1,1,1,7,10,6,10.66666667,0,7,12,6,12.83333333,0,13.9,-0.3,0.79,Enrolled
28,1,1,1,7,1,9070,1,3,120.0,120.0,4,4,2,2,0,0,1,0,0,6,9,2,12.0,0,6,10,3,12.66666667,0,12.7,3.7,-1.7,Dropout
32,0,1,1,7,1,9070,1,3,133.1,120.0,3,5,2,2,0,0,1,1,0,3,3,2,16.0,0,3,3,1,16.0,0,7.6,2.6,0.32,Dropout
23,1,1,1,44,1,9003,1,39,130.0,130.0,1,3,9,2,0,1,0,1,0,6,12,2,11.33333333,0,6,8,2,13.0,0,13.9,-0.3,0.79,Dropout
22,0,1,1,43,1,9853,1,1,140.0,122.3,37,19,9,8,0,0,1,0,0,6,9,5,13.6,0,6,8,5,12.0,0,12.7,3.7,-1.7,Dropout
21,1,1,1,44,1,9070,1,39,120.0,119.8,1,19,5,8,0,0,1,0,0,7,7,2,12.0,0,9,10,7,12.14285714,0,12.4,0.5,1.79,Dropout
18,0,1,1,17,1,9238,1,1,153.0,159.7,38,38,7,7,1,0,1,1,0,6,7,6,15.14285714,0,6,6,6,15.83333333,0,12.7,3.7,-1.7,Graduate
18,0,1,1,1,1,9500,1,1,133.0,123.2,38,38,5,5,0,0,1,0,0,7,7,7,13.28571429,0,8,9,8,13.33333333,0,16.2,0.3,-0.92,Graduate
49,0,1,1,43,1,9147,1,1,123.0,106.2,37,37,9,9,0,0,1,0,0,13,22,10,10.4,0,9,18,6,10.66666667,0,12.7,3.7,-1.7,Graduate
50,1,1,1,43,1,8014,0,12,133.1,112.5,37,1,9,10,0,0,1,0,0,13,13,6,11.33333333,0,11,11,2,13.5,0,16.2,0.3,-0.92,Dropout
18,0,1,1,1,1,9147,1,1,132.0,131.3,38,37,7,7,0,0,1,1,0,5,8,4,12.0,0,5,8,4,12.25,0,9.4,-0.8,-3.12,Enrolled
41,0,1,2,43,1,9991,0,3,130.0,130.0,37,37,9,9,0,0,1,0,0,10,11,10,14.3,0,10,10,10,14.2,0,12.7,3.7,-1.7,Graduate
20,1,1,1,44,1,9003,1,39,150.0,150.0,3,19,2,6,0,0,1,0,0,6,6,0,0.0,0,6,8,0,0.0,0,15.5,2.8,-4.06,Dropout
20,0,1,1,42,1,9085,1,1,100.0,100.0,1,38,4,9,1,0,1,1,0,2,2,2,12.0,0,6,11,6,12.83333333,0,13.9,-0.3,0.79,Graduate
30,1,1,1,39,1,9130,1,10,133.1,128.2,12,36,90,90,1,0,0,0,0,5,13,0,0.0,3,5,5,0,0.0,5,9.4,-0.8,-3.12,Dropout
18,1,1,1,1,1,9147,1,1,143.0,138.8,1,1,4,6,0,0,0,0,0,5,9,3,11.33333333,0,5,8,2,13.5,0,8.9,1.4,3.51,Enrolled
19,0,1,1,17,4,9147,1,1,125.0,118.0,19,19,5,5,0,0,1,1,0,5,7,5,13.6,0,5,6,5,12.2,0,8.9,1.4,3.51,Graduate
18,0,1,1,1,1,9130,1,1,137.0,130.7,40,19,2,9,0,0,1,1,0,6,8,5,14.4,0,6,11,4,14.6,0,8.9,1.4,3.51,Dropout
18,1,1,1,1,1,171,1,1,163.0,143.1,19,1,9,7,0,0,1,0,0,0,0,0,0.0,0,0,0,0,0.0,0,9.4,-0.8,-3.12,Graduate
20,1,1,1,1,6,9119,1,1,126.0,116.6,19,19,7,3,1,0,1,1,0,5,6,5,14.0,0,5,7,5,13.8,0,8.9,1.4,3.51,Graduate
19,1,1,1,44,1,9119,1,39,130.0,130.0,38,19,9,5,0,0,1,1,0,5,9,2,12.5,0,5,10,3,11.6,0,12.4,0.5,1.79,Enrolled
25,1,1,1,44,1,9003,1,39,150.0,150.0,3,2,2,2,0,0,1,0,0,14,16,14,12.42857143,0,9,13,6,10.85714286,0,15.5,2.8,-4.06,Dropout
18,0,1,1,1,6,9500,1,1,141.0,126.8,1,37,4,3,0,0,1,1,0,7,7,7,13.44285714,0,8,9,8,13.74444444,0,16.2,0.3,-0.92,Graduate
19,1,1,1,1,4,9500,1,1,128.0,124.3,19,1,4,4,0,0,1,1,0,8,8,7,12.66571429,0,8,8,7,12.66571429,0,10.8,1.4,1.74,Graduate
21,1,1,1,1,1,9670,1,1,133.1,139.0,1,37,9,10,0,0,1,0,0,6,6,5,12.8,0,6,9,5,12.25,0,10.8,1.4,1.74,Enrolled
23,0,1,1,44,1,8014,0,39,130.0,130.0,37,38,6,6,0,0,1,1,0,9,10,9,10.88888889,0,8,10,6,11.33333333,0,11.1,0.6,2.02,Graduate
20,0,1,1,17,3,9254,1,1,127.0,123.5,37,37,9,6,1,0,1,1,0,6,11,4,11.5,0,6,12,3,11.0,0,7.6,2.6,0.32,Enrolled
21,0,1,1,1,1,9238,1,1,133.0,120.4,34,37,5,5,0,0,0,0,0,6,12,2,11.5,0,6,13,1,13.0,0,9.4,-0.8,-3.12,Dropout
18,0,1,1,1,1,9147,1,1,129.0,121.0,37,38,4,9,0,0,1,1,0,5,8,2,10.5,0,5,7,3,12.33333333,0,7.6,2.6,0.32,Enrolled
32,1,1,1,51,1,9147,1,1,116.0,115.2,3,3,2,2,0,1,1,0,0,7,16,3,12.0,0,8,10,3,10.33333333,0,8.9,1.4,3.51,Enrolled
36,0,1,1,39,1,9556,1,1,133.1,115.5,44,40,2,2,0,0,1,0,0,7,13,5,12.2,0,7,14,3,11.4,0,11.1,0.6,2.02,Dropout
30,0,1,2,53,1,9147,1,42,130.0,132.4,19,19,175,152,0,0,1,0,0,11,20,9,12.22222222,0,9,16,9,11.6,0,8.9,1.4,3.51,Enrolled
18,0,1,1,16,1,9070,1,1,125.0,120.8,1,1,4,4,0,0,1,1,0,6,6,6,14.5,0,6,6,6,12.83333333,0,12.4,0.5,1.79,Graduate
21,0,1,1,5,4,9853,1,1,116.0,110.4,3,38,3,8,0,0,1,1,0,6,9,5,12.6,0,6,9,3,11.66666667,0,9.4,-0.8,-3.12,Enrolled
19,0,1,1,1,1,9085,1,1,121.0,121.0,37,38,6,9,0,0,1,0,0,5,9,4,13.75,1,5,8,4,14.5,0,7.6,2.6,0.32,Graduate
37,1,1,1,43,1,9853,1,1,130.0,124.6,2,39,2,5,0,0,1,0,0,21,21,21,12.47619048,0,19,19,19,12.21052632,0,12.4,0.5,1.79,Graduate
35,1,41,1,39,1,33,1,1,100.0,100.0,38,37,9,8,0,1,0,0,0,7,18,3,11.25,0,7,7,0,0.0,0,16.2,0.3,-0.92,Dropout
18,0,1,1,1,2,9070,1,1,124.0,123.7,19,1,9,3,1,0,1,1,0,6,8,6,12.71428571,1,6,8,6,12.625,0,13.9,-0.3,0.79,Graduate
34,0,1,2,43,1,9991,0,1,130.0,128.2,37,37,9,9,0,0,1,0,0,8,9,3,11.0,0,7,7,2,10.0,0,9.4,-0.8,-3.12,Dropout
18,0,1,1,17,1,9238,1,1,137.0,131.1,38,19,152,171,1,0,1,1,0,6,8,6,12.83333333,0,6,6,6,12.16666667,0,8.9,1.4,3.51,Graduate
19,0,1,1,17,4,9500,1,1,136.0,132.5,3,3,2,2,0,0,1,1,0,7,8,7,13.19857143,0,8,8,8,13.0625,0,11.1,0.6,2.02,Graduate
18,0,1,1,17,3,9500,1,1,132.0,130.8,19,3,9,5,0,0,1,1,0,8,8,7,13.68142857,0,8,8,7,13.68142857,0,10.8,1.4,1.74,Enrolled
23,1,1,1,1,1,171,1,1,131.0,127.2,1,1,7,4,0,1,1,1,0,17,19,13,12.15384615,0,17,28,11,11.90909091,1,11.1,0.6,2.02,Enrolled
19,0,1,1,1,3,9773,1,1,117.0,110.4,38,19,7,7,0,1,0,1,0,6,7,6,12.16666667,0,6,10,2,10.33333333,0,16.2,0.3,-0.92,Dropout
21,1,1,1,1,1,9003,1,1,133.1,115.0,38,38,4,8,0,1,1,0,0,12,13,12,14.53846154,0,12,14,12,14.46153846,0,15.5,2.8,-4.06,Graduate
21,0,1,1,1,1,9853,1,1,121.0,113.0,19,19,7,7,0,0,1,1,0,6,9,5,12.4,0,6,11,1,11.0,0,12.7,3.7,-1.7,Dropout
19,0,1,1,1,1,9670,1,1,119.0,115.5,1,19,4,10,0,0,1,1,0,6,8,4,11.0,0,6,9,4,11.0,0,10.8,1.4,1.74,Enrolled
35,1,1,1,39,1,9003,1,1,150.0,137.0,37,19,6,4,0,0,1,0,0,6,7,5,12.8,0,6,11,5,13.83333333,0,15.5,2.8,-4.06,Graduate
18,0,1,1,1,1,9853,1,1,133.0,126.7,37,19,7,7,0,0,1,1,0,6,9,5,11.83333333,0,6,6,4,12.0,0,15.5,2.8,-4.06,Enrolled
18,0,1,1,17,4,9070,1,1,160.0,155.5,1,19,5,7,0,0,1,1,0,6,6,6,14.0,0,6,6,6,15.0,0,11.1,0.6,2.02,Graduate
26,0,1,1,43,1,9500,1,1,120.0,120.0,37,37,9,6,0,0,1,1,0,7,8,6,12.0,0,7,8,6,12.0,0,7.6,2.6,0.32,Enrolled
18,0,1,1,1,1,9670,1,1,141.0,132.6,1,19,4,4,1,0,1,0,0,6,8,6,14.0,0,6,7,6,13.14285714,0,11.1,0.6,2.02,Graduate
18,1,1,1,1,1,9147,1,1,143.0,138.8,1,1,4,6,0,0,0,0,0,5,9,3,11.33333333,0,5,8,2,13.5,0,8.9,1.4,3.51,Enrolled
19,0,1,1,44,1,9003,1,39,160.0,160.0,37,38,9,9,1,1,1,0,0,6,8,6,13.0,0,6,11,5,13.0,0,15.5,2.8,-4.06,Graduate
37,1,1,5,39,1,9991,0,1,120.0,138.1,37,37,9,9,1,0,1,0,0,5,8,5,13.0,0,5,11,4,13.33333333,2,16.2,0.3,-0.92,Dropout
34,1,1,4,39,1,9130,1,1,140.0,150.0,37,37,6,7,0,0,1,1,0,6,9,0,0.0,0,6,6,0,0.0,0,16.2,0.3,-0.92,Dropout
21,0,1,1,1,1,9853,1,1,121.0,113.0,19,19,7,7,0,0,1,1,0,6,9,5,12.4,0,6,11,1,11.0,0,12.7,3.7,-1.7,Dropout
20,0,1,1,1,1,9254,1,1,132.0,120.1,19,38,9,7,1,0,1,0,0,6,6,6,12.33333333,0,6,7,6,11.83333333,0,13.9,-0.3,0.79,Graduate
32,0,1,1,39,1,8014,0,15,170.0,101.0,34,1,90,2,0,0,1,0,0,6,9,4,12.0,0,6,12,4,11.5,0,7.6,2.6,0.32,Graduate
21,0,1,1,44,1,9238,1,39,130.0,131.9,19,1,9,9,1,0,1,0,0,6,7,6,12.0,0,6,7,6,12.0,0,13.9,-0.3,0.79,Graduate
20,0,1,1,17,6,9500,1,1,147.0,141.1,1,38,4,8,0,0,1,1,0,7,9,6,13.0,0,8,8,8,14.2125,0,13.9,-0.3,0.79,Dropout
35,1,41,1,39,1,33,1,1,100.0,100.0,38,37,9,8,0,1,0,0,0,7,18,3,11.25,0,7,7,0,0.0,0,16.2,0.3,-0.92,Dropout
31,1,1,1,39,1,9119,1,3,130.0,147.6,3,3,3,10,0,0,1,0,0,5,0,0,0.0,0,5,0,0,0.0,0,10.8,1.4,1.74,Dropout
21,1,1,1,1,1,171,1,1,127.0,126.3,1,1,4,3,0,1,1,1,0,0,0,0,0.0,0,0,0,0,0.0,0,16.2,0.3,-0.92,Dropout
35,0,1,2,39,1,9991,0,1,160.0,160.0,37,37,9,9,0,0,1,0,0,5,5,5,11.6,0,5,6,5,11.16666667,0,15.5,2.8,-4.06,Graduate
20,1,1,1,17,1,9085,1,1,128.0,117.2,38,19,8,8,0,0,1,0,0,5,7,5,14.6,1,5,5,5,14.2,0,12.7,3.7,-1.7,Graduate
18,0,1,1,1,1,171,1,1,143.0,155.3,12,12,4,1,0,0,1,1,1,0,0,0,0.0,0,0,0,0,0.0,0,11.1,0.6,2.02,Graduate
21,1,1,1,44,1,9003,1,39,150.0,150.0,1,38,6,6,0,0,1,1,0,6,12,4,11.8,0,6,11,4,11.875,0,16.2,0.3,-0.92,Dropout
30,0,1,1,7,1,8014,0,3,140.0,140.0,1,1,4,4,0,0,1,0,0,6,0,0,0.0,0,6,0,0,0.0,0,10.8,1.4,1.74,Dropout
18,0,1,1,1,2,9500,1,1,137.0,120.8,19,19,7,7,1,0,1,1,0,8,8,7,14.65428571,0,8,8,7,14.65428571,0,10.8,1.4,1.74,Graduate
21,0,1,1,1,1,171,1,1,156.0,147.7,3,3,2,2,0,0,1,1,0,12,12,12,15.33333333,0,11,15,11,15.0,0,8.9,1.4,3.51,Graduate
20,1,1,1,1,6,9119,1,1,126.0,116.6,19,19,7,3,1,0,1,1,0,5,6,5,14.0,0,5,7,5,13.8,0,8.9,1.4,3.51,Graduate
20,1,1,1,44,1,9003,1,39,140.0,140.0,37,37,9,4,0,0,1,0,0,6,12,3,11.5,0,6,12,3,13.66666667,0,12.4,0.5,1.79,Dropout
36,1,1,1,39,1,9991,0,1,110.0,121.8,37,37,9,9,0,0,0,0,0,5,5,0,0.0,0,5,5,0,0.0,0,12.7,3.7,-1.7,Dropout
21,0,1,1,44,1,9003,1,39,160.0,160.0,38,38,6,6,0,0,1,1,0,6,11,6,13.42857143,0,6,12,6,12.85714286,0,15.5,2.8,-4.06,Graduate
24,0,1,1,1,4,9147,1,1,133.1,106.0,1,19,4,6,0,0,1,1,0,5,11,2,10.5,0,5,14,1,11.0,0,12.7,3.7,-1.7,Enrolled
18,0,1,1,17,4,9070,1,1,160.0,155.5,1,19,5,7,0,0,1,1,0,6,6,6,14.0,0,6,6,6,15.0,0,11.1,0.6,2.02,Graduate
18,0,1,1,1,1,9773,1,1,141.0,128.4,38,38,9,9,0,0,1,1,0,6,6,6,15.5,0,6,6,6,14.0,0,11.1,0.6,2.02,Graduate
61,1,1,1,39,1,9147,1,1,140.0,135.1,37,3,9,2,0,0,1,0,0,5,0,0,0.0,0,5,0,0,0.0,0,15.5,2.8,-4.06,Dropout
19,0,1,1,1,1,9670,1,1,143.0,144.1,3,38,2,9,0,0,1,1,0,6,7,5,12.6,0,6,10,5,12.375,0,10.8,1.4,1.74,Enrolled
30,1,1,5,7,1,9070,1,3,140.0,140.0,37,37,7,7,0,0,0,0,0,6,6,1,10.0,0,6,6,0,0.0,0,15.5,2.8,-4.06,Dropout
22,1,1,1,17,1,9254,1,1,127.0,126.7,1,1,4,8,0,0,0,1,0,1,1,0,0.0,0,6,0,0,0.0,0,12.4,0.5,1.79,Dropout
19,0,1,1,1,1,9070,1,1,124.0,138.4,19,19,9,9,1,1,1,1,0,6,8,6,13.28571429,1,6,8,6,12.5,0,13.9,-0.3,0.79,Dropout
19,0,1,1,17,1,9254,1,1,126.0,124.3,1,1,9,9,1,0,1,0,0,6,8,6,11.16666667,0,6,7,4,13.4,0,16.2,0.3,-0.92,Graduate
19,1,1,1,1,1,9670,1,1,130.0,119.5,1,1,0,0,0,0,0,0,0,5,5,0,0.0,0,6,0,0,0.0,0,9.4,-0.8,-3.12,Dropout
20,1,62,1,17,4,9119,1,1,122.0,121.0,1,1,191,171,0,0,1,1,0,5,10,4,14.25,0,5,14,1,10.0,0,8.9,1.4,3.51,Enrolled
18,0,1,1,1,1,9500,1,1,133.0,123.2,38,38,5,5,0,0,1,0,0,7,7,7,13.28571429,0,8,9,8,13.33333333,0,16.2,0.3,-0.92,Graduate
19,0,1,1,17,2,9238,1,1,132.0,133.1,38,1,7,7,1,0,1,1,0,6,8,5,12.2,0,6,7,6,11.5,0,9.4,-0.8,-3.12,Graduate
19,1,1,1,1,3,171,1,1,129.0,127.3,38,37,9,3,1,1,0,1,0,0,0,0,0.0,0,0,0,0,0.0,0,9.4,-0.8,-3.12,Dropout
18,0,1,1,1,1,9238,1,1,133.0,131.3,19,38,9,7,0,1,1,1,0,6,7,5,13.6,0,6,7,5,11.8,0,8.9,1.4,3.51,Dropout
21,1,1,1,1,1,9670,1,1,133.1,139.0,1,37,9,10,0,0,1,0,0,6,6,5,12.8,0,6,9,5,12.25,0,10.8,1.4,1.74,Enrolled
21,1,1,1,1,1,171,1,1,127.0,126.3,1,1,4,3,0,1,1,1,0,0,0,0,0.0,0,0,0,0,0.0,0,16.2,0.3,-0.92,Dropout
34,1,1,2,39,1,9991,0,1,150.0,146.0,1,4,4,2,0,0,1,0,0,5,5,5,14.2,0,5,5,5,14.6,0,12.7,3.7,-1.7,Enrolled
27,0,1,1,39,1,9500,1,40,130.0,130.0,37,37,9,7,0,0,1,0,0,8,12,7,12.45714286,0,8,12,7,12.45714286,0,12.7,3.7,-1.7,Enrolled
48,1,1,1,39,1,9254,1,19,133.1,100.0,37,37,90,90,0,0,1,0,0,6,13,3,10.0,0,6,15,1,10.0,0,7.6,2.6,0.32,Dropout
36,1,1,2,39,1,171,1,12,110.0,106.0,37,37,7,7,0,0,1,1,0,0,0,0,0.0,0,0,0,0,0.0,0,7.6,2.6,0.32,Graduate
21,1,1,1,44,1,9003,1,39,140.0,140.0,19,38,3,9,0,0,1,1,0,6,7,6,12.85714286,0,6,6,6,13.16666667,0,12.4,0.5,1.79,Graduate
21,0,1,1,7,1,9147,1,3,130.0,130.0,37,19,9,8,0,0,1,0,0,9,9,9,10.88888889,0,10,18,10,11.61538462,0,10.8,1.4,1.74,Graduate
19,0,1,1,1,1,9147,1,1,129.0,117.8,37,37,9,7,1,0,1,0,0,5,6,4,11.0,0,5,9,4,13.85714286,0,10.8,1.4,1.74,Enrolled
20,0,1,1,1,6,9147,1,1,112.0,117.3,38,38,9,9,0,0,1,1,0,5,8,4,12.0,0,5,8,5,11.2,0,11.1,0.6,2.02,Graduate
19,0,1,1,1,2,9773,1,1,132.0,124.3,38,1,9,9,0,0,1,1,0,6,6,5,12.2,0,6,7,5,10.8,0,10.8,1.4,1.74,Enrolled
19,0,1,1,1,1,9085,1,1,129.0,123.4,1,38,4,7,0,0,1,0,0,5,6,5,12.4,0,5,6,5,13.4,0,7.6,2.6,0.32,Graduate
19,0,1,1,1,1,9070,1,1,160.0,152.0,3,38,1,9,0,0,0,1,0,5,5,0,0.0,0,6,0,0,0.0,0,10.8,1.4,1.74,Dropout
21,0,1,1,44,1,9238,1,39,130.0,131.9,19,1,9,9,1,0,1,0,0,6,7,6,12.0,0,6,7,6,12.0,0,13.9,-0.3,0.79,Graduate
19,0,1,1,1,1,9130,1,1,130.0,133.0,3,19,4,8,0,0,1,1,0,6,6,6,14.66666667,0,6,8,6,13.66666667,0,12.4,0.5,1.79,Graduate
19,0,1,1,17,1,9773,1,1,138.0,124.0,1,19,9,9,1,0,1,0,0,6,6,6,13.16666667,0,6,6,6,13.83333333,0,11.1,0.6,2.02,Graduate
33,0,1,1,7,1,9500,1,3,140.0,140.0,1,1,9,5,0,0,1,0,0,7,8,6,14.35,0,8,10,6,14.58333333,0,16.2,0.3,-0.92,Dropout
18,1,1,1,1,3,9773,1,1,123.0,125.1,1,1,4,7,1,1,1,1,0,6,6,6,14.33333333,0,6,6,6,15.33333333,0,11.1,0.6,2.02,Graduate
18,0,1,1,1,1,9238,1,1,116.0,116.4,38,38,9,6,0,0,1,1,0,6,6,6,13.16666667,0,6,6,6,13.16666667,0,8.9,1.4,3.51,Graduate
30,1,1,1,51,1,9147,1,1,148.0,118.4,1,19,9,6,0,0,1,1,0,5,7,5,13.4,0,5,7,4,13.25,0,8.9,1.4,3.51,Dropout
23,0,1,1,44,1,9003,1,1,140.0,140.0,1,19,3,9,0,1,0,1,0,6,13,5,11.6,0,6,11,4,12.25,0,12.4,0.5,1.79,Dropout
20,0,1,1,1,1,9085,1,1,128.0,135.7,19,1,5,4,0,0,1,1,0,5,7,4,12.75,0,5,5,5,13.4,0,10.8,1.4,1.74,Graduate
32,0,1,1,39,1,8014,0,15,170.0,101.0,34,1,90,2,0,0,1,0,0,6,9,4,12.0,0,6,12,4,11.5,0,7.6,2.6,0.32,Graduate
21,0,1,1,1,1,9085,1,1,133.1,115.0,38,37,1,1,0,0,1,1,0,5,8,3,11.33333333,1,5,8,3,13.33333333,0,12.7,3.7,-1.7,Enrolled
37,1,1,1,43,1,9853,1,1,130.0,124.6,2,39,2,5,0,0,1,0,0,21,21,21,12.47619048,0,19,19,19,12.21052632,0,12.4,0.5,1.79,Graduate
18,0,1,1,1,3,9500,1,1,154.0,129.0,3,3,1,3,0,0,1,1,0,8,9,6,13.345,2,8,9,6,13.345,2,9.4,-0.8,-3.12,Enrolled
19,0,1,1,1,2,9773,1,1,132.0,124.3,38,1,9,9,0,0,1,1,0,6,6,5,12.2,0,6,7,5,10.8,0,10.8,1.4,1.74,Enrolled
27,1,1,1,42,1,9773,1,1,133.1,120.0,19,6,4,3,0,0,1,0,0,4,8,0,0.0,0,5,10,0,0.0,0,9.4,-0.8,-3.12,Dropout
19,0,1,1,1,1,9085,1,1,121.0,121.0,37,38,6,9,0,0,1,0,0,5,9,4,13.75,1,5,8,4,14.5,0,7.6,2.6,0.32,Graduate
18,0,1,1,17,2,9853,1,1,112.0,107.1,19,38,5,7,1,0,1,1,0,7,8,7,12.14285714,0,7,9,6,13.66666667,0,11.1,0.6,2.02,Graduate
22,0,1,1,43,1,9853,1,1,140.0,122.3,37,19,9,8,0,0,1,0,0,6,9,5,13.6,0,6,8,5,12.0,0,12.7,3.7,-1.7,Dropout
19,1,1,1,1,1,9085,1,1,142.0,127.7,1,1,9,9,0,0,1,1,0,5,9,5,12.6,1,5,8,4,12.0,0,12.7,3.7,-1.7,Graduate
26,1,1,5,39,1,9147,1,1,133.1,119.8,19,19,9,9,0,0,1,0,0,5,9,5,12.0,0,5,5,5,10.2,0,11.1,0.6,2.02,Enrolled
48,0,1,2,39,1,9238,1,19,133.1,98.5,37,37,4,4,0,0,1,0,0,6,14,6,11.33333333,0,6,11,5,12.4,0,15.5,2.8,-4.06,Dropout
29,0,1,1,7,1,9500,1,2,140.0,140.0,38,37,7,8,0,0,1,0,0,8,14,4,11.325,1,8,14,4,11.325,1,12.7,3.7,-1.7,Dropout
18,0,1,1,17,4,9070,1,1,160.0,155.5,1,19,5,7,0,0,1,1,0,6,6,6,14.0,0,6,6,6,15.0,0,11.1,0.6,2.02,Graduate
21,0,1,1,17,1,9254,1,1,133.1,131.0,1,1,4,5,0,0,1,1,0,6,12,3,11.0,0,6,12,2,11.0,0,9.4,-0.8,-3.12,Dropout
19,0,1,1,1,3,9500,1,1,141.0,131.7,19,19,9,7,1,0,1,1,0,7,10,7,13.605,0,8,11,8,12.33125,0,15.5,2.8,-4.06,Graduate
22,1,1,1,44,1,9070,1,39,130.0,131.8,1,1,9,9,1,0,1,0,0,7,7,7,12.28571429,0,9,10,8,12.375,0,12.4,0.5,1.79,Graduate
18,0,1,1,1,1,9773,1,1,143.0,136.7,1,38,8,8,1,0,1,1,0,6,6,6,13.83333333,0,6,6,6,14.0,0,11.1,0.6,2.02,Dropout
20,1,11,1,17,5,9119,1,1,124.0,119.5,4,12,2,9,0,0,1,1,0,5,5,5,14.8,0,5,5,5,17.6,0,8.9,1.4,3.51,Graduate
20,1,1,1,44,1,9003,1,1,140.0,140.0,1,1,4,5,0,0,1,0,0,6,11,6,11.28571429,0,6,12,5,11.77777778,0,16.2,0.3,-0.92,Enrolled
19,1,1,1,1,1,9238,1,1,116.0,110.8,38,19,8,10,0,0,1,1,0,6,0,0,0.0,0,6,0,0,0.0,0,16.2,0.3,-0.92,Dropout
20,0,1,1,1,2,9500,1,1,123.0,113.3,34,34,90,90,0,0,1,1,0,7,8,4,11.95,0,7,8,4,11.95,0,7.6,2.6,0.32,Dropout
31,0,1,4,39,1,9991,0,1,130.0,148.0,38,19,9,7,1,0,1,0,0,5,11,4,11.25,0,5,10,4,10.83333333,0,13.9,-0.3,0.79,Enrolled
28,0,1,1,39,1,9085,1,1,130.0,130.0,37,19,9,7,0,0,1,1,0,5,13,4,11.25,1,5,11,4,10.5,0,12.7,3.7,-1.7,Enrolled
19,0,1,1,1,1,9085,1,1,129.0,123.4,1,38,4,7,0,0,1,0,0,5,6,5,12.4,0,5,6,5,13.4,0,7.6,2.6,0.32,Graduate
18,0,1,1,1,1,9853,1,1,133.0,126.7,37,19,7,7,0,0,1,1,0,6,9,5,11.83333333,0,6,6,4,12.0,0,15.5,2.8,-4.06,Enrolled
39,1,1,1,39,1,9991,0,19,133.1,155.5,19,37,7,5,0,1,0,1,0,5,6,5,10.6,0,5,7,5,14.66666667,0,10.8,1.4,1.74,Dropout
20,0,1,1,1,5,9500,1,1,122.0,116.8,37,3,9,2,0,0,1,1,0,7,8,6,13.27142857,0,8,8,7,14.47142857,0,13.9,-0.3,0.79,Graduate
35,1,1,1,39,1,9003,1,1,150.0,137.0,37,19,6,4,0,0,1,0,0,6,7,5,12.8,0,6,11,5,13.83333333,0,15.5,2.8,-4.06,Graduate
19,0,1,1,18,2,9500,1,1,129.0,119.0,38,37,5,5,1,0,1,1,0,8,8,7,12.34285714,0,8,8,7,12.34285714,0,10.8,1.4,1.74,Graduate
25,1,1,1,44,1,9003,1,39,150.0,150.0,3,2,2,2,0,0,1,0,0,14,16,14,12.42857143,0,9,13,6,10.85714286,0,15.5,2.8,-4.06,Dropout
23,0,1,1,44,1,9085,1,39,150.0,150.0,19,19,9,9,0,0,1,1,0,6,14,5,14.42857143,0,6,7,6,13.42857143,0,16.2,0.3,-0.92,Graduate
20,0,1,1,1,1,9254,1,1,132.0,120.1,19,38,9,7,1,0,1,0,0,6,6,6,12.33333333,0,6,7,6,11.83333333,0,13.9,-0.3,0.79,Graduate
26,0,1,1,39,1,33,1,1,140.0,152.8,3,1,2,4,0,0,1,0,0,7,9,7,14.75,0,7,12,5,13.8,3,16.2,0.3,-0.92,Enrolled
18,0,1,1,1,1,9147,1,1,153.0,146.7,1,38,4,3,0,0,1,0,0,5,5,5,16.2,0,5,5,5,16.4,0,11.1,0.6,2.02,Graduate
19,1,1,1,1,1,9773,1,1,127.0,126.3,19,37,9,9,0,0,1,0,0,6,8,6,12.83333333,0,6,8,6,13.33333333,0,15.5,2.8,-4.06,Graduate
21,0,1,1,17,1,9254,1,1,133.1,131.0,1,1,4,5,0,0,1,1,0,6,12,3,11.0,0,6,12,2,11.0,0,9.4,-0.8,-3.12,Dropout
18,0,1,1,1,1,9085,1,1,151.0,161.9,3,3,1,90,0,0,1,0,0,5,6,4,13.75,0,5,8,5,14.85714286,0,7.6,2.6,0.32,Graduate
27,1,1,1,39,1,9119,1,1,138.7,111.3,1,12,4,3,0,0,1,0,0,6,7,3,12.0,0,6,7,2,11.0,0,13.9,-0.3,0.79,Dropout
19,0,1,1,17,1,9147,1,1,162.0,138.6,1,38,4,5,0,0,1,1,0,5,10,1,11.0,0,5,13,0,0.0,0,12.7,3.7,-1.7,Enrolled
25,1,1,1,39,1,9085,1,19,133.1,103.0,3,1,2,5,0,0,1,0,0,6,0,0,0.0,0,6,0,0,0.0,0,10.8,1.4,1.74,Dropout
25,1,1,1,1,1,9254,1,1,131.0,134.5,37,19,9,9,0,0,1,1,0,6,8,6,13.16666667,0,6,8,5,12.6,0,7.6,2.6,0.32,Enrolled
18,0,1,1,1,4,9238,1,1,118.0,110.0,19,38,9,9,1,0,1,0,0,6,7,6,12.28571429,0,6,8,6,11.42857143,0,12.4,0.5,1.79,Graduate
18,0,1,1,17,1,9070,1,1,136.0,121.7,38,19,7,7,0,0,1,1,0,6,6,2,13.0,0,6,6,0,0.0,0,12.4,0.5,1.79,Dropout
29,0,1,1,7,1,9500,1,2,140.0,140.0,38,37,7,8,0,0,1,0,0,8,14,4,11.325,1,8,14,4,11.325,1,12.7,3.7,-1.7,Dropout
22,0,26,1,15,1,9773,1,1,120.0,120.0,19,19,4,5,0,0,1,1,0,6,6,6,13.0,0,6,6,6,13.66666667,0,12.4,0.5,1.79,Graduate
19,0,1,1,18,6,9500,1,1,142.0,128.0,38,37,9,5,0,0,0,1,0,7,14,0,0.0,0,8,0,0,0.0,0,11.1,0.6,2.02,Dropout
38,0,1,2,7,1,9238,1,3,130.0,130.0,37,19,4,5,0,0,1,0,0,6,17,4,13.75,0,6,15,6,14.5,0,16.2,0.3,-0.92,Graduate
38,0,1,1,43,1,9991,0,2,110.0,112.9,37,37,9,9,0,0,1,0,0,15,16,14,10.92857143,0,14,16,12,11.83333333,0,9.4,-0.8,-3.12,Dropout
20,0,1,1,1,2,9500,1,1,124.0,123.3,34,34,0,0,1,0,1,1,0,8,8,7,14.90142857,1,8,8,7,14.90142857,1,9.4,-0.8,-3.12,Dropout
41,1,1,2,43,1,9003,1,1,133.1,136.0,37,37,9,7,0,0,1,0,0,19,19,19,12.68421053,0,13,13,13,12.38461538,0,15.5,2.8,-4.06,Graduate
18,0,1,1,1,4,9500,1,1,148.0,132.0,1,37,4,8,0,0,1,1,0,7,7,6,13.45,0,7,7,6,13.45,0,7.6,2.6,0.32,Graduate
18,0,1,1,1,5,9773,1,1,135.0,124.9,37,1,5,5,0,0,1,1,0,6,6,6,13.66666667,0,6,6,6,13.33333333,0,8.9,1.4,3.51,Graduate
19,0,1,1,1,2,9070,1,1,126.0,132.0,19,38,9,9,1,0,1,1,0,6,6,6,14.16666667,0,6,8,6,12.375,0,10.8,1.4,1.74,Graduate
36,1,1,1,39,1,9991,0,1,110.0,121.8,37,37,9,9,0,0,0,0,0,5,5,0,0.0,0,5,5,0,0.0,0,12.7,3.7,-1.7,Dropout
18,1,1,1,17,2,9773,1,1,120.0,127.0,1,1,2,5,0,0,0,1,0,6,6,0,0.0,0,6,0,0,0.0,0,8.9,1.4,3.51,Dropout
19,0,1,1,17,1,9500,1,1,145.0,141.8,3,3,2,3,0,0,1,0,0,8,8,8,13.3475,0,8,8,8,13.3475,0,9.4,-0.8,-3.12,Graduate
18,0,1,1,17,1,9130,1,1,130.0,123.8,1,1,4,5,0,0,1,0,0,5,7,4,12.0,0,5,6,5,12.0,0,7.6,2.6,0.32,Graduate
18,0,1,1,1,1,9130,1,1,137.0,130.7,40,19,2,9,0,0,1,1,0,6,8,5,14.4,0,6,11,4,14.6,0,8.9,1.4,3.51,Dropout
19,0,1,1,1,1,9670,1,1,119.0,115.5,1,19,4,10,0,0,1,1,0,6,8,4,11.0,0,6,9,4,11.0,0,10.8,1.4,1.74,Enrolled
23,0,1,2,1,1,9991,0,3,160.0,137.3,1,3,4,9,0,0,1,0,0,5,5,5,10.8,0,5,9,4,11.5,0,9.4,-0.8,-3.12,Graduate
38,0,1,1,43,1,9991,0,2,110.0,112.9,37,37,9,9,0,0,1,0,0,15,16,14,10.92857143,0,14,16,12,11.83333333,0,9.4,-0.8,-3.12,Dropout
20,1,1,1,1,1,9773,1,1,133.1,116.0,1,3,9,9,0,0,1,0,0,6,8,6,11.5,0,6,8,6,11.0,0,16.2,0.3,-0.92,Graduate
35,0,1,1,39,1,8014,0,1,130.0,134.0,37,37,9,6,1,0,1,0,0,8,8,8,13.625,0,7,7,7,14.0,0,8.9,1.4,3.51,Graduate
26,0,1,1,39,1,9773,1,1,140.0,102.5,34,37,0,0,0,0,1,0,0,6,8,4,11.75,0,6,12,0,0.0,0,7.6,2.6,0.32,Dropout
18,1,1,1,17,4,9254,1,1,118.0,111.7,38,37,5,7,0,0,1,1,0,6,12,3,11.66666667,0,6,12,1,12.0,0,12.4,0.5,1.79,Dropout
29,1,1,2,39,1,9085,1,19,110.0,110.0,37,37,90,90,0,0,0,0,0,5,5,0,0.0,0,5,5,0,0.0,0,12.7,3.7,-1.7,Dropout
18,0,1,1,17,1,9853,1,1,138.0,124.7,38,38,7,6,0,0,1,1,0,6,11,3,12.33333333,0,6,10,5,10.83333333,0,9.4,-0.8,-3.12,Enrolled
24,0,1,6,17,3,8014,0,1,115.0,115.0,19,1,5,90,0,0,0,0,0,5,5,0,0.0,0,5,10,0,0.0,0,10.8,1.4,1.74,Dropout
18,0,1,1,1,6,9500,1,1,143.0,129.5,38,19,7,9,1,0,1,1,0,8,8,7,13.79857143,0,8,8,7,13.79857143,0,10.8,1.4,1.74,Graduate
24,0,1,1,1,4,9254,1,1,110.0,113.2,37,37,9,7,0,0,1,1,0,6,14,2,10.5,0,6,11,1,10.0,0,10.8,1.4,1.74,Dropout
19,0,1,1,1,1,9853,1,1,125.0,125.4,38,38,9,9,0,1,0,0,0,7,11,4,12.0,0,7,9,6,11.83333333,0,16.2,0.3,-0.92,Dropout
19,0,1,1,1,5,9254,1,1,126.0,116.6,19,19,4,7,0,0,1,1,0,6,9,5,11.6,0,6,12,5,12.2,0,13.9,-0.3,0.79,Graduate
19,0,1,1,17,4,9147,1,1,125.0,118.0,19,19,5,5,0,0,1,1,0,5,7,5,13.6,0,5,6,5,12.2,0,8.9,1.4,3.51,Graduate
19,0,1,1,1,1,9500,1,1,139.0,121.3,37,38,6,6,1,0,1,1,0,8,10,6,11.83333333,0,8,10,6,11.83333333,0,9.4,-0.8,-3.12,Enrolled
19,1,1,1,43,3,9254,1,1,110.0,107.2,37,37,9,9,0,0,1,1,0,6,16,2,10.5,0,6,15,4,10.0,0,7.6,2.6,0.32,Dropout
19,0,1,1,17,4,9254,1,1,124.0,122.3,1,1,4,4,0,0,1,1,0,6,7,6,11.66666667,0,6,6,6,12.33333333,0,13.9,-0.3,0.79,Dropout
19,0,1,1,1,1,9670,1,1,119.0,115.5,1,19,4,10,0,0,1,1,0,6,8,4,11.0,0,6,9,4,11.0,0,10.8,1.4,1.74,Enrolled
24,0,1,1,39,1,9085,1,19,133.1,140.0,19,19,9,7,0,1,0,0,0,6,11,3,11.75,0,6,14,3,10.33333333,0,16.2,0.3,-0.92,Dropout
20,1,1,1,43,1,9773,1,1,132.0,125.0,38,19,9,9,1,0,1,1,0,6,6,6,12.33333333,0,6,7,6,14.0,0,12.4,0.5,1.79,Graduate
35,0,1,2,39,1,9003,1,1,133.1,107.5,19,19,4,4,0,0,0,0,0,6,0,0,0.0,0,6,0,0,0.0,0,15.5,2.8,-4.06,Dropout
24,1,1,1,44,1,9130,1,39,130.0,150.0,38,19,9,9,0,0,1,0,0,6,8,4,11.75,0,6,8,2,13.5,0,11.1,0.6,2.02,Dropout
18,0,1,1,1,2,9556,1,1,125.0,116.3,38,1,9,3,0,0,1,1,0,7,8,7,13.42857143,0,8,8,8,15.3125,0,16.2,0.3,-0.92,Graduate
18,0,1,1,1,4,9500,1,1,137.0,130.8,19,37,9,7,0,1,1,0,0,8,9,8,14.4025,1,8,9,8,14.4025,1,9.4,-0.8,-3.12,Graduate
23,0,1,1,44,1,9085,1,39,150.0,150.0,19,19,9,9,0,0,1,1,0,6,14,5,14.42857143,0,6,7,6,13.42857143,0,16.2,0.3,-0.92,Graduate
19,1,1,1,43,3,9254,1,1,110.0,107.2,37,37,9,9,0,0,1,1,0,6,16,2,10.5,0,6,15,4,10.0,0,7.6,2.6,0.32,Dropout
31,0,1,2,39,1,9556,1,19,133.1,123.0,37,38,9,9,0,0,1,0,0,7,13,6,11.83333333,0,7,8,7,12.22857143,0,12.4,0.5,1.79,Graduate
24,0,1,1,1,4,9147,1,1,133.1,106.0,1,19,4,6,0,0,1,1,0,5,11,2,10.5,0,5,14,1,11.0,0,12.7,3.7,-1.7,Enrolled
18,1,1,1,1,3,9500,1,1,139.0,126.0,3,1,4,1,0,0,1,1,0,8,15,5,12.288,1,8,15,5,12.288,1,10.8,1.4,1.74,Dropout
19,0,1,1,1,1,9085,1,1,133.0,143.2,1,37,4,10,0,0,1,0,0,5,7,5,14.4,0,5,6,5,13.2,0,7.6,2.6,0.32,Graduate
19,0,1,1,18,2,9500,1,1,129.0,119.0,38,37,5,5,1,0,1,1,0,8,8,7,12.34285714,0,8,8,7,12.34285714,0,10.8,1.4,1.74,Graduate
18,0,1,1,17,4,9853,1,1,140.0,128.5,19,38,4,1,0,0,1,1,0,6,7,6,11.66666667,0,6,10,6,11.83333333,0,10.8,1.4,1.74,Graduate
19,1,1,1,1,1,9238,1,1,117.0,111.8,19,19,9,9,0,0,1,1,0,6,9,4,11.5,0,6,12,3,11.0,0,8.9,1.4,3.51,Dropout
20,0,1,1,42,1,9085,1,1,100.0,100.0,1,38,4,9,1,0,1,1,0,2,2,2,12.0,0,6,11,6,12.83333333,0,13.9,-0.3,0.79,Graduate
18,0,1,1,17,2,9254,1,1,128.0,129.1,38,38,9,9,0,0,1,1,0,6,6,6,12.66666667,0,6,7,5,14.6,0,11.1,0.6,2.02,Graduate
24,0,1,1,39,1,9070,1,1,130.0,110.0,1,19,4,4,0,0,1,1,0,6,6,6,15.16666667,0,6,6,2,15.5,0,15.5,2.8,-4.06,Graduate
57,1,1,2,2,1,9147,1,2,120.0,120.0,37,37,9,9,0,0,0,0,0,15,17,12,11.75,0,14,16,9,12.22222222,0,9.4,-0.8,-3.12,Dropout
29,1,1,1,39,1,9003,1,1,133.1,130.0,1,37,9,8,0,0,1,0,0,3,4,0,0.0,0,4,8,0,0.0,0,16.2,0.3,-0.92,Dropout
29,0,1,1,43,1,9991,0,1,120.0,122.5,37,37,9,8,0,0,1,1,0,13,16,8,10.5,0,12,19,9,10.33333333,0,9.4,-0.8,-3.12,Enrolled
21,1,1,1,17,1,9119,1,1,126.0,116.2,1,1,9,9,0,1,0,0,0,5,9,2,11.0,0,5,8,2,11.5,2,7.6,2.6,0.32,Dropout
20,0,1,1,1,3,9500,1,1,119.0,119.4,19,37,9,9,0,0,1,1,0,7,7,7,13.77571429,0,8,8,8,15.6,0,12.4,0.5,1.79,Graduate
32,0,1,1,7,1,9070,1,3,133.1,120.0,3,5,2,2,0,0,1,1,0,3,3,2,16.0,0,3,3,1,16.0,0,7.6,2.6,0.32,Dropout
20,1,1,1,1,1,9119,1,1,121.0,114.0,3,1,2,3,0,0,1,0,0,5,9,4,11.6,0,5,7,4,12.25,2,7.6,2.6,0.32,Enrolled
21,0,1,1,44,1,9003,1,39,150.0,150.0,37,38,4,8,1,0,1,0,0,6,9,6,12.66666667,0,6,8,5,12.8,0,13.9,-0.3,0.79,Graduate
18,0,1,1,1,3,9500,1,1,139.0,130.8,18,18,1,1,0,0,0,1,0,8,9,6,12.75833333,1,8,9,6,12.75833333,1,9.4,-0.8,-3.12,Dropout
20,0,1,1,51,1,9070,1,1,130.0,124.5,19,19,5,7,1,0,1,0,0,11,11,11,13.81818182,0,11,11,11,13.45454545,0,11.1,0.6,2.02,Graduate
18,0,1,1,17,1,9500,1,1,130.0,128.6,1,3,9,2,0,0,1,1,0,7,7,7,14.72857143,0,8,11,8,16.32727273,0,16.2,0.3,-0.92,Graduate
21,0,1,1,17,1,9254,1,1,133.1,131.0,1,1,4,5,0,0,1,1,0,6,12,3,11.0,0,6,12,2,11.0,0,9.4,-0.8,-3.12,Dropout
18,0,1,1,1,2,9773,1,1,122.0,130.8,37,37,9,9,0,0,1,1,0,6,14,4,11.25,0,6,9,5,13.0,0,9.4,-0.8,-3.12,Graduate
18,0,1,1,1,1,9500,1,1,132.0,123.4,19,1,9,5,1,0,1,0,0,7,7,7,14.60428571,0,8,9,8,15.68333333,0,11.1,0.6,2.02,Graduate
19,1,1,1,1,1,171,1,1,149.0,151.1,3,2,2,5,0,0,1,1,0,0,0,0,0.0,0,0,0,0,0.0,0,9.4,-0.8,-3.12,Graduate
48,1,1,4,39,1,9130,1,19,133.1,100.9,37,38,9,4,0,0,1,0,0,6,0,0,0.0,0,6,0,0,0.0,0,15.5,2.8,-4.06,Dropout
19,0,1,1,17,5,9500,1,1,148.0,130.2,1,19,4,8,0,0,1,1,0,7,0,0,0.0,0,8,0,0,0.0,0,12.4,0.5,1.79,Dropout
30,1,1,1,39,1,9130,1,10,133.1,128.2,12,36,90,90,1,0,0,0,0,5,13,0,0.0,3,5,5,0,0.0,5,9.4,-0.8,-3.12,Dropout
20,0,1,1,1,1,9085,1,1,120.0,116.7,1,19,3,4,0,0,1,0,0,5,12,3,12.33333333,2,5,8,3,13.0,1,9.4,-0.8,-3.12,Graduate
26,0,1,1,39,1,9085,1,19,133.1,100.0,37,37,9,9,1,1,0,1,0,6,7,0,0.0,0,6,6,0,0.0,0,13.9,-0.3,0.79,Dropout
19,0,1,1,1,1,9500,1,1,130.0,120.0,1,38,1,7,0,0,1,0,0,7,7,6,14.56666667,0,7,7,6,14.56666667,0,7.6,2.6,0.32,Graduate
20,0,1,1,17,6,9500,1,1,147.0,141.1,1,38,4,8,0,0,1,1,0,7,9,6,13.0,0,8,8,8,14.2125,0,13.9,-0.3,0.79,Dropout
19,0,1,1,17,1,9130,1,1,117.0,113.5,19,19,4,4,0,0,1,1,0,6,8,6,11.33333333,0,6,12,4,13.75,0,8.9,1.4,3.51,Dropout
18,0,1,1,1,4,9773,1,1,124.0,124.0,19,37,99,90,0,0,0,0,0,4,4,0,0.0,0,4,4,0,0.0,0,12.7,3.7,-1.7,Dropout
18,0,1,1,1,1,9773,1,1,159.0,160.1,34,26,0,6,0,0,1,1,0,6,6,6,15.16666667,0,6,7,6,14.85714286,0,7.6,2.6,0.32,Graduate
27,1,1,1,42,1,9773,1,1,133.1,120.0,19,6,4,3,0,0,1,0,0,4,8,0,0.0,0,5,10,0,0.0,0,9.4,-0.8,-3.12,Dropout
19,0,1,1,1,1,8014,0,1,126.0,118.7,38,37,5,5,0,0,1,0,0,6,6,6,12.5,0,6,6,6,11.5,0,12.7,3.7,-1.7,Graduate
18,0,1,1,1,1,9670,1,1,131.0,123.0,37,37,9,9,1,0,1,1,0,5,6,3,11.66666667,0,5,6,4,13.5,0,7.6,2.6,0.32,Enrolled
18,0,1,1,1,1,9238,1,1,132.0,119.1,34,34,0,0,0,0,1,1,0,6,9,4,11.0,0,6,9,4,10.75,0,7.6,2.6,0.32,Graduate
20,0,1,1,1,1,9238,1,1,151.0,138.4,37,1,9,9,1,0,1,1,0,6,8,6,14.25,0,6,8,6,11.0,0,12.7,3.7,-1.7,Graduate
18,0,1,1,16,1,9085,1,1,140.0,127.1,1,1,9,9,0,0,1,1,0,5,8,4,13.25,1,5,10,4,10.5,0,12.7,3.7,-1.7,Graduate
21,1,1,1,44,1,9070,1,39,120.0,119.8,1,19,5,8,0,0,1,0,0,7,7,2,12.0,0,9,10,7,12.14285714,0,12.4,0.5,1.79,Dropout
20,0,1,1,17,2,8014,0,1,122.0,123.8,37,19,9,9,0,0,1,0,0,6,8,5,12.0,0,6,8,6,11.0,0,10.8,1.4,1.74,Graduate
22,0,26,1,15,1,9773,1,1,120.0,120.0,19,19,4,5,0,0,1,1,0,6,6,6,13.0,0,6,6,6,13.66666667,0,12.4,0.5,1.79,Graduate
18,0,1,1,1,3,9773,1,1,130.0,157.0,19,19,5,5,0,0,0,1,0,6,0,0,0.0,0,6,0,0,0.0,0,13.9,-0.3,0.79,Dropout
18,0,1,1,1,5,9773,1,1,135.0,124.9,37,1,5,5,0,0,1,1,0,6,6,6,13.66666667,0,6,6,6,13.33333333,0,8.9,1.4,3.51,Graduate
18,0,1,1,17,5,9500,1,1,140.0,131.1,1,1,4,3,0,0,1,1,0,7,7,7,13.19,0,8,8,8,14.23125,0,11.1,0.6,2.02,Graduate
31,0,1,1,44,1,9991,0,39,150.0,150.0,37,37,6,6,0,0,1,0,0,6,8,6,12.0,0,7,8,7,13.42857143,0,9.4,-0.8,-3.12,Enrolled
22,0,22,1,10,1,9773,1,1,152.0,152.0,38,37,5,9,0,0,1,1,0,6,8,6,11.66666667,0,6,6,6,13.0,0,12.7,3.7,-1.7,Graduate
20,1,1,1,1,1,9147,1,1,123.0,117.8,1,19,4,5,0,0,1,0,0,5,9,5,12.0,0,5,9,4,13.0,0,8.9,1.4,3.51,Enrolled
18,0,1,1,1,3,9500,1,1,150.0,132.8,19,19,5,5,1,0,1,1,0,8,8,8,13.01125,0,8,8,8,13.01125,0,9.4,-0.8,-3.12,Graduate
34,1,1,4,39,1,9130,1,1,140.0,150.0,37,37,6,7,0,0,1,1,0,6,9,0,0.0,0,6,6,0,0.0,0,16.2,0.3,-0.92,Dropout
28,0,1,1,39,1,9500,1,3,133.8,184.0,3,37,2,10,0,0,1,0,0,7,9,7,17.00555556,0,8,9,8,16.58222222,0,15.5,2.8,-4.06,Graduate
33,1,1,2,39,1,9991,0,1,120.0,156.0,37,19,5,3,0,0,1,1,0,5,5,5,14.2,0,5,6,5,13.83333333,0,10.8,1.4,1.74,Graduate
20,0,1,1,1,1,9500,1,1,129.0,119.6,19,19,5,5,1,0,1,1,0,7,8,7,14.00375,0,8,11,7,13.81285714,0,15.5,2.8,-4.06,Graduate
19,1,1,1,1,1,9773,1,1,127.0,126.3,19,37,9,9,0,0,1,0,0,6,8,6,12.83333333,0,6,8,6,13.33333333,0,15.5,2.8,-4.06,Graduate
18,0,1,1,1,5,9773,1,1,135.0,124.9,37,1,5,5,0,0,1,1,0,6,6,6,13.66666667,0,6,6,6,13.33333333,0,8.9,1.4,3.51,Graduate
19,1,1,1,44,1,9130,1,39,150.0,150.0,5,1,2,5,0,0,1,1,0,6,13,5,11.6,0,6,12,2,11.0,0,13.9,-0.3,0.79,Enrolled
19,0,1,1,1,1,9853,1,1,160.0,146.0,1,37,9,9,0,0,1,1,0,6,11,3,10.33333333,0,6,10,5,11.8,0,9.4,-0.8,-3.12,Enrolled
26,1,1,1,39,1,9254,1,1,160.0,100.0,19,37,7,10,0,0,1,0,0,6,7,6,12.0,0,6,8,5,10.8,0,12.7,3.7,-1.7,Enrolled
31,1,1,1,39,1,9119,1,3,130.0,147.6,3,3,3,10,0,0,1,0,0,5,0,0,0.0,0,5,0,0,0.0,0,10.8,1.4,1.74,Dropout
19,1,1,1,1,3,9773,1,1,142.0,136.1,34,1,5,10,0,0,0,1,0,4,8,0,0.0,1,6,0,0,0.0,0,9.4,-0.8,-3.12,Dropout
20,0,1,1,17,1,9853,1,1,133.1,111.5,38,12,7,0,1,0,0,0,0,6,10,4,12.0,0,6,14,3,10.0,0,7.6,2.6,0.32,Dropout
20,0,1,1,17,2,9085,1,1,120.0,115.0,1,1,9,10,0,0,0,0,0,5,8,2,10.5,0,5,8,2,12.33333333,0,7.6,2.6,0.32,Dropout
18,0,1,1,1,6,171,1,1,134.0,126.0,19,37,5,5,1,0,1,1,0,0,0,0,0.0,0,0,0,0,0.0,0,9.4,-0.8,-3.12,Graduate
29,1,1,1,39,1,9130,1,1,133.1,120.0,3,34,3,0,0,1,0,0,0,5,11,0,0.0,4,5,6,0,0.0,1,9.4,-0.8,-3.12,Dropout
22,0,1,1,5,1,9853,1,1,119.0,118.3,1,38,5,8,0,0,1,1,0,6,11,3,15.0,0,6,11,4,10.25,0,9.4,-0.8,-3.12,Enrolled
21,0,1,1,17,1,9254,1,1,133.1,131.0,1,1,4,5,0,0,1,1,0,6,12,3,11.0,0,6,12,2,11.0,0,9.4,-0.8,-3.12,Dropout
20,0,1,1,16,6,9147,1,1,128.0,116.5,37,37,9,9,0,0,1,1,0,5,8,4,11.6,0,5,10,3,12.33333333,0,7.6,2.6,0.32,Graduate
19,0,1,1,1,3,9500,1,1,141.0,131.7,19,19,9,7,1,0,1,1,0,7,10,7,13.605,0,8,11,8,12.33125,0,15.5,2.8,-4.06,Graduate
19,0,1,1,1,4,9500,1,1,132.0,121.8,1,37,4,7,1,0,1,1,0,8,8,7,13.6,0,8,8,7,13.6,0,12.7,3.7,-1.7,Graduate
19,1,1,1,17,1,9670,1,1,109.0,108.0,1,1,4,4,0,0,1,0,0,5,10,0,0.0,0,5,5,0,0.0,0,7.6,2.6,0.32,Enrolled
22,0,1,1,1,1,9773,1,1,125.0,119.1,3,2,2,1,0,0,1,1,0,6,13,2,12.0,0,6,14,1,10.0,0,9.4,-0.8,-3.12,Dropout
19,0,1,1,17,5,9500,1,1,148.0,130.2,1,19,4,8,0,0,1,1,0,7,0,0,0.0,0,8,0,0,0.0,0,12.4,0.5,1.79,Dropout
19,0,1,1,43,1,9085,1,1,162.0,162.0,2,1,4,4,0,0,1,0,0,6,7,6,15.0,0,6,8,6,15.625,0,12.4,0.5,1.79,Graduate
39,0,1,2,39,1,9500,1,19,133.1,120.9,37,38,9,10,0,0,1,1,0,7,12,4,12.0,0,7,13,4,12.5625,0,11.1,0.6,2.02,Dropout
53,1,1,2,39,1,9254,1,19,133.1,156.5,37,19,9,10,0,0,1,0,0,11,12,2,15.0,7,9,10,3,10.0,4,16.2,0.3,-0.92,Graduate
19,0,1,1,1,2,9773,1,1,132.0,128.2,1,2,9,3,1,0,1,1,0,6,7,6,12.33333333,0,6,6,6,13.5,0,9.4,-0.8,-3.12,Graduate
23,0,1,1,1,1,9070,1,1,115.0,123.4,19,1,3,8,0,0,1,0,0,6,8,6,13.0,1,6,8,6,11.875,0,13.9,-0.3,0.79,Graduate
20,1,1,1,1,1,9254,1,1,132.0,120.1,1,38,9,9,1,0,1,1,0,6,7,6,13.57142857,0,6,8,6,13.16666667,0,8.9,1.4,3.51,Graduate
19,0,41,1,43,1,9130,1,1,100.0,100.0,3,4,3,2,0,0,1,0,0,5,10,5,14.85714286,2,5,7,5,15.14285714,0,9.4,-0.8,-3.12,Enrolled
37,1,1,5,39,1,9991,0,1,120.0,138.1,37,37,9,9,1,0,1,0,0,5,8,5,13.0,0,5,11,4,13.33333333,2,16.2,0.3,-0.92,Dropout
22,0,1,1,51,1,9991,0,42,110.0,128.2,19,37,5,9,0,0,0,0,0,12,12,7,11.0,0,5,5,5,10.6,0,8.9,1.4,3.51,Dropout
21,1,1,1,1,1,9003,1,1,133.1,115.0,38,38,4,8,0,1,1,0,0,12,13,12,14.53846154,0,12,14,12,14.46153846,0,15.5,2.8,-4.06,Graduate
19,0,1,1,17,1,171,1,1,158.0,151.4,3,3,3,3,0,0,0,1,0,12,12,12,13.0,0,11,14,11,13.25,0,8.9,1.4,3.51,Graduate
20,0,1,1,51,1,9070,1,1,130.0,124.5,19,19,5,7,1,0,1,0,0,11,11,11,13.81818182,0,11,11,11,13.45454545,0,11.1,0.6,2.02,Graduate
24,0,1,1,39,1,8014,0,1,120.0,100.0,19,37,8,7,0,0,1,1,0,6,11,1,10.0,0,6,6,0,0.0,6,9.4,-0.8,-3.12,Dropout
18,0,1,1,16,1,9070,1,1,125.0,120.8,1,1,4,4,0,0,1,1,0,6,6,6,14.5,0,6,6,6,12.83333333,0,12.4,0.5,1.79,Graduate
38,0,1,2,39,1,8014,0,3,110.0,160.5,37,37,9,9,0,0,1,0,0,11,11,11,12.63636364,0,8,8,8,11.0,0,13.9,-0.3,0.79,Graduate
19,0,1,1,1,3,9500,1,1,132.0,119.3,38,38,9,9,0,0,1,1,0,8,8,7,11.98857143,0,8,8,7,11.98857143,0,10.8,1.4,1.74,Graduate
19,1,1,1,1,4,171,1,1,132.0,138.0,1,19,4,5,0,1,0,1,0,0,0,0,0.0,0,0,0,0,0.0,0,15.5,2.8,-4.06,Dropout
20,1,1,1,1,6,9119,1,1,126.0,116.6,19,19,7,3,1,0,1,1,0,5,6,5,14.0,0,5,7,5,13.8,0,8.9,1.4,3.51,Graduate
20,1,1,1,17,1,9254,1,1,133.0,137.2,19,1,9,9,1,0,1,0,0,6,6,0,0.0,0,6,12,0,0.0,0,10.8,1.4,1.74,Dropout
19,1,1,1,44,1,9003,1,39,140.0,140.0,19,38,9,10,0,0,1,0,0,6,15,3,13.25,0,6,9,1,12.0,0,13.9,-0.3,0.79,Dropout
21,0,1,1,17,1,9238,1,1,134.0,124.2,38,19,7,7,1,0,1,0,0,6,11,4,11.25,0,6,12,4,11.4,0,15.5,2.8,-4.06,Graduate
28,1,1,1,7,1,9070,1,3,120.0,120.0,4,4,2,2,0,0,1,0,0,6,9,2,12.0,0,6,10,3,12.66666667,0,12.7,3.7,-1.7,Dropout
36,1,1,1,7,1,9556,1,43,160.0,160.0,38,19,9,9,0,0,1,0,0,7,16,1,12.0,0,7,13,0,0.0,1,11.1,0.6,2.02,Dropout
19,0,1,1,1,1,9500,1,1,118.0,117.8,19,19,5,7,1,0,1,0,0,7,7,7,13.7,0,8,9,7,14.67142857,0,12.4,0.5,1.79,Graduate
21,0,1,1,44,1,9238,1,39,140.0,136.1,37,19,191,102,0,1,1,1,0,6,8,3,12.0,0,6,6,2,12.5,0,12.4,0.5,1.79,Enrolled
18,0,1,1,16,1,9070,1,1,125.0,120.8,1,1,4,4,0,0,1,1,0,6,6,6,14.5,0,6,6,6,12.83333333,0,12.4,0.5,1.79,Graduate
21,0,1,1,17,5,9238,1,1,134.0,126.0,38,37,9,9,0,1,0,0,0,6,10,5,11.83333333,0,6,10,5,13.2,0,13.9,-0.3,0.79,Dropout
52,1,1,1,39,1,9773,1,12,120.0,129.8,1,1,9,9,0,0,1,1,0,6,7,5,13.0,0,6,6,6,15.0,0,9.4,-0.8,-3.12,Graduate
24,0,1,1,39,1,9085,1,1,133.1,130.0,19,19,7,7,0,0,1,1,0,6,7,6,14.85714286,0,6,10,5,13.6,0,13.9,-0.3,0.79,Graduate
35,0,1,1,39,1,9085,1,19,133.1,140.0,37,37,4,8,0,0,1,0,0,6,11,3,12.66666667,0,6,7,0,0.0,0,11.1,0.6,2.02,Dropout
19,0,1,1,17,1,9130,1,1,117.0,113.5,19,19,4,4,0,0,1,1,0,6,8,6,11.33333333,0,6,12,4,13.75,0,8.9,1.4,3.51,Dropout
22,0,1,1,53,1,9070,1,42,130.0,130.0,40,19,3,5,1,0,0,1,0,6,8,6,11.0,0,6,10,4,12.0,0,8.9,1.4,3.51,Enrolled
18,0,1,1,1,4,9500,1,1,137.0,126.7,1,19,4,7,0,0,1,1,0,7,0,0,0.0,0,8,0,0,0.0,0,15.5,2.8,-4.06,Dropout
37,0,1,4,1,1,9991,0,1,130.0,118.1,37,37,9,9,0,1,0,0,0,5,0,0,0.0,0,5,0,0,0.0,0,12.7,3.7,-1.7,Dropout
19,0,1,1,1,4,9500,1,1,135.0,126.3,38,37,9,8,1,0,1,1,0,7,7,6,15.43333333,0,7,7,6,15.43333333,0,7.6,2.6,0.32,Graduate
23,1,1,1,1,1,171,1,1,131.0,127.2,1,1,7,4,0,1,1,1,0,17,19,13,12.15384615,0,17,28,11,11.90909091,1,11.1,0.6,2.02,Enrolled
18,0,1,1,1,1,9500,1,1,147.0,147.3,38,19,5,8,0,0,1,0,0,7,7,6,13.96666667,0,7,7,6,13.96666667,0,7.6,2.6,0.32,Graduate
18,0,1,1,17,5,9500,1,1,140.0,131.1,1,1,4,3,0,0,1,1,0,7,7,7,13.19,0,8,8,8,14.23125,0,11.1,0.6,2.02,Graduate
26,0,1,1,39,1,9670,1,1,133.1,100.2,37,37,9,9,0,0,0,1,0,6,9,3,11.75,0,6,11,4,11.5,3,16.2,0.3,-0.92,Dropout
19,0,1,1,1,4,9238,1,1,130.0,124.8,1,19,4,5,0,0,1,1,0,6,6,6,13.0,0,6,8,5,13.4,0,8.9,1.4,3.51,Graduate
18,0,1,1,1,3,9773,1,1,135.0,130.1,1,1,3,5,0,0,1,1,0,6,6,6,13.66666667,0,6,7,6,13.0,0,15.5,2.8,-4.06,Graduate
50,1,1,4,39,1,9238,1,1,130.0,140.0,19,3,9,2,0,0,1,0,0,6,7,4,12.25,0,6,7,0,0.0,0,8.9,1.4,3.51,Dropout
23,0,1,1,1,1,9070,1,1,115.0,123.4,19,1,3,8,0,0,1,0,0,6,8,6,13.0,1,6,8,6,11.875,0,13.9,-0.3,0.79,Graduate
32,0,1,2,39,1,9119,1,3,120.0,122.5,37,37,4,7,0,0,0,0,0,5,6,0,0.0,0,5,5,0,0.0,0,12.7,3.7,-1.7,Dropout
26,0,1,1,7,1,9500,1,3,140.0,140.0,3,1,4,4,0,0,1,0,0,7,0,0,0.0,0,8,0,0,0.0,0,13.9,-0.3,0.79,Dropout
18,0,1,1,17,2,9238,1,1,133.0,127.4,1,37,7,9,1,0,1,1,0,6,8,6,12.25,0,6,7,6,11.85714286,0,12.7,3.7,-1.7,Graduate
20,0,1,1,1,2,9773,1,1,144.0,140.2,3,3,3,2,0,0,1,1,0,6,0,0,0.0,0,6,0,0,0.0,0,16.2,0.3,-0.92,Dropout
18,1,1,1,17,2,9119,1,1,127.0,121.1,19,1,9,10,1,0,1,1,0,5,6,5,13.2,0,5,8,5,12.6,0,8.9,1.4,3.51,Enrolled
22,0,1,1,51,1,9991,0,42,110.0,128.2,19,37,5,9,0,0,0,0,0,12,12,7,11.0,0,5,5,5,10.6,0,8.9,1.4,3.51,Dropout
28,0,1,1,42,1,9853,1,12,133.1,133.7,1,3,3,2,0,0,1,0,0,18,23,14,12.78571429,2,17,18,16,13.875,0,16.2,0.3,-0.92,Dropout
19,1,1,1,1,1,9670,1,1,116.0,110.1,3,3,3,3,0,0,1,1,0,6,9,5,13.33333333,0,6,6,5,13.0,0,12.4,0.5,1.79,Graduate
54,0,6,1,39,1,9556,1,1,133.1,169.2,3,3,4,4,0,1,0,0,0,7,7,0,0.0,0,5,10,0,0.0,0,12.4,0.5,1.79,Dropout
18,0,1,1,1,1,9773,1,1,141.0,128.4,38,38,9,9,0,0,1,1,0,6,6,6,15.5,0,6,6,6,14.0,0,11.1,0.6,2.02,Graduate
18,0,1,1,1,3,9500,1,1,147.0,134.3,1,1,4,4,0,0,1,1,0,8,8,7,14.2,0,8,8,7,14.2,0,12.7,3.7,-1.7,Graduate
41,1,1,1,39,1,9130,1,1,133.1,120.0,1,1,90,1,0,1,0,1,0,5,5,0,0.0,1,5,5,0,0.0,5,12.7,3.7,-1.7,Dropout
21,1,1,1,17,1,9773,1,1,145.0,132.8,1,38,90,8,0,0,0,1,0,6,10,2,12.0,0,6,0,0,0.0,0,10.8,1.4,1.74,Dropout
19,0,1,1,1,4,9238,1,1,130.0,124.8,1,19,4,5,0,0,1,1,0,6,6,6,13.0,0,6,8,5,13.4,0,8.9,1.4,3.51,Graduate
22,0,22,1,10,1,9773,1,1,152.0,152.0,38,37,5,9,0,0,1,1,0,6,8,6,11.66666667,0,6,6,6,13.0,0,12.7,3.7,-1.7,Graduate
31,0,1,2,39,1,9556,1,19,133.1,123.0,37,38,9,9,0,0,1,0,0,7,13,6,11.83333333,0,7,8,7,12.22857143,0,12.4,0.5,1.79,Graduate
30,1,1,5,7,1,9070,1,3,140.0,140.0,37,37,7,7,0,0,0,0,0,6,6,1,10.0,0,6,6,0,0.0,0,15.5,2.8,-4.06,Dropout
18,0,1,1,1,1,9238,1,1,133.0,131.3,19,38,9,7,0,1,1,1,0,6,7,5,13.6,0,6,7,5,11.8,0,8.9,1.4,3.51,Dropout
21,1,1,1,44,1,9003,1,39,140.0,140.0,2,1,4,6,0,0,1,0,0,6,12,5,12.14285714,0,6,11,5,11.66666667,0,13.9,-0.3,0.79,Graduate
21,0,1,1,44,1,9238,1,1,120.0,121.0,37,37,6,9,1,0,1,0,0,6,6,6,12.33333333,0,6,8,6,11.33333333,0,13.9,-0.3,0.79,Graduate
19,0,1,1,1,1,9147,1,1,133.1,119.0,19,19,9,9,1,0,0,1,0,5,7,3,10.66666667,0,5,10,3,12.28571429,0,10.8,1.4,1.74,Dropout
18,1,1,1,1,1,9773,1,1,135.0,122.1,37,38,9,6,0,0,1,1,0,6,6,6,13.83333333,0,6,6,6,13.66666667,0,12.7,3.7,-1.7,Graduate
20,1,1,1,1,1,9119,1,1,140.0,166.0,37,19,9,9,0,1,1,1,0,5,7,0,0.0,0,5,5,0,0.0,0,9.4,-0.8,-3.12,Enrolled
21,0,1,1,17,5,9238,1,1,134.0,126.0,38,37,9,9,0,1,0,0,0,6,10,5,11.83333333,0,6,10,5,13.2,0,13.9,-0.3,0.79,Dropout
18,1,1,1,17,3,9254,1,1,118.0,115.9,19,1,4,4,1,0,1,1,0,6,7,6,12.14285714,0,6,8,6,11.33333333,0,8.9,1.4,3.51,Graduate
18,0,1,1,1,2,9500,1,1,135.0,122.9,19,19,9,10,0,0,1,1,0,7,10,7,13.128,0,8,13,6,13.19333333,0,15.5,2.8,-4.06,Graduate
29,1,1,1,39,1,9003,1,1,133.1,130.0,1,37,9,8,0,0,1,0,0,3,4,0,0.0,0,4,8,0,0.0,0,16.2,0.3,-0.92,Dropout
25,0,1,1,39,1,9254,1,1,133.1,101.0,19,1,4,1,0,1,1,0,0,6,6,0,0.0,0,6,6,0,0.0,0,15.5,2.8,-4.06,Dropout
18,1,1,1,1,2,9500,1,1,134.0,131.0,19,19,4,7,0,0,1,1,0,7,9,7,14.59444444,0,8,10,8,13.472,0,15.5,2.8,-4.06,Graduate
20,0,1,1,1,2,9500,1,1,124.0,123.3,34,34,0,0,1,0,1,1,0,8,8,7,14.90142857,1,8,8,7,14.90142857,1,9.4,-0.8,-3.12,Dropout
18,0,1,1,1,1,9130,1,1,151.0,151.0,3,1,2,4,0,0,1,1,0,6,11,6,14.44444444,0,6,6,6,13.33333333,0,16.2,0.3,-0.92,Graduate
19,1,1,1,1,1,171,1,1,136.0,129.0,37,19,5,8,1,0,1,1,0,0,0,0,0.0,0,0,0,0,0.0,0,13.9,-0.3,0.79,Graduate
19,0,1,1,1,4,9500,1,1,115.0,111.5,3,3,2,2,0,1,0,1,0,7,10,4,11.96,0,7,7,0,0.0,0,13.9,-0.3,0.79,Dropout
20,0,1,1,43,1,9773,1,1,123.0,134.0,19,19,9,8,1,0,1,0,0,6,6,6,13.66666667,0,6,6,6,13.33333333,0,12.4,0.5,1.79,Graduate
38,0,1,1,43,1,9991,0,2,110.0,112.9,37,37,9,9,0,0,1,0,0,15,16,14,10.92857143,0,14,16,12,11.83333333,0,9.4,-0.8,-3.12,Dropout
19,0,1,1,17,1,9254,1,1,134.0,124.9,19,1,9,4,0,0,1,1,0,6,11,3,12.0,0,6,11,4,11.25,0,7.6,2.6,0.32,Dropout
22,1,1,1,17,1,9254,1,1,127.0,126.7,1,1,4,8,0,0,0,1,0,1,1,0,0.0,0,6,0,0,0.0,0,12.4,0.5,1.79,Dropout
20,1,1,1,44,1,9003,1,39,140.0,140.0,37,37,9,4,0,0,1,0,0,6,12,3,11.5,0,6,12,3,13.66666667,0,12.4,0.5,1.79,Dropout
21,0,1,1,7,1,9147,1,3,130.0,130.0,37,19,9,8,0,0,1,0,0,9,9,9,10.88888889,0,10,18,10,11.61538462,0,10.8,1.4,1.74,Graduate
18,0,1,1,1,1,171,1,1,136.0,121.7,3,37,2,8,0,0,1,1,0,0,0,0,0.0,0,0,0,0,0.0,0,9.4,-0.8,-3.12,Enrolled
18,0,1,1,17,1,9070,1,1,122.0,123.8,1,1,4,8,1,1,0,1,0,6,6,6,11.83333333,0,6,8,6,11.0,0,12.7,3.7,-1.7,Dropout
20,1,1,1,1,2,9147,1,1,116.0,124.8,37,1,5,3,0,0,1,1,0,5,9,2,14.33333333,0,5,10,2,12.5,0,7.6,2.6,0.32,Enrolled
44,1,1,1,39,1,9670,1,1,133.1,97.4,37,37,90,90,0,1,0,0,0,6,9,1,14.0,0,6,6,0,0.0,0,12.7,3.7,-1.7,Dropout
20,1,1,1,17,1,9254,1,1,132.0,126.1,38,38,0,5,0,0,1,0,0,6,9,4,10.75,0,6,12,0,0.0,0,7.6,2.6,0.32,Dropout
19,0,1,1,1,1,9085,1,1,129.0,123.4,1,38,4,7,0,0,1,0,0,5,6,5,12.4,0,5,6,5,13.4,0,7.6,2.6,0.32,Graduate
18,0,1,1,18,6,9500,1,1,144.0,130.8,1,1,3,6,0,0,1,1,0,8,11,7,12.77142857,0,8,11,7,12.77142857,0,12.7,3.7,-1.7,Graduate
18,0,1,1,17,1,9238,1,1,153.0,159.7,38,38,7,7,1,0,1,1,0,6,7,6,15.14285714,0,6,6,6,15.83333333,0,12.7,3.7,-1.7,Graduate
19,0,1,1,1,1,9130,1,1,130.0,133.0,3,19,4,8,0,0,1,1,0,6,6,6,14.66666667,0,6,8,6,13.66666667,0,12.4,0.5,1.79,Graduate
23,1,1,1,1,1,9070,1,1,116.0,108.7,3,3,0,1,0,0,1,1,0,6,9,4,11.25,1,6,10,0,0.0,4,7.6,2.6,0.32,Dropout
61,1,1,1,39,1,9147,1,1,140.0,135.1,37,3,9,2,0,0,1,0,0,5,0,0,0.0,0,5,0,0,0.0,0,15.5,2.8,-4.06,Dropout
41,0,1,1,43,1,9853,1,1,140.0,125.2,37,37,6,6,0,1,1,0,0,21,23,21,12.33333333,0,19,19,19,12.10526316,0,12.4,0.5,1.79,Graduate
18,0,1,1,1,5,9773,1,1,135.0,124.9,37,1,5,5,0,0,1,1,0,6,6,6,13.66666667,0,6,6,6,13.33333333,0,8.9,1.4,3.51,Graduate
21,0,1,1,1,1,9085,1,1,119.0,113.1,2,1,4,3,0,0,1,1,0,5,6,5,12.2,0,5,5,5,13.2,0,10.8,1.4,1.74,Graduate
19,0,1,1,17,2,9147,1,1,125.0,114.5,38,38,6,8,1,0,1,1,0,5,6,5,13.4,0,5,5,5,12.4,0,12.4,0.5,1.79,Graduate
28,0,1,1,51,1,9254,1,1,120.0,118.0,38,38,9,9,0,0,1,0,0,6,8,6,12.85714286,0,6,8,5,12.6,0,8.9,1.4,3.51,Graduate
18,1,1,1,17,1,9147,1,1,148.0,134.0,38,37,5,5,0,0,1,0,0,5,9,0,0.0,0,5,5,0,0.0,0,7.6,2.6,0.32,Enrolled
21,0,1,1,51,1,8014,0,42,140.0,138.0,19,37,134,193,1,1,1,1,0,13,13,11,12.72727273,0,11,11,10,12.6,0,8.9,1.4,3.51,Graduate
27,1,1,1,39,1,9119,1,1,138.7,111.3,1,12,4,3,0,0,1,0,0,6,7,3,12.0,0,6,7,2,11.0,0,13.9,-0.3,0.79,Dropout
18,0,1,1,1,2,9238,1,1,136.0,139.2,37,38,9,8,0,0,1,1,0,6,7,6,13.83333333,0,6,6,6,14.0,0,9.4,-0.8,-3.12,Graduate
45,0,1,2,43,1,8014,0,1,130.0,130.0,34,34,0,0,0,0,1,0,0,12,12,9,12.44444444,3,7,8,6,12.0,0,9.4,-0.8,-3.12,Dropout
19,0,1,1,1,1,9070,1,1,160.0,152.0,3,38,1,9,0,0,0,1,0,5,5,0,0.0,0,6,0,0,0.0,0,10.8,1.4,1.74,Dropout
20,1,1,1,17,1,9254,1,1,132.0,126.1,38,38,0,5,0,0,1,0,0,6,9,4,10.75,0,6,12,0,0.0,0,7.6,2.6,0.32,Dropout
19,0,1,1,17,4,9085,1,1,123.0,124.4,19,19,4,10,0,0,1,1,0,6,14,6,15.66666667,0,6,9,6,14.5,0,15.5,2.8,-4.06,Graduate
21,0,1,1,5,4,9853,1,1,116.0,110.4,3,38,3,8,0,0,1,1,0,6,9,5,12.6,0,6,9,3,11.66666667,0,9.4,-0.8,-3.12,Enrolled
18,1,1,1,17,1,9147,1,1,139.0,143.6,1,38,6,6,0,1,1,1,0,5,9,0,0.0,0,5,5,0,0.0,0,7.6,2.6,0.32,Enrolled
19,0,1,1,1,1,9254,1,1,143.0,133.2,2,37,1,1,0,0,1,1,0,6,9,5,13.4,0,6,16,2,13.5,0,10.8,1.4,1.74,Enrolled
19,1,1,1,1,1,9147,1,1,117.0,118.1,38,19,5,7,0,0,1,0,0,5,6,5,11.2,0,5,5,5,13.2,0,12.4,0.5,1.79,Graduate
19,0,1,1,1,5,9500,1,1,146.0,133.8,19,37,7,7,0,0,1,1,0,8,9,8,13.2325,1,8,9,8,13.2325,1,9.4,-0.8,-3.12,Graduate
18,0,1,1,17,4,9853,1,1,140.0,128.5,19,38,4,1,0,0,1,1,0,6,7,6,11.66666667,0,6,10,6,11.83333333,0,10.8,1.4,1.74,Graduate
22,1,1,1,43,2,9500,1,6,119.1,119.1,1,19,4,10,0,0,1,0,0,7,7,6,12.73333333,0,7,7,6,12.73333333,0,7.6,2.6,0.32,Graduate
35,1,1,2,43,1,9670,1,1,120.0,128.2,34,34,0,0,0,0,1,0,0,5,5,0,0.0,0,5,5,1,10.0,0,9.4,-0.8,-3.12,Dropout
18,0,1,1,17,1,9254,1,1,131.0,131.7,38,37,4,9,0,0,0,1,0,6,0,0,0.0,0,6,0,0,0.0,0,12.7,3.7,-1.7,Dropout
18,1,1,1,17,4,9119,1,1,129.0,118.9,34,36,0,5,0,0,1,1,0,5,9,3,11.66666667,0,5,10,3,11.33333333,4,7.6,2.6,0.32,Dropout
32,0,1,2,39,1,8014,0,1,120.0,101.8,34,34,99,99,0,0,0,0,0,5,5,0,0.0,0,5,10,0,0.0,0,10.8,1.4,1.74,Dropout
19,0,1,1,17,1,9238,1,1,135.0,129.1,1,19,4,4,0,0,1,0,0,6,6,6,14.66666667,0,6,7,6,14.57142857,0,15.5,2.8,-4.06,Graduate
24,0,1,6,17,3,8014,0,1,115.0,115.0,19,1,5,90,0,0,0,0,0,5,5,0,0.0,0,5,10,0,0.0,0,10.8,1.4,1.74,Dropout
19,1,1,1,43,1,9500,1,1,140.0,125.7,19,38,9,7,1,0,1,1,0,7,8,5,11.2,0,7,8,5,11.2,0,7.6,2.6,0.32,Enrolled
25,1,1,1,39,1,9119,1,19,133.1,100.0,1,19,4,5,0,0,1,0,0,5,13,1,11.0,0,5,11,1,10.0,0,13.9,-0.3,0.79,Enrolled
20,1,1,1,17,5,9119,1,1,118.0,120.5,1,19,9,9,0,0,1,1,0,5,10,3,13.33333333,0,5,11,5,13.57142857,0,12.4,0.5,1.79,Graduate
19,0,1,1,1,3,9085,1,1,142.0,155.3,11,11,90,90,0,0,1,0,0,5,5,5,15.2,0,5,6,5,13.2,0,7.6,2.6,0.32,Graduate
21,0,1,1,17,1,9003,1,1,133.0,125.3,38,37,9,9,0,0,1,1,0,18,22,18,11.88888889,1,13,13,13,11.46153846,0,15.5,2.8,-4.06,Graduate
20,0,1,1,1,1,9500,1,1,129.0,119.6,19,19,5,5,1,0,1,1,0,7,8,7,14.00375,0,8,11,7,13.81285714,0,15.5,2.8,-4.06,Graduate
26,1,1,5,39,1,9147,1,1,133.1,119.8,19,19,9,9,0,0,1,0,0,5,9,5,12.0,0,5,5,5,10.2,0,11.1,0.6,2.02,Enrolled
20,0,1,1,44,1,9003,1,39,160.0,160.0,3,1,2,6,0,0,0,1,0,6,10,6,13.375,0,6,10,6,13.0,0,16.2,0.3,-0.92,Graduate
47,1,1,2,39,1,9773,1,1,120.0,155.5,37,38,9,3,0,0,1,0,0,6,12,5,13.8,0,6,13,4,14.0,0,12.7,3.7,-1.7,Dropout
26,0,1,1,7,1,9500,1,3,140.0,140.0,3,1,4,4,0,0,1,0,0,7,0,0,0.0,0,8,0,0,0.0,0,13.9,-0.3,0.79,Dropout
31,1,1,1,39,1,9003,1,1,133.1,110.0,1,37,4,7,0,0,1,0,0,6,15,3,14.4,0,6,20,0,0.0,0,16.2,0.3,-0.92,Dropout
38,0,1,2,39,1,9991,0,1,140.0,120.0,37,37,9,9,0,0,0,0,0,5,6,5,10.6,0,5,9,2,11.0,0,12.7,3.7,-1.7,Dropout
18,0,1,1,1,6,9853,1,1,136.0,122.0,1,19,5,5,0,0,1,0,0,6,6,6,12.66666667,0,6,6,6,12.0,0,7.6,2.6,0.32,Graduate
20,0,1,1,1,2,9500,1,1,124.0,123.3,34,34,0,0,1,0,1,1,0,8,8,7,14.90142857,1,8,8,7,14.90142857,1,9.4,-0.8,-3.12,Dropout
21,0,1,1,1,1,9238,1,1,133.0,120.4,34,37,5,5,0,0,0,0,0,6,12,2,11.5,0,6,13,1,13.0,0,9.4,-0.8,-3.12,Dropout
41,0,1,2,43,1,9991,0,3,130.0,130.0,37,37,9,9,0,0,1,0,0,10,11,10,14.3,0,10,10,10,14.2,0,12.7,3.7,-1.7,Graduate
21,1,1,1,1,5,9070,1,1,117.0,131.0,19,37,5,5,0,1,0,1,0,6,6,1,14.0,0,6,7,0,0.0,7,9.4,-0.8,-3.12,Dropout
55,1,1,6,39,1,9991,0,12,130.0,119.0,37,37,90,90,0,0,0,1,0,5,5,0,0.0,0,5,5,0,0.0,0,7.6,2.6,0.32,Dropout
37,1,1,1,43,5,8014,0,1,110.0,110.0,34,34,0,0,0,0,1,0,0,6,12,0,0.0,0,5,10,0,0.0,0,7.6,2.6,0.32,Dropout
20,1,1,1,17,1,9254,1,1,132.0,126.1,38,38,0,5,0,0,1,0,0,6,9,4,10.75,0,6,12,0,0.0,0,7.6,2.6,0.32,Dropout
22,0,1,1,44,1,9085,1,39,150.0,150.0,3,19,2,4,0,0,1,1,0,6,9,6,13.0,0,6,18,3,12.66666667,0,12.4,0.5,1.79,Graduate
18,0,1,1,17,2,9556,1,1,136.0,128.3,1,1,9,9,1,0,1,0,0,7,7,7,13.42857143,0,8,8,8,14.75,0,15.5,2.8,-4.06,Graduate
18,0,1,1,1,6,171,1,1,134.0,126.0,19,37,5,5,1,0,1,1,0,0,0,0,0.0,0,0,0,0,0.0,0,9.4,-0.8,-3.12,Graduate
22,1,1,1,1,1,9238,1,1,127.0,141.7,1,19,4,3,0,0,1,1,0,6,6,6,12.66666667,0,6,6,6,13.83333333,0,10.8,1.4,1.74,Dropout
19,0,1,1,1,5,9670,1,1,133.1,133.0,9,1,2,4,0,0,1,1,0,6,0,0,0.0,0,6,0,0,0.0,0,7.6,2.6,0.32,Dropout
29,0,1,1,43,1,9991,0,1,120.0,122.5,37,37,9,8,0,0,1,1,0,13,16,8,10.5,0,12,19,9,10.33333333,0,9.4,-0.8,-3.12,Enrolled
20,0,1,1,17,1,9853,1,1,133.1,111.5,38,12,7,0,1,0,0,0,0,6,10,4,12.0,0,6,14,3,10.0,0,7.6,2.6,0.32,Dropout
26,1,1,1,39,1,9670,1,1,100.0,120.0,1,1,4,4,0,0,1,0,0,5,7,3,11.33333333,0,5,7,3,13.66666667,0,9.4,-0.8,-3.12,Dropout
22,0,1,1,44,1,9085,1,1,140.0,140.0,4,4,2,6,0,0,1,0,0,6,9,6,13.33333333,0,6,9,4,11.5,0,13.9,-0.3,0.79,Graduate
20,0,1,1,16,6,9147,1,1,128.0,116.5,37,37,9,9,0,0,1,1,0,5,8,4,11.6,0,5,10,3,12.33333333,0,7.6,2.6,0.32,Graduate
20,0,1,1,1,1,9773,1,1,127.0,121.8,1,19,7,7,1,0,1,1,0,6,11,4,14.0,0,6,12,3,11.0,0,9.4,-0.8,-3.12,Enrolled
18,0,1,1,1,1,9500,1,1,133.0,123.2,38,38,5,5,0,0,1,0,0,7,7,7,13.28571429,0,8,9,8,13.33333333,0,16.2,0.3,-0.92,Graduate
19,0,1,1,1,1,9238,1,1,142.0,128.0,1,37,5,7,1,0,1,0,0,6,8,6,12.25,0,6,8,6,12.0,0,16.2,0.3,-0.92,Graduate
18,0,1,1,17,2,9773,1,1,123.0,120.9,1,1,3,3,0,0,1,1,0,6,0,0,0.0,0,6,0,0,0.0,0,13.9,-0.3,0.79,Dropout
18,1,1,1,17,1,9670,1,1,132.0,119.1,19,1,5,4,0,1,1,0,0,6,6,3,12.66666667,0,6,11,4,11.14285714,0,10.8,1.4,1.74,Dropout
20,1,1,1,1,1,9773,1,1,120.0,126.7,36,37,0,0,0,0,1,1,0,6,9,5,12.6,0,6,11,4,11.5,0,7.6,2.6,0.32,Graduate
20,0,1,1,17,6,9500,1,1,147.0,141.1,1,38,4,8,0,0,1,1,0,7,9,6,13.0,0,8,8,8,14.2125,0,13.9,-0.3,0.79,Dropout
59,0,41,2,15,1,9773,1,1,133.1,100.0,37,37,9,6,0,0,1,0,0,6,8,6,12.16666667,0,6,7,4,11.75,0,11.1,0.6,2.02,Graduate
19,0,1,1,1,1,9147,1,1,135.0,122.4,1,38,5,5,0,1,1,0,0,5,10,5,10.875,0,5,8,4,12.4,0,13.9,-0.3,0.79,Graduate
27,1,1,2,42,1,9991,0,1,130.0,130.0,3,2,2,2,0,0,1,0,0,2,2,2,12.5,0,5,6,2,12.5,0,12.7,3.7,-1.7,Enrolled
19,1,1,1,1,1,171,1,1,134.0,136.1,19,37,7,7,0,0,1,1,0,0,0,0,0.0,0,0,0,0,0.0,0,9.4,-0.8,-3.12,Graduate
20,0,1,1,17,1,9085,1,1,128.0,123.3,2,19,2,4,1,0,1,1,0,6,6,6,14.83333333,0,6,8,6,12.14285714,0,8.9,1.4,3.51,Graduate
20,0,26,1,15,1,9556,1,1,114.0,114.0,3,19,122,144,0,0,1,0,0,7,14,0,0.0,6,7,12,2,11.66666667,0,8.9,1.4,3.51,Enrolled
18,0,1,1,1,6,171,1,1,134.0,126.0,19,37,5,5,1,0,1,1,0,0,0,0,0.0,0,0,0,0,0.0,0,9.4,-0.8,-3.12,Graduate
18,0,1,1,17,2,9500,1,1,135.0,127.3,19,1,5,4,0,0,1,1,0,7,8,7,13.30625,0,8,8,8,14.545,0,15.5,2.8,-4.06,Graduate
26,1,1,1,44,1,9085,1,39,130.0,130.0,1,1,4,4,0,0,1,1,1,6,20,4,12.5,0,6,16,3,10.0,0,15.5,2.8,-4.06,Dropout
18,0,1,1,1,4,9500,1,1,133.0,127.3,38,19,8,7,0,0,1,1,0,8,8,7,12.62857143,0,8,8,7,12.62857143,0,12.7,3.7,-1.7,Graduate
19,0,1,1,1,1,9085,1,1,129.0,123.4,1,38,4,7,0,0,1,0,0,5,6,5,12.4,0,5,6,5,13.4,0,7.6,2.6,0.32,Graduate
19,0,1,1,17,2,9238,1,1,132.0,133.1,38,1,7,7,1,0,1,1,0,6,8,5,12.2,0,6,7,6,11.5,0,9.4,-0.8,-3.12,Graduate
19,0,1,1,1,1,9853,1,1,125.0,125.4,38,38,9,9,0,1,0,0,0,7,11,4,12.0,0,7,9,6,11.83333333,0,16.2,0.3,-0.92,Dropout
18,0,1,1,1,1,9500,1,1,148.0,133.8,19,19,4,4,0,0,1,0,0,8,8,7,13.48571429,0,8,8,7,13.48571429,0,12.7,3.7,-1.7,Graduate
19,0,1,1,1,4,9500,1,1,126.0,125.0,19,19,9,9,0,0,1,1,0,7,8,6,11.65833333,0,8,11,6,12.41666667,0,12.4,0.5,1.79,Graduate
19,0,41,1,43,1,9130,1,1,100.0,100.0,3,4,3,2,0,0,1,0,0,5,10,5,14.85714286,2,5,7,5,15.14285714,0,9.4,-0.8,-3.12,Enrolled
54,0,6,1,39,1,9556,1,1,133.1,169.2,3,3,4,4,0,1,0,0,0,7,7,0,0.0,0,5,10,0,0.0,0,12.4,0.5,1.79,Dropout
20,1,1,1,17,4,9773,1,1,137.0,125.8,1,1,5,5,0,1,1,0,0,6,7,5,12.2,0,6,6,6,12.33333333,0,12.7,3.7,-1.7,Dropout
28,1,1,1,39,1,9670,1,1,120.0,106.0,34,34,0,0,0,0,0,1,0,5,7,3,11.66666667,0,5,8,2,11.5,1,7.6,2.6,0.32,Dropout
20,1,1,1,44,1,9003,1,39,130.0,130.0,2,3,9,6,0,0,1,0,0,6,12,4,10.8,0,6,13,4,12.0,0,12.4,0.5,1.79,Enrolled
19,1,1,1,1,2,9500,1,1,149.0,137.5,3,1,9,9,0,0,1,0,0,8,8,7,13.82857143,0,8,8,7,13.82857143,0,12.7,3.7,-1.7,Graduate
22,1,1,1,17,1,9085,1,1,137.0,134.6,1,1,4,7,0,0,1,1,0,6,16,0,0.0,0,6,7,0,0.0,0,16.2,0.3,-0.92,Dropout
21,1,1,1,17,1,9147,1,1,110.0,99.0,1,1,4,4,0,0,1,0,0,5,5,5,11.0,0,5,11,3,11.42857143,0,10.8,1.4,1.74,Enrolled
34,0,1,1,51,1,33,1,1,130.0,117.7,19,19,9,9,0,0,1,0,0,12,12,10,12.0,0,10,11,5,11.0,0,11.1,0.6,2.02,Dropout
18,0,1,1,1,1,9147,1,1,150.0,138.5,37,37,9,6,1,0,1,0,0,5,5,5,14.0,0,5,6,5,13.6,0,12.4,0.5,1.79,Graduate
19,1,1,1,1,1,171,1,1,134.0,136.1,19,37,7,7,0,0,1,1,0,0,0,0,0.0,0,0,0,0,0.0,0,9.4,-0.8,-3.12,Graduate
22,1,1,2,42,1,9254,1,1,136.0,130.0,2,2,134,112,0,0,1,1,0,6,13,4,11.5,0,6,12,2,12.5,0,7.6,2.6,0.32,Dropout
43,0,1,2,39,1,9670,1,1,150.0,135.6,37,19,9,4,1,0,1,0,0,6,8,5,11.0,0,6,9,5,13.0,0,12.4,0.5,1.79,Graduate
18,0,1,1,1,5,9500,1,1,127.0,120.3,19,19,7,8,1,0,1,1,0,8,8,7,12.69428571,0,8,8,7,12.69428571,0,10.8,1.4,1.74,Graduate
31,1,1,1,39,1,9003,1,1,133.1,110.0,1,37,4,7,0,0,1,0,0,6,15,3,14.4,0,6,20,0,0.0,0,16.2,0.3,-0.92,Dropout
18,0,1,1,1,5,9500,1,1,139.0,126.3,38,37,7,7,1,0,1,1,0,8,8,8,13.435,0,8,8,8,13.435,0,9.4,-0.8,-3.12,Graduate
24,0,1,1,39,1,9085,1,1,133.1,130.0,19,19,7,7,0,0,1,1,0,6,7,6,14.85714286,0,6,10,5,13.6,0,13.9,-0.3,0.79,Graduate
33,1,1,1,39,1,9238,1,19,133.1,139.0,37,37,9,9,0,1,0,0,0,6,8,0,0.0,0,5,6,0,0.0,0,16.2,0.3,-0.92,Dropout
18,0,1,1,1,4,9500,1,1,144.0,129.0,3,39,2,3,0,0,1,1,0,7,8,7,12.65,0,8,9,8,13.41111111,0,16.2,0.3,-0.92,Dropout
18,0,1,1,17,1,9853,1,1,133.0,127.4,38,38,9,9,1,1,1,0,0,7,7,7,12.71428571,0,7,7,7,12.28571429,0,16.2,0.3,-0.92,Graduate
22,1,1,1,51,1,9003,1,39,130.0,120.0,1,19,4,4,0,1,0,1,0,6,12,3,11.33333333,0,6,13,2,11.0,0,8.9,1.4,3.51,Dropout
21,1,1,1,17,1,9773,1,1,145.0,132.8,1,38,90,8,0,0,0,1,0,6,10,2,12.0,0,6,0,0,0.0,0,10.8,1.4,1.74,Dropout
18,0,1,1,1,1,9238,1,1,131.0,135.9,37,1,9,9,0,0,1,1,0,6,8,5,13.2,0,6,6,6,11.33333333,0,9.4,-0.8,-3.12,Graduate
19,1,1,1,1,1,9238,1,1,117.0,111.8,19,19,9,9,0,0,1,1,0,6,9,4,11.5,0,6,12,3,11.0,0,8.9,1.4,3.51,Dropout
19,1,1,1,1,2,9500,1,1,149.0,137.5,3,1,9,9,0,0,1,0,0,8,8,7,13.82857143,0,8,8,7,13.82857143,0,12.7,3.7,-1.7,Graduate
20,0,1,1,1,2,9500,1,1,126.0,124.3,1,38,4,7,1,0,1,1,0,8,8,8,12.98125,0,8,8,8,12.98125,0,9.4,-0.8,-3.12,Graduate
24,1,1,1,44,1,9130,1,39,130.0,150.0,38,19,9,9,0,0,1,0,0,6,8,4,11.75,0,6,8,2,13.5,0,11.1,0.6,2.02,Dropout
30,1,1,1,39,1,9130,1,10,133.1,128.2,12,36,90,90,1,0,0,0,0,5,13,0,0.0,3,5,5,0,0.0,5,9.4,-0.8,-3.12,Dropout
19,1,1,1,43,3,9254,1,1,110.0,107.2,37,37,9,9,0,0,1,1,0,6,16,2,10.5,0,6,15,4,10.0,0,7.6,2.6,0.32,Dropout
20,1,1,1,1,1,9254,1,1,121.0,111.9,1,1,5,4,0,0,0,1,0,6,14,2,10.5,0,6,16,0,0.0,0,10.8,1.4,1.74,Dropout
21,0,1,1,17,1,9147,1,1,122.0,119.9,19,19,4,6,1,0,1,0,0,5,6,5,11.4,0,5,6,5,12.2,0,12.7,3.7,-1.7,Graduate
18,0,1,1,1,3,9070,1,1,146.0,143.6,34,34,0,0,0,0,1,1,0,6,6,6,12.5,0,6,6,6,13.0,0,7.6,2.6,0.32,Dropout
