8.6,0.49,0.51,2.0,0.422,16.0,62.0,0.9979,3.03,1.17,9.0,5
9.3,0.715,0.24,2.1,0.07,5.0,20.0,0.9966,3.12,0.59,9.9,5
6.6,0.422,0.28,2.6,0.0580489098507464,3.0,14.0,0.9934,3.02,0.92,9.7,4
7.4,0.6,0.26,7.3,0.07,36.0,121.0,0.9982,3.37,0.49,9.4,5
10.0,0.412,0.0,5.5,0.0571550854664044,39.0,29.0,0.99379,3.36,0.8,10.8,4
8.1,0.575,0.22,2.1,0.077,12.0,65.0,0.9967,3.29,0.51,9.2,5
10.4,0.35,0.24,1.4,0.0996092341146991,32.0,25.0,0.99476,3.14,1.86,13.1,4
12.3,0.75,0.0,3.7,0.1509445242785333,3.0,7.0,0.9939,3.1,0.79,9.6,4
10.3,0.48,0.11,3.1,0.1404317352321341,17.0,11.0,0.9934,3.03,0.63,9.4,4
10.8,1.003,0.31,3.1,0.1108983921681041,24.0,72.0,0.99658,3.18,0.47,12.3,4
8.3,0.65,0.1,2.9,0.089,17.0,40.0,0.99803,3.29,0.55,9.5,5
8.3,0.35,0.29,3.2,0.092213187295758,3.0,7.0,0.99376,3.24,0.88,11.5,4
7.2,0.62,0.06,2.7,0.077,15.0,85.0,0.99746,3.51,0.54,9.5,5
10.3,0.418,0.13,2.9,0.1197476960147444,3.0,44.0,0.99737,2.97,1.49,10.7,4
7.6,0.62,0.32,2.2,0.0819999999999999,7.0,54.0,0.9966,3.36,0.52,9.4,5
6.9,0.653,0.0,1.7,0.0851526772860672,14.0,25.0,0.9934,2.93,0.84,11.8,4
9.8,0.475,0.0,2.6,0.0456944105001772,3.0,7.0,0.99636,3.16,0.84,12.3,4
6.1,0.647,0.08,2.8,0.0533545036996577,3.0,7.0,0.99627,3.06,0.55,11.1,4
8.5,0.437,0.18,1.4,0.1054863812772473,19.0,26.0,0.99837,3.31,1.99,9.7,4
12.5,1.055,0.24,1.8,0.1359153569792552,3.0,7.0,0.99655,3.38,0.59,10.4,4
7.6,0.43,0.29,2.1,0.075,19.0,66.0,0.99718,3.4,0.64,9.5,5
9.0,0.58,0.25,2.8,0.075,9.0,104.0,0.99779,3.23,0.57,9.7,5
7.7,0.39,0.12,1.7,0.0969999999999999,19.0,27.0,0.99596,3.16,0.49,9.4,5
6.5,0.485,0.47,1.8,0.075959534686455,33.0,30.0,0.9934,3.53,1.57,10.2,4
9.0,0.482,0.27,1.6,0.1327616099623495,15.0,50.0,1.001,3.45,2.0,10.0,4
7.2,0.41,0.3,2.1,0.083,35.0,72.0,0.997,3.44,0.52,9.4,5
8.6,0.63,0.17,2.9,0.099,21.0,119.0,0.998,3.09,0.52,9.3,5
7.1,0.59,0.01,2.5,0.077,20.0,85.0,0.99746,3.55,0.59,9.8,5
7.2,0.415,0.36,2.0,0.081,13.0,45.0,0.9972,3.48,0.64,9.2,5
8.2,0.522,0.0,5.2,0.0616838256854332,6.0,23.0,0.99458,3.21,1.9,11.4,4
9.3,0.43,0.44,1.9,0.085,9.0,22.0,0.99708,3.28,0.55,9.5,5
7.4,0.721,0.21,1.6,0.1288317452173074,3.0,11.0,0.9957,3.37,0.81,11.0,4
8.0,0.6,0.22,2.1,0.08,25.0,105.0,0.99613,3.3,0.49,9.9,5
5.4,0.419,0.31,6.3,0.0883748349751612,3.0,38.0,0.9934,3.02,0.73,11.9,4
7.9,0.626,0.0,5.0,0.1318132739670783,3.0,39.0,0.99693,2.74,0.62,10.6,4
6.5,0.634,0.18,2.0,0.0635198949380229,11.0,30.0,0.99468,3.32,0.9,10.0,4
9.5,0.759,0.44,5.7,0.0987188831040959,9.0,7.0,0.9934,3.38,0.81,10.0,4
10.0,0.66,0.48,6.3,0.0880681491150843,3.0,10.0,0.99972,3.14,0.68,12.5,4
8.8,0.47,0.49,2.9,0.085,17.0,110.0,0.9982,3.29,0.6,9.8,5
7.2,0.54,0.27,2.6,0.084,12.0,78.0,0.9964,3.39,0.71,11.0,5
7.9,0.657,0.15,6.3,0.0501815767893045,3.0,29.0,0.9934,3.02,1.51,10.0,4
12.5,0.56,0.49,2.4,0.064,5.0,27.0,0.9999,3.08,0.87,10.9,5
10.3,0.722,0.0,6.3,0.0635697594802413,21.0,60.0,0.99543,3.08,2.0,10.5,4
6.8,0.68,0.21,2.1,0.07,9.0,23.0,0.99546,3.38,0.6,10.3,5
7.4,0.61,0.01,2.0,0.074,13.0,38.0,0.99748,3.48,0.65,9.8,5
9.9,0.54,0.45,2.3,0.071,16.0,40.0,0.9991,3.39,0.62,9.4,5
8.3,0.65,0.1,2.9,0.089,17.0,40.0,0.99803,3.29,0.55,9.5,5
8.6,0.566,0.0,2.7,0.1055890223338981,3.0,51.0,0.99351,2.97,2.0,12.0,4
7.8,0.7,0.06,1.9,0.079,20.0,35.0,0.99628,3.4,0.69,10.9,5
7.6,0.41,0.33,2.5,0.078,6.0,23.0,0.9957,3.3,0.58,11.2,5
11.7,0.35,0.24,2.1,0.087096727271282,3.0,49.0,0.99633,3.08,1.18,10.7,4
9.9,0.483,0.29,3.3,0.1043281876667299,32.0,7.0,0.9934,3.19,0.51,9.6,4
6.1,1.09,0.0,2.2,0.0575711921414876,16.0,28.0,0.99637,3.38,2.0,9.3,4
8.7,0.765,0.22,2.3,0.064,9.0,42.0,0.9963,3.1,0.55,9.4,5
7.7,1.005,0.15,2.1,0.102,11.0,32.0,0.99604,3.23,0.48,10.0,5
10.1,0.521,0.26,2.7,0.045,13.0,40.0,0.99492,3.14,0.7,10.2,4
4.6,0.35,0.33,3.5,0.0589288439208785,4.0,7.0,0.99973,3.29,0.68,10.8,4
7.8,0.623,0.32,2.4,0.0540895882245737,13.0,36.0,0.9934,3.57,0.35,9.8,4
10.0,0.58,0.22,1.9,0.08,9.0,32.0,0.9974,3.13,0.55,9.5,5
8.4,0.514,0.0,6.3,0.0710117465970325,41.0,25.0,0.9935,3.67,0.7,12.5,4
8.5,1.09,0.0,2.4,0.1102572557232566,7.0,11.0,0.99907,3.31,0.59,10.6,4
6.2,0.946,0.5,2.2,0.045,3.0,8.0,0.99507,2.74,0.59,11.2,4
8.2,0.35,0.28,6.3,0.045,3.0,7.0,1.0,3.17,0.77,9.7,4
7.1,0.43,0.17,1.8,0.0819999999999999,27.0,51.0,0.99634,3.49,0.64,10.4,5
7.0,0.805,0.0,2.5,0.068,7.0,20.0,0.9969,3.48,0.56,9.6,5
9.5,0.435,0.13,5.8,0.0737510417215358,3.0,15.0,0.9934,3.05,1.77,10.5,4
7.0,0.56,0.13,1.6,0.077,25.0,42.0,0.99629,3.34,0.59,9.2,5
7.9,0.527,0.2,2.7,0.0610032066506414,16.0,45.0,0.99857,3.37,0.54,13.0,4
7.2,0.655,0.03,1.8,0.078,7.0,12.0,0.99587,3.34,0.39,9.5,5
10.1,0.654,0.45,1.3,0.1272664718865334,20.0,55.0,0.9934,3.33,0.64,12.5,4
8.5,0.655,0.49,6.1,0.122,34.0,151.0,1.001,3.31,1.14,9.3,5
12.5,0.802,0.11,1.9,0.1187121598903083,15.0,7.0,0.99509,3.1,1.13,10.0,4
7.8,0.53,0.01,1.6,0.077,3.0,19.0,0.995,3.16,0.46,9.8,5
7.5,0.6,0.03,1.8,0.095,25.0,99.0,0.995,3.35,0.54,10.1,5
8.8,0.52,0.34,2.7,0.087,24.0,122.0,0.9982,3.26,0.61,9.5,5
9.3,0.655,0.26,2.0,0.096,5.0,35.0,0.99738,3.25,0.42,9.6,5
11.4,0.468,0.0,3.1,0.1423463402640128,7.0,78.0,0.99569,3.18,0.45,12.2,4
8.1,0.87,0.0,3.3,0.096,26.0,61.0,1.00025,3.6,0.72,9.8,4
11.2,0.74,0.0,4.1,0.085541757566932,3.0,13.0,0.99617,3.55,0.66,9.6,4
8.8,0.854,0.06,2.6,0.056709057521394,3.0,7.0,0.9934,3.06,0.43,11.0,4
8.3,0.56,0.22,2.4,0.0819999999999999,10.0,86.0,0.9983,3.37,0.62,9.5,5
9.7,0.55,0.17,2.9,0.087,20.0,53.0,1.0004,3.14,0.61,9.4,5
6.1,0.705,0.1,2.8,0.081,13.0,28.0,0.99631,3.6,0.66,10.2,5
10.8,0.89,0.3,2.6,0.132,7.0,60.0,0.99786,2.99,1.18,10.2,5
7.8,0.56,0.19,1.8,0.104,12.0,47.0,0.9964,3.19,0.93,9.5,5
10.5,0.426,0.29,1.3,0.1182603795676363,3.0,21.0,0.99857,3.39,0.62,11.7,4
15.9,0.36,0.65,7.5,0.096,22.0,71.0,0.9976,2.98,0.84,14.9,5
4.6,0.621,0.14,1.3,0.0811444284435219,7.0,24.0,0.99412,3.15,0.93,11.8,4
8.4,1.035,0.0,2.4,0.0887839551434521,3.0,72.0,0.99905,2.92,0.42,10.9,4
7.5,0.555,0.33,5.4,0.115288227654662,3.0,7.0,0.9934,3.21,2.0,9.8,4
12.5,0.865,0.0,2.6,0.0477123293163128,3.0,51.0,0.9934,2.88,0.62,10.9,4
9.5,0.536,0.53,2.7,0.1173276165007761,3.0,7.0,0.99443,3.15,0.6,11.7,4
10.5,0.602,0.19,1.7,0.045,3.0,7.0,1.0001,3.16,1.19,10.4,4
11.5,0.37,0.0,1.8,0.045,3.0,7.0,0.99765,3.61,0.46,12.8,4
10.5,0.35,0.25,6.3,0.065401469521559,15.0,7.0,0.99472,3.19,0.64,10.3,4
6.7,0.75,0.12,2.0,0.086,12.0,80.0,0.9958,3.38,0.52,10.1,5
7.7,0.69,0.22,1.9,0.084,18.0,94.0,0.9961,3.31,0.48,9.5,5
