8.4,0.56,0.04,2.0,0.0819999999999999,10.0,22.0,0.9976,3.22,0.44,9.6,5
7.1,0.67,0.0,2.3,0.083,18.0,27.0,0.99768,3.44,0.54,9.4,5
11.8,0.773,0.0,1.3,0.0968367169019559,13.0,7.0,0.9934,3.48,0.52,9.9,4
8.2,1.053,0.0,2.6,0.0484302203231473,14.0,10.0,0.99561,3.38,0.52,9.1,4
7.1,0.68,0.0,2.2,0.073,12.0,22.0,0.9969,3.48,0.5,9.3,5
8.5,0.21,0.52,1.9,0.09,9.0,23.0,0.99648,3.36,0.67,10.4,5
8.8,0.936,0.0,5.4,0.1400999262562371,3.0,7.0,0.99462,3.22,0.61,9.0,4
5.1,0.697,0.11,2.7,0.0527930242467759,12.0,83.0,0.99643,3.18,1.58,12.0,4
7.6,0.55,0.21,2.2,0.071,7.0,28.0,0.9964,3.28,0.55,9.7,5
9.6,0.588,0.0,2.6,0.1755081115241296,22.0,7.0,0.99447,3.04,0.68,9.9,4
6.9,0.5,0.04,1.5,0.085,19.0,49.0,0.9958,3.35,0.78,9.5,5
7.7,0.64,0.21,2.2,0.077,32.0,133.0,0.9956,3.27,0.45,9.9,5
6.5,0.885,0.0,2.3,0.166,6.0,12.0,0.99551,3.56,0.51,10.8,5
9.6,0.893,0.1,3.2,0.045,26.0,7.0,0.9934,2.96,0.61,10.2,4
5.9,0.623,0.2,1.5,0.0833013663001584,3.0,79.0,0.9934,3.45,0.84,11.7,4
9.4,0.673,0.01,1.5,0.0502382354032317,16.0,7.0,0.99469,3.22,0.5,9.4,4
6.6,0.705,0.07,1.6,0.076,6.0,15.0,0.9962,3.44,0.58,10.7,5
7.1,0.43,0.42,5.5,0.071,28.0,128.0,0.9973,3.42,0.71,10.5,5
10.6,0.646,0.0,2.8,0.1124694226476576,16.0,12.0,0.9934,3.06,1.98,10.7,4
7.5,0.58,0.03,4.1,0.08,27.0,46.0,0.99592,3.02,0.47,9.2,5
7.1,0.678,0.0,4.6,0.1555019723132024,3.0,27.0,0.99475,3.07,1.55,9.0,4
6.0,0.5,0.0,1.4,0.057,15.0,26.0,0.99448,3.36,0.45,9.5,5
4.7,0.917,0.36,2.5,0.0501379783150947,16.0,28.0,0.9934,3.48,0.76,9.9,4
8.9,0.379,0.0,1.9,0.0588170836677908,3.0,7.0,0.99451,3.43,0.66,10.4,4
12.5,0.485,0.0,2.8,0.0518511785620485,11.0,16.0,0.99404,3.27,0.63,13.1,4
10.2,0.42,0.57,3.4,0.07,4.0,10.0,0.9971,3.04,0.63,9.6,5
7.1,0.746,0.28,3.6,0.1103186218400532,7.0,23.0,0.99472,2.97,0.78,9.9,4
8.8,0.902,0.0,2.4,0.045,8.0,8.0,0.99358,2.74,0.68,12.9,4
11.1,0.35,0.13,2.1,0.1398006944724943,3.0,33.0,0.99497,3.33,0.8,10.0,4
7.1,0.69,0.04,2.1,0.068,19.0,27.0,0.99712,3.44,0.67,9.8,5
9.8,0.654,0.02,1.4,0.045,3.0,7.0,0.9934,3.25,0.76,13.0,4
12.4,0.407,0.44,2.2,0.146031233557372,3.0,40.0,0.9934,3.31,2.0,9.0,4
7.7,0.69,0.05,2.7,0.075,15.0,27.0,0.9974,3.26,0.61,9.1,5
7.9,0.33,0.23,1.7,0.077,18.0,45.0,0.99625,3.29,0.65,9.3,5
9.6,0.753,0.36,6.3,0.045,3.0,7.0,0.9934,3.16,2.0,10.9,4
9.6,0.679,0.0,3.4,0.050663701421013,9.0,7.0,0.99833,3.29,0.78,12.0,4
9.8,0.485,0.15,2.2,0.0458779235934533,3.0,7.0,0.99781,3.13,0.57,10.7,4
5.4,0.697,0.25,2.5,0.1308662516195672,3.0,7.0,0.99789,2.9,2.0,10.3,4
8.7,0.46,0.31,2.5,0.126,24.0,64.0,0.99746,3.1,0.74,9.6,5
6.9,0.439,0.36,2.4,0.0708084930039705,9.0,104.0,0.99598,3.01,0.68,10.6,4
7.9,0.5,0.33,2.0,0.084,15.0,143.0,0.9968,3.2,0.55,9.5,5
6.3,0.778,0.0,4.9,0.1085810825309666,3.0,7.0,0.99728,3.18,0.6,10.0,4
7.0,0.62,0.08,1.8,0.076,8.0,24.0,0.9978,3.48,0.53,9.0,5
12.5,0.666,0.1,3.9,0.045,3.0,38.0,0.99433,3.31,2.0,9.0,4
8.4,0.759,0.0,2.5,0.0945789746702145,3.0,10.0,0.99817,3.66,0.72,10.2,4
6.6,0.735,0.02,7.9,0.122,68.0,124.0,0.9994,3.47,0.53,9.9,5
6.1,0.35,0.08,2.0,0.1300662751218204,28.0,116.0,0.99507,3.14,0.89,10.8,4
7.9,0.363,0.0,2.0,0.0560853118008292,9.0,13.0,0.99435,3.09,0.71,11.8,4
8.2,0.56,0.23,3.4,0.078,14.0,104.0,0.9976,3.28,0.62,9.4,5
6.9,0.39,0.24,2.1,0.102,4.0,7.0,0.99462,3.44,0.58,11.4,4
9.9,0.63,0.24,2.4,0.077,6.0,33.0,0.9974,3.09,0.57,9.4,5
10.1,0.652,0.31,2.7,0.045,3.0,7.0,0.9934,3.04,0.8,11.5,4
7.0,0.975,0.04,2.0,0.087,12.0,67.0,0.99565,3.35,0.6,9.4,4
9.5,0.55,0.66,2.3,0.387,12.0,37.0,0.9982,3.17,0.67,9.6,5
9.9,0.35,0.01,2.2,0.1017485858300208,20.0,35.0,0.99944,3.39,0.81,9.2,4
8.4,0.745,0.11,1.9,0.09,16.0,63.0,0.9965,3.19,0.82,9.6,5
8.3,0.675,0.26,2.1,0.084,11.0,43.0,0.9976,3.31,0.53,9.2,4
12.5,0.691,0.0,2.1,0.0631022789993508,17.0,31.0,0.99948,3.3,0.75,12.0,4
9.0,0.66,0.17,3.0,0.077,5.0,13.0,0.9976,3.29,0.55,10.4,5
5.8,0.35,0.1,3.2,0.1119483402489599,16.0,37.0,0.99494,3.28,2.0,10.9,4
10.7,0.9,0.34,6.6,0.1119999999999999,23.0,99.0,1.00289,3.22,0.68,9.3,5
9.9,0.54,0.45,2.3,0.071,16.0,40.0,0.9991,3.39,0.62,9.4,5
10.7,0.35,0.01,1.7,0.060339256310976,15.0,11.0,0.99388,3.3,0.69,12.1,4
7.5,0.6,0.03,1.8,0.095,25.0,99.0,0.995,3.35,0.54,10.1,5
8.6,0.47,0.27,2.3,0.055,14.0,28.0,0.99516,3.18,0.8,11.2,5
11.6,0.5,0.37,3.4,0.045,16.0,55.0,0.9966,3.33,0.57,10.7,4
8.4,0.844,0.38,1.3,0.045,31.0,16.0,0.9934,3.09,0.63,10.5,4
10.6,0.482,0.54,1.3,0.0938372948701636,3.0,108.0,0.99889,3.2,0.58,10.8,4
8.1,0.67,0.55,1.8,0.1169999999999999,32.0,141.0,0.9968,3.17,0.62,9.4,5
9.9,0.585,0.0,1.3,0.0996484415701851,18.0,29.0,0.99797,3.67,0.46,9.2,4
7.1,0.36,0.3,1.6,0.08,35.0,70.0,0.99693,3.44,0.5,9.4,5
6.5,0.434,0.02,1.3,0.0584022143025834,3.0,7.0,0.99846,3.08,0.75,12.8,4
7.1,0.556,0.44,2.3,0.096504437175772,7.0,119.0,0.99671,3.03,0.53,9.6,4
9.1,0.482,0.29,3.6,0.066807015371528,15.0,35.0,0.9934,3.15,1.09,9.0,4
10.0,0.43,0.33,2.7,0.095,28.0,89.0,0.9984,3.22,0.68,10.0,5
6.6,0.66,0.0,3.0,0.115,21.0,31.0,0.99629,3.45,0.63,10.3,5
11.0,0.535,0.27,3.7,0.0632345995892951,37.0,18.0,0.99849,3.11,0.65,10.5,4
11.8,0.35,0.29,2.2,0.0674317089541571,3.0,7.0,0.99775,3.45,0.7,11.2,4
6.8,0.66,0.07,1.6,0.07,16.0,61.0,0.99572,3.29,0.6,9.3,5
12.5,0.527,0.0,4.8,0.1052170516789605,3.0,31.0,0.9934,3.65,0.6,10.1,4
10.3,0.572,0.0,1.8,0.0498309282596945,3.0,7.0,0.99747,3.25,0.76,10.9,4
10.7,0.424,0.1,2.6,0.1045071093543358,3.0,9.0,0.99479,2.74,0.82,9.0,4
7.0,0.685,0.0,1.9,0.099,9.0,22.0,0.99606,3.34,0.6,9.7,5
7.5,0.49,0.19,1.9,0.076,10.0,44.0,0.9957,3.39,0.54,9.7,5
7.6,0.54,0.13,2.5,0.0969999999999999,24.0,66.0,0.99785,3.39,0.61,9.4,5
13.0,0.32,0.65,2.6,0.093,15.0,47.0,0.9996,3.05,0.61,10.6,5
7.0,0.5,0.14,1.8,0.078,10.0,23.0,0.99636,3.53,0.61,10.4,5
7.8,0.35,0.25,2.4,0.1041020239613082,3.0,14.0,0.99961,3.39,0.68,11.1,4
9.3,0.35,0.01,2.8,0.0486066180894513,3.0,7.0,0.9934,3.04,0.68,11.1,4
6.8,0.915,0.29,4.8,0.07,15.0,39.0,0.99577,3.53,0.54,11.1,5
11.9,0.768,0.07,1.3,0.0804461445439721,3.0,81.0,0.99453,2.96,0.74,10.5,4
9.3,0.913,0.0,2.2,0.1302760738932807,24.0,48.0,0.99712,2.79,0.46,10.6,4
8.9,0.31,0.36,2.6,0.0559999999999999,10.0,39.0,0.99562,3.4,0.69,11.8,5
12.5,0.35,0.26,1.9,0.104052660386456,28.0,7.0,0.99773,3.13,0.81,10.4,4
10.0,0.673,0.0,3.0,0.0620377249366193,20.0,7.0,0.99456,3.09,0.56,12.8,4
4.9,0.474,0.0,2.4,0.0524397436505277,12.0,7.0,0.99377,3.01,0.69,9.9,4
6.2,0.6,0.08,2.0,0.09,32.0,44.0,0.9949,3.45,0.58,10.5,5
8.6,0.49,0.51,2.0,0.422,16.0,62.0,0.9979,3.03,1.17,9.0,5
9.3,0.715,0.24,2.1,0.07,5.0,20.0,0.9966,3.12,0.59,9.9,5
6.6,0.422,0.28,2.6,0.0580489098507464,3.0,14.0,0.9934,3.02,0.92,9.7,4
7.4,0.6,0.26,7.3,0.07,36.0,121.0,0.9982,3.37,0.49,9.4,5
10.0,0.412,0.0,5.5,0.0571550854664044,39.0,29.0,0.99379,3.36,0.8,10.8,4
8.1,0.575,0.22,2.1,0.077,12.0,65.0,0.9967,3.29,0.51,9.2,5
10.4,0.35,0.24,1.4,0.0996092341146991,32.0,25.0,0.99476,3.14,1.86,13.1,4
12.3,0.75,0.0,3.7,0.1509445242785333,3.0,7.0,0.9939,3.1,0.79,9.6,4
10.3,0.48,0.11,3.1,0.1404317352321341,17.0,11.0,0.9934,3.03,0.63,9.4,4
10.8,1.003,0.31,3.1,0.1108983921681041,24.0,72.0,0.99658,3.18,0.47,12.3,4
8.3,0.65,0.1,2.9,0.089,17.0,40.0,0.99803,3.29,0.55,9.5,5
8.3,0.35,0.29,3.2,0.092213187295758,3.0,7.0,0.99376,3.24,0.88,11.5,4
7.2,0.62,0.06,2.7,0.077,15.0,85.0,0.99746,3.51,0.54,9.5,5
10.3,0.418,0.13,2.9,0.1197476960147444,3.0,44.0,0.99737,2.97,1.49,10.7,4
7.6,0.62,0.32,2.2,0.0819999999999999,7.0,54.0,0.9966,3.36,0.52,9.4,5
6.9,0.653,0.0,1.7,0.0851526772860672,14.0,25.0,0.9934,2.93,0.84,11.8,4
9.8,0.475,0.0,2.6,0.0456944105001772,3.0,7.0,0.99636,3.16,0.84,12.3,4
6.1,0.647,0.08,2.8,0.0533545036996577,3.0,7.0,0.99627,3.06,0.55,11.1,4
8.5,0.437,0.18,1.4,0.1054863812772473,19.0,26.0,0.99837,3.31,1.99,9.7,4
12.5,1.055,0.24,1.8,0.1359153569792552,3.0,7.0,0.99655,3.38,0.59,10.4,4
7.6,0.43,0.29,2.1,0.075,19.0,66.0,0.99718,3.4,0.64,9.5,5
9.0,0.58,0.25,2.8,0.075,9.0,104.0,0.99779,3.23,0.57,9.7,5
7.7,0.39,0.12,1.7,0.0969999999999999,19.0,27.0,0.99596,3.16,0.49,9.4,5
6.5,0.485,0.47,1.8,0.075959534686455,33.0,30.0,0.9934,3.53,1.57,10.2,4
9.0,0.482,0.27,1.6,0.1327616099623495,15.0,50.0,1.001,3.45,2.0,10.0,4
7.2,0.41,0.3,2.1,0.083,35.0,72.0,0.997,3.44,0.52,9.4,5
8.6,0.63,0.17,2.9,0.099,21.0,119.0,0.998,3.09,0.52,9.3,5
7.1,0.59,0.01,2.5,0.077,20.0,85.0,0.99746,3.55,0.59,9.8,5
7.2,0.415,0.36,2.0,0.081,13.0,45.0,0.9972,3.48,0.64,9.2,5
8.2,0.522,0.0,5.2,0.0616838256854332,6.0,23.0,0.99458,3.21,1.9,11.4,4
9.3,0.43,0.44,1.9,0.085,9.0,22.0,0.99708,3.28,0.55,9.5,5
7.4,0.721,0.21,1.6,0.1288317452173074,3.0,11.0,0.9957,3.37,0.81,11.0,4
8.0,0.6,0.22,2.1,0.08,25.0,105.0,0.99613,3.3,0.49,9.9,5
5.4,0.419,0.31,6.3,0.0883748349751612,3.0,38.0,0.9934,3.02,0.73,11.9,4
7.9,0.626,0.0,5.0,0.1318132739670783,3.0,39.0,0.99693,2.74,0.62,10.6,4
6.5,0.634,0.18,2.0,0.0635198949380229,11.0,30.0,0.99468,3.32,0.9,10.0,4
9.5,0.759,0.44,5.7,0.0987188831040959,9.0,7.0,0.9934,3.38,0.81,10.0,4
10.0,0.66,0.48,6.3,0.0880681491150843,3.0,10.0,0.99972,3.14,0.68,12.5,4
8.8,0.47,0.49,2.9,0.085,17.0,110.0,0.9982,3.29,0.6,9.8,5
7.2,0.54,0.27,2.6,0.084,12.0,78.0,0.9964,3.39,0.71,11.0,5
7.9,0.657,0.15,6.3,0.0501815767893045,3.0,29.0,0.9934,3.02,1.51,10.0,4
12.5,0.56,0.49,2.4,0.064,5.0,27.0,0.9999,3.08,0.87,10.9,5
10.3,0.722,0.0,6.3,0.0635697594802413,21.0,60.0,0.99543,3.08,2.0,10.5,4
6.8,0.68,0.21,2.1,0.07,9.0,23.0,0.99546,3.38,0.6,10.3,5
7.4,0.61,0.01,2.0,0.074,13.0,38.0,0.99748,3.48,0.65,9.8,5
9.9,0.54,0.45,2.3,0.071,16.0,40.0,0.9991,3.39,0.62,9.4,5
8.3,0.65,0.1,2.9,0.089,17.0,40.0,0.99803,3.29,0.55,9.5,5
8.6,0.566,0.0,2.7,0.1055890223338981,3.0,51.0,0.99351,2.97,2.0,12.0,4
7.8,0.7,0.06,1.9,0.079,20.0,35.0,0.99628,3.4,0.69,10.9,5
7.6,0.41,0.33,2.5,0.078,6.0,23.0,0.9957,3.3,0.58,11.2,5
11.7,0.35,0.24,2.1,0.087096727271282,3.0,49.0,0.99633,3.08,1.18,10.7,4
9.9,0.483,0.29,3.3,0.1043281876667299,32.0,7.0,0.9934,3.19,0.51,9.6,4
6.1,1.09,0.0,2.2,0.0575711921414876,16.0,28.0,0.99637,3.38,2.0,9.3,4
8.7,0.765,0.22,2.3,0.064,9.0,42.0,0.9963,3.1,0.55,9.4,5
7.7,1.005,0.15,2.1,0.102,11.0,32.0,0.99604,3.23,0.48,10.0,5
10.1,0.521,0.26,2.7,0.045,13.0,40.0,0.99492,3.14,0.7,10.2,4
4.6,0.35,0.33,3.5,0.0589288439208785,4.0,7.0,0.99973,3.29,0.68,10.8,4
7.8,0.623,0.32,2.4,0.0540895882245737,13.0,36.0,0.9934,3.57,0.35,9.8,4
10.0,0.58,0.22,1.9,0.08,9.0,32.0,0.9974,3.13,0.55,9.5,5
8.4,0.514,0.0,6.3,0.0710117465970325,41.0,25.0,0.9935,3.67,0.7,12.5,4
8.5,1.09,0.0,2.4,0.1102572557232566,7.0,11.0,0.99907,3.31,0.59,10.6,4
6.2,0.946,0.5,2.2,0.045,3.0,8.0,0.99507,2.74,0.59,11.2,4
8.2,0.35,0.28,6.3,0.045,3.0,7.0,1.0,3.17,0.77,9.7,4
7.1,0.43,0.17,1.8,0.0819999999999999,27.0,51.0,0.99634,3.49,0.64,10.4,5
7.0,0.805,0.0,2.5,0.068,7.0,20.0,0.9969,3.48,0.56,9.6,5
9.5,0.435,0.13,5.8,0.0737510417215358,3.0,15.0,0.9934,3.05,1.77,10.5,4
7.0,0.56,0.13,1.6,0.077,25.0,42.0,0.99629,3.34,0.59,9.2,5
7.9,0.527,0.2,2.7,0.0610032066506414,16.0,45.0,0.99857,3.37,0.54,13.0,4
7.2,0.655,0.03,1.8,0.078,7.0,12.0,0.99587,3.34,0.39,9.5,5
10.1,0.654,0.45,1.3,0.1272664718865334,20.0,55.0,0.9934,3.33,0.64,12.5,4
8.5,0.655,0.49,6.1,0.122,34.0,151.0,1.001,3.31,1.14,9.3,5
12.5,0.802,0.11,1.9,0.1187121598903083,15.0,7.0,0.99509,3.1,1.13,10.0,4
7.8,0.53,0.01,1.6,0.077,3.0,19.0,0.995,3.16,0.46,9.8,5
7.5,0.6,0.03,1.8,0.095,25.0,99.0,0.995,3.35,0.54,10.1,5
8.8,0.52,0.34,2.7,0.087,24.0,122.0,0.9982,3.26,0.61,9.5,5
9.3,0.655,0.26,2.0,0.096,5.0,35.0,0.99738,3.25,0.42,9.6,5
11.4,0.468,0.0,3.1,0.1423463402640128,7.0,78.0,0.99569,3.18,0.45,12.2,4
8.1,0.87,0.0,3.3,0.096,26.0,61.0,1.00025,3.6,0.72,9.8,4
11.2,0.74,0.0,4.1,0.085541757566932,3.0,13.0,0.99617,3.55,0.66,9.6,4
8.8,0.854,0.06,2.6,0.056709057521394,3.0,7.0,0.9934,3.06,0.43,11.0,4
8.3,0.56,0.22,2.4,0.0819999999999999,10.0,86.0,0.9983,3.37,0.62,9.5,5
9.7,0.55,0.17,2.9,0.087,20.0,53.0,1.0004,3.14,0.61,9.4,5
6.1,0.705,0.1,2.8,0.081,13.0,28.0,0.99631,3.6,0.66,10.2,5
10.8,0.89,0.3,2.6,0.132,7.0,60.0,0.99786,2.99,1.18,10.2,5
7.8,0.56,0.19,1.8,0.104,12.0,47.0,0.9964,3.19,0.93,9.5,5
10.5,0.426,0.29,1.3,0.1182603795676363,3.0,21.0,0.99857,3.39,0.62,11.7,4
15.9,0.36,0.65,7.5,0.096,22.0,71.0,0.9976,2.98,0.84,14.9,5
4.6,0.621,0.14,1.3,0.0811444284435219,7.0,24.0,0.99412,3.15,0.93,11.8,4
8.4,1.035,0.0,2.4,0.0887839551434521,3.0,72.0,0.99905,2.92,0.42,10.9,4
7.5,0.555,0.33,5.4,0.115288227654662,3.0,7.0,0.9934,3.21,2.0,9.8,4
12.5,0.865,0.0,2.6,0.0477123293163128,3.0,51.0,0.9934,2.88,0.62,10.9,4
9.5,0.536,0.53,2.7,0.1173276165007761,3.0,7.0,0.99443,3.15,0.6,11.7,4
10.5,0.602,0.19,1.7,0.045,3.0,7.0,1.0001,3.16,1.19,10.4,4
11.5,0.37,0.0,1.8,0.045,3.0,7.0,0.99765,3.61,0.46,12.8,4
10.5,0.35,0.25,6.3,0.065401469521559,15.0,7.0,0.99472,3.19,0.64,10.3,4
6.7,0.75,0.12,2.0,0.086,12.0,80.0,0.9958,3.38,0.52,10.1,5
7.7,0.69,0.22,1.9,0.084,18.0,94.0,0.9961,3.31,0.48,9.5,5
12.5,0.35,0.06,2.1,0.1108159249877702,4.0,51.0,0.9934,3.71,0.82,11.7,4
7.7,0.835,0.0,2.6,0.081,6.0,14.0,0.9975,3.3,0.52,9.3,5
5.3,0.715,0.19,1.5,0.161,7.0,62.0,0.99395,3.62,0.61,11.0,5
7.7,0.352,0.24,3.2,0.0892295020007537,5.0,47.0,0.9934,3.34,0.84,13.1,4
7.2,0.635,0.07,2.6,0.077,16.0,86.0,0.99748,3.51,0.54,9.7,5
8.2,0.684,0.4,2.3,0.1177448316655553,18.0,7.0,0.9934,3.4,0.38,10.9,4
8.1,0.33,0.44,1.5,0.042,6.0,12.0,0.99542,3.35,0.61,10.7,5
7.9,0.37,0.23,1.8,0.077,23.0,49.0,0.9963,3.28,0.67,9.3,5
6.7,0.454,0.15,6.3,0.128103739440794,14.0,62.0,0.99543,3.53,0.82,9.9,4
7.3,0.38,0.21,2.0,0.08,7.0,35.0,0.9961,3.33,0.47,9.5,5
8.4,1.035,0.15,6.0,0.073,11.0,54.0,0.999,3.37,0.49,9.9,5
7.0,0.6,0.3,4.5,0.068,20.0,110.0,0.99914,3.3,1.17,10.2,5
7.2,0.73,0.02,2.5,0.076,16.0,42.0,0.9972,3.44,0.52,9.3,5
9.4,0.59,0.14,2.0,0.084,25.0,48.0,0.9981,3.14,0.56,9.7,5
8.4,0.59,0.29,2.6,0.109,31.0,119.0,0.99801,3.15,0.5,9.1,5
5.6,0.605,0.05,2.4,0.073,19.0,25.0,0.99258,3.56,0.55,12.9,5
7.7,0.696,0.0,1.3,0.0670151752640332,3.0,7.0,1.00017,3.08,0.5,10.6,4
11.4,0.415,0.03,1.3,0.0838404954518326,3.0,30.0,0.9934,3.07,1.59,10.1,4
7.8,0.815,0.01,2.6,0.074,48.0,90.0,0.99621,3.38,0.62,10.8,5
7.8,0.76,0.04,2.3,0.092,15.0,54.0,0.997,3.26,0.65,9.8,5
11.1,0.35,0.48,3.1,0.09,5.0,21.0,0.9986,3.17,0.53,10.5,5
9.9,0.72,0.55,1.7,0.136,24.0,52.0,0.99752,3.35,0.94,10.0,5
5.9,0.674,0.0,1.3,0.045,29.0,54.0,0.99693,3.49,0.76,11.4,4
7.7,0.56,0.2,2.0,0.075,9.0,39.0,0.9987,3.48,0.62,9.3,5
9.5,0.885,0.27,2.3,0.084,31.0,145.0,0.9978,3.24,0.53,9.4,5
7.9,0.6,0.06,1.6,0.069,15.0,59.0,0.9964,3.3,0.46,9.4,5
7.8,0.5,0.17,1.6,0.0819999999999999,21.0,102.0,0.996,3.39,0.48,9.5,5
7.2,0.62,0.06,2.5,0.078,17.0,84.0,0.99746,3.51,0.53,9.7,5
12.5,0.698,0.08,3.0,0.0805640097404452,8.0,59.0,0.99714,3.29,0.58,12.9,4
7.9,0.66,0.0,1.4,0.096,6.0,13.0,0.99569,3.43,0.58,9.5,5
7.8,0.64,0.0,1.9,0.072,27.0,55.0,0.9962,3.31,0.63,11.0,5
7.4,0.53,0.26,2.0,0.1009999999999999,16.0,72.0,0.9957,3.15,0.57,9.4,5
8.8,0.524,0.0,2.7,0.045,11.0,7.0,0.99472,3.34,0.84,10.6,4
10.4,0.28,0.54,2.7,0.105,5.0,19.0,0.9988,3.25,0.63,9.5,5
8.8,0.955,0.05,1.8,0.075,5.0,19.0,0.99616,3.3,0.44,9.6,4
7.1,0.835,0.19,3.3,0.0848692144441573,3.0,7.0,0.99923,2.91,0.76,12.5,4
8.9,0.35,0.0,2.8,0.1101488718311796,3.0,7.0,0.9934,3.5,1.78,12.3,4
6.7,1.04,0.08,2.3,0.067,19.0,32.0,0.99648,3.52,0.57,11.0,4
6.0,0.64,0.05,1.9,0.066,9.0,17.0,0.99496,3.52,0.78,10.6,5
12.5,0.723,0.0,5.4,0.115211422200752,3.0,26.0,0.99511,2.74,0.54,10.1,4
8.8,0.4,0.4,2.2,0.079,19.0,52.0,0.998,3.44,0.64,9.2,5
8.9,0.31,0.57,2.0,0.111,26.0,85.0,0.9971,3.26,0.53,9.7,5
7.9,0.43,0.21,1.6,0.106,10.0,37.0,0.9966,3.17,0.91,9.5,5
7.4,0.728,0.07,1.8,0.1051949836688877,3.0,17.0,0.99386,3.04,0.68,9.9,4
5.6,0.915,0.0,2.1,0.0409999999999999,17.0,78.0,0.99346,3.68,0.73,11.4,5
9.1,0.765,0.04,1.6,0.078,4.0,14.0,0.998,3.29,0.54,9.7,4
9.8,0.39,0.43,1.65,0.068,5.0,11.0,0.99478,3.19,0.46,11.4,5
7.7,0.54,0.26,1.9,0.089,23.0,147.0,0.99636,3.26,0.59,9.7,5
11.8,0.475,0.34,3.5,0.1132279890238798,13.0,64.0,0.99956,3.17,0.53,10.9,4
9.6,0.397,0.14,2.2,0.0772406070436404,4.0,101.0,0.9984,3.13,0.74,10.3,4
8.3,0.705,0.12,2.6,0.092,12.0,28.0,0.9994,3.51,0.72,10.0,5
8.8,0.546,0.42,2.7,0.0591871172489126,23.0,38.0,0.9934,3.18,2.0,12.8,4
7.6,0.43,0.29,2.1,0.075,19.0,66.0,0.99718,3.4,0.64,9.5,5
7.4,0.47,0.46,2.2,0.114,7.0,20.0,0.99647,3.32,0.63,10.5,5
7.2,0.725,0.05,4.65,0.086,4.0,11.0,0.9962,3.41,0.39,10.9,5
8.2,1.33,0.0,1.7,0.081,3.0,12.0,0.9964,3.53,0.49,10.9,5
6.1,0.74,0.03,3.5,0.108214030898453,6.0,7.0,0.9965,3.09,0.79,10.9,4
8.8,0.607,0.0,2.7,0.0809989274419331,4.0,7.0,0.9934,3.02,0.71,10.6,4
6.3,0.759,0.11,2.6,0.045,3.0,31.0,0.99796,3.14,0.4,12.0,4
12.5,0.46,0.49,4.5,0.07,26.0,49.0,0.9981,3.05,0.57,9.6,4
11.3,0.37,0.41,2.3,0.088,6.0,16.0,0.9988,3.09,0.8,9.3,5
7.9,0.18,0.4,2.2,0.049,38.0,67.0,0.996,3.33,0.93,11.3,5
8.9,0.61,0.49,2.0,0.27,23.0,110.0,0.9972,3.12,1.02,9.3,5
7.3,0.32,0.23,2.3,0.066,35.0,70.0,0.99588,3.43,0.62,10.1,5
6.8,0.59,0.1,1.7,0.063,34.0,53.0,0.9958,3.41,0.67,9.7,5
7.5,0.512,0.0,2.3,0.1139166139942947,3.0,7.0,1.00038,3.15,0.78,13.1,4
8.9,0.565,0.34,3.0,0.093,16.0,112.0,0.9998,3.38,0.61,9.5,5
7.1,0.484,0.07,6.3,0.045,25.0,25.0,0.99741,2.77,2.0,10.9,4
9.9,0.54,0.45,2.3,0.071,16.0,40.0,0.9991,3.39,0.62,9.4,5
8.2,0.353,0.22,2.5,0.045,3.0,7.0,1.00007,3.17,0.76,10.7,4
8.1,0.82,0.0,4.1,0.095,5.0,14.0,0.99854,3.36,0.53,9.6,5
10.8,0.488,0.16,1.3,0.0560051951911847,3.0,7.0,0.99849,2.75,0.63,10.1,4
8.1,0.78,0.23,2.6,0.059,5.0,15.0,0.997,3.37,0.56,11.3,5
6.5,1.09,0.08,2.8,0.1262667096031594,3.0,24.0,0.9934,3.01,0.61,9.1,4
6.6,0.61,0.01,1.9,0.08,8.0,25.0,0.99746,3.69,0.73,10.5,5
10.6,0.459,0.2,3.4,0.61,23.0,9.0,0.99783,3.59,1.71,9.5,4
6.2,0.64,0.09,2.5,0.081,15.0,26.0,0.99538,3.57,0.63,12.0,5
7.0,0.57,0.02,2.0,0.072,17.0,26.0,0.99575,3.36,0.61,10.2,5
8.5,0.46,0.59,1.4,0.414,16.0,45.0,0.99702,3.03,1.34,9.2,5
10.0,0.38,0.38,1.6,0.1689999999999999,27.0,90.0,0.99914,3.15,0.65,8.5,5
6.4,0.64,0.21,1.8,0.081,14.0,31.0,0.99689,3.59,0.66,9.8,5
6.2,0.58,0.0,1.6,0.065,8.0,18.0,0.9966,3.56,0.84,9.4,5
5.6,0.615,0.0,1.6,0.089,16.0,59.0,0.9943,3.58,0.52,9.9,5
9.2,0.63,0.21,2.7,0.0969999999999999,29.0,65.0,0.9988,3.28,0.58,9.6,5
9.0,0.35,0.26,2.3,0.0942534937868571,6.0,62.0,0.99376,3.2,0.54,10.8,4
7.3,0.74,0.08,1.7,0.094,10.0,45.0,0.99576,3.24,0.5,9.8,5
6.5,0.88,0.03,5.6,0.079,23.0,47.0,0.99572,3.58,0.5,11.2,4
6.6,0.745,0.0,1.9,0.1013599830585265,4.0,7.0,1.001,3.16,0.8,10.4,4
9.7,0.518,0.02,6.1,0.0977067556738268,3.0,7.0,0.99703,3.29,0.75,10.0,4
6.9,0.868,0.53,2.5,0.045,12.0,7.0,0.9934,3.31,0.76,12.2,4
8.8,0.353,0.26,1.9,0.1029521734454033,17.0,7.0,0.9934,3.01,0.55,10.9,4
9.1,0.501,0.33,2.0,0.0776376961426786,3.0,22.0,0.99431,3.05,0.67,10.2,4
8.4,0.66,0.28,3.5,0.0691134190286227,5.0,23.0,0.99375,3.48,2.0,11.3,4
6.6,0.63,0.0,4.3,0.093,51.0,77.5,0.99558,3.2,0.45,9.5,5
7.5,0.588,0.22,2.0,0.1136765790591343,14.0,12.0,0.99411,3.47,2.0,10.2,4
7.8,0.37,0.18,2.0,0.1243361690379188,5.0,12.0,0.99925,3.18,2.0,10.3,4
8.0,0.358,0.41,2.9,0.1341571746339374,3.0,7.0,0.9934,3.24,1.04,10.6,4
10.0,0.32,0.59,2.2,0.077,3.0,15.0,0.9994,3.2,0.78,9.6,5
8.8,0.58,0.0,2.7,0.3297507373249748,3.0,29.0,0.9934,3.12,2.0,10.9,4
7.7,0.66,0.04,1.6,0.039,4.0,9.0,0.9962,3.4,0.47,9.4,5
9.3,0.773,0.18,2.7,0.1145199631863799,9.0,7.0,0.99684,3.32,0.72,9.8,4
7.9,0.623,0.0,2.6,0.0782366527256675,15.0,7.0,0.99354,3.16,0.84,9.0,4
10.7,0.43,0.39,2.2,0.106,8.0,32.0,0.9986,2.89,0.5,9.6,5
8.8,0.61,0.14,2.4,0.067,10.0,42.0,0.9969,3.19,0.59,9.5,5
12.3,0.39,0.63,2.3,0.091,6.0,18.0,1.0004,3.16,0.49,9.5,5
5.6,0.56,0.35,2.3,0.0507535479301692,3.0,30.0,0.99411,2.76,0.74,9.3,4
7.3,0.735,0.0,2.2,0.08,18.0,28.0,0.99765,3.41,0.6,9.4,5
10.6,0.533,0.0,2.2,0.0966407496009196,28.0,45.0,1.00048,3.22,0.8,9.4,4
7.0,0.655,0.16,2.1,0.074,8.0,25.0,0.99606,3.37,0.55,9.7,5
8.6,0.47,0.27,2.3,0.055,14.0,28.0,0.99516,3.18,0.8,11.2,5
10.4,0.575,0.61,2.6,0.076,11.0,24.0,1.0,3.16,0.69,9.0,5
8.4,0.35,0.46,2.7,0.0884292368503817,3.0,37.0,0.99808,3.34,2.0,10.9,4
6.8,0.35,0.0,2.7,0.0918562377099424,5.0,46.0,0.9934,3.14,0.76,12.2,4
8.7,0.78,0.51,1.7,0.415,12.0,66.0,0.99623,3.0,1.17,9.2,5
7.4,0.7,0.0,1.9,0.076,11.0,34.0,0.9978,3.51,0.56,9.4,5
9.1,0.775,0.23,4.6,0.045,3.0,70.0,0.9934,3.54,1.64,10.7,4
7.9,0.721,0.07,2.2,0.1077101626926803,3.0,83.0,0.99717,3.49,2.0,10.5,4
6.6,0.57,0.02,2.1,0.115,6.0,16.0,0.99654,3.38,0.69,9.5,5
11.0,0.62,0.2,4.0,0.086694805129338,14.0,36.0,0.99389,3.33,0.78,10.4,4
10.0,0.69,0.11,1.4,0.084,8.0,24.0,0.99578,2.88,0.47,9.7,5
8.1,0.78,0.1,3.3,0.09,4.0,13.0,0.99855,3.36,0.49,9.5,5
11.2,0.5,0.74,5.15,0.1,5.0,17.0,0.9996,3.22,0.62,11.2,5
8.4,0.56,0.08,2.1,0.105,16.0,44.0,0.9958,3.13,0.52,11.0,5
8.3,0.585,0.56,3.2,0.1045089525961687,3.0,86.0,0.99411,3.18,0.57,12.7,4
6.1,0.6,0.08,1.8,0.071,14.0,45.0,0.99336,3.38,0.54,11.0,5
5.1,0.9,0.0,2.9,0.0507145106445504,16.0,18.0,0.9934,3.06,2.0,10.0,4
7.3,0.58,0.3,2.4,0.074,15.0,55.0,0.9968,3.46,0.59,10.2,5
6.7,0.362,0.37,1.3,0.0914512429681525,8.0,17.0,0.99735,3.11,0.72,9.8,4
12.7,0.6,0.49,2.8,0.075,5.0,19.0,0.9994,3.14,0.57,11.4,5
6.5,0.46,0.14,2.4,0.114,9.0,37.0,0.99732,3.66,0.65,9.8,5
10.4,0.395,0.45,3.5,0.1006429985640688,3.0,13.0,1.00051,3.38,0.57,9.4,4
7.1,0.43,0.42,5.5,0.071,28.0,128.0,0.9973,3.42,0.71,10.5,5
7.1,0.685,0.35,2.0,0.088,9.0,92.0,0.9963,3.28,0.62,9.4,5
11.9,0.58,0.66,2.5,0.072,6.0,37.0,0.9992,3.05,0.56,10.0,5
6.9,0.56,0.03,1.5,0.086,36.0,46.0,0.99522,3.53,0.57,10.6,5
9.1,0.34,0.42,1.8,0.0579999999999999,9.0,18.0,0.99392,3.18,0.55,11.4,5
8.2,0.43,0.29,1.6,0.081,27.0,45.0,0.99603,3.25,0.54,10.3,5
6.8,0.77,0.0,1.8,0.066,34.0,52.0,0.9976,3.62,0.68,9.9,5
12.5,0.519,0.2,1.6,0.1132098301496357,3.0,49.0,0.9934,3.48,0.78,10.5,4
9.5,0.37,0.52,2.0,0.0819999999999999,6.0,26.0,0.998,3.18,0.51,9.5,5
7.2,0.34,0.32,2.5,0.09,43.0,113.0,0.9966,3.32,0.79,11.1,5
7.2,0.725,0.05,4.65,0.086,4.0,11.0,0.9962,3.41,0.39,10.9,5
9.1,0.401,0.0,1.7,0.0613351396756005,3.0,24.0,0.99538,3.27,0.69,12.6,4
8.8,0.24,0.54,2.5,0.083,25.0,57.0,0.9983,3.39,0.54,9.2,5
6.0,0.718,0.0,2.2,0.1234632421494227,18.0,7.0,0.99544,3.03,0.68,10.2,4
12.5,0.507,0.0,2.4,0.0510556773727729,17.0,7.0,0.99753,3.21,1.48,10.7,4
11.9,0.38,0.49,2.7,0.098,12.0,42.0,1.0004,3.16,0.61,10.3,5
5.6,0.54,0.04,1.7,0.049,5.0,13.0,0.9942,3.72,0.58,11.4,5
7.1,0.735,0.16,1.9,0.1,15.0,77.0,0.9966,3.27,0.64,9.3,5
9.2,0.59,0.24,3.3,0.1009999999999999,20.0,47.0,0.9988,3.26,0.67,9.6,5
6.7,0.58,0.08,1.8,0.0969999999999999,15.0,65.0,0.9959,3.28,0.54,9.2,5
10.8,0.35,0.02,2.8,0.1030941412354845,26.0,7.0,1.00064,3.43,0.97,9.4,4
6.1,0.715,0.1,2.6,0.053,13.0,27.0,0.99362,3.57,0.5,11.9,5
7.3,0.59,0.26,7.2,0.07,35.0,121.0,0.9981,3.37,0.49,9.4,5
10.1,0.394,0.34,2.8,0.0717820475374173,3.0,7.0,0.99815,3.62,0.6,10.9,4
7.6,0.74,0.0,1.9,0.1,6.0,12.0,0.99521,3.36,0.59,11.0,5
10.6,1.025,0.43,2.8,0.08,21.0,84.0,0.9985,3.06,0.57,10.1,5
7.7,0.96,0.2,2.0,0.047,15.0,60.0,0.9955,3.36,0.44,10.9,5
8.0,0.924,0.23,3.3,0.0602585051426677,12.0,7.0,0.9934,3.1,0.74,9.9,4
9.4,0.615,0.28,3.2,0.087,18.0,72.0,1.0001,3.31,0.53,9.7,5
8.2,0.73,0.21,1.7,0.074,5.0,13.0,0.9968,3.2,0.52,9.5,5
12.2,0.35,0.09,3.8,0.0526648895174912,3.0,66.0,0.99493,3.1,1.25,10.8,4
11.3,0.517,0.2,3.2,0.045,8.0,24.0,0.99542,3.33,0.76,9.8,4
12.5,0.46,0.63,2.0,0.071,6.0,15.0,0.9988,2.99,0.87,10.2,5
8.0,0.421,0.24,1.9,0.1571083694984346,12.0,65.0,0.99594,3.43,0.64,11.7,4
7.0,0.42,0.19,2.3,0.071,18.0,36.0,0.99476,3.39,0.56,10.9,5
12.3,0.5,0.49,2.2,0.089,5.0,14.0,1.0002,3.19,0.44,9.6,5
7.7,0.49,0.26,1.9,0.062,9.0,31.0,0.9966,3.39,0.64,9.6,5
11.1,0.404,0.08,2.7,0.0811220280455776,4.0,18.0,0.99609,3.03,1.91,10.0,4
8.0,0.52,0.03,1.7,0.07,10.0,35.0,0.99575,3.34,0.57,10.0,5
10.1,0.935,0.22,3.4,0.105,11.0,86.0,1.001,3.43,0.64,11.3,4
8.1,1.33,0.0,1.8,0.0819999999999999,3.0,12.0,0.9964,3.54,0.48,10.9,5
9.1,0.622,0.29,5.4,0.0815610649114745,7.0,7.0,0.99379,3.15,0.54,9.5,4
6.7,1.016,0.0,2.8,0.1004962167161545,3.0,21.0,0.99576,3.04,0.72,9.2,4
8.7,0.589,0.24,3.0,0.0543280327871431,12.0,11.0,0.9934,3.03,0.85,11.7,4
7.8,0.59,0.18,2.3,0.076,17.0,54.0,0.9975,3.43,0.59,10.0,5
12.1,0.447,0.0,1.4,0.0539022693696873,4.0,66.0,0.99397,3.51,0.6,10.0,4
10.5,0.661,0.0,2.3,0.059078226027979,3.0,7.0,0.9934,2.95,0.57,9.0,4
9.3,0.608,0.0,2.9,0.1163386433050595,5.0,36.0,0.99773,3.13,0.62,10.2,4
7.3,0.405,0.19,4.8,0.045,3.0,31.0,0.9934,3.03,0.78,10.3,4
9.1,0.474,0.14,1.3,0.1057377317133927,3.0,7.0,0.9934,3.25,0.64,13.1,4
8.6,0.37,0.65,6.4,0.08,3.0,8.0,0.99817,3.27,0.58,11.0,5
7.8,0.56,0.19,1.8,0.104,12.0,47.0,0.9964,3.19,0.93,9.5,5
8.8,0.61,0.3,2.8,0.088,17.0,46.0,0.9976,3.26,0.51,9.3,4
8.4,0.589,0.0,6.3,0.1256617732192284,17.0,57.0,0.9944,3.33,1.28,12.6,4
12.5,0.825,0.15,5.9,0.0477752380945226,22.0,43.0,0.99767,3.19,0.66,9.3,4
8.8,0.42,0.21,2.5,0.092,33.0,88.0,0.99823,3.19,0.52,9.2,5
9.5,0.482,0.0,2.4,0.084761733883712,35.0,28.0,0.9934,3.34,0.63,9.5,4
10.5,0.35,0.1,2.7,0.0729187746962945,3.0,11.0,0.99836,3.55,0.45,10.7,4
8.3,0.625,0.2,1.5,0.08,27.0,119.0,0.9972,3.16,1.12,9.1,4
8.0,0.81,0.25,3.4,0.076,34.0,85.0,0.99668,3.19,0.42,9.2,5
7.3,0.45,0.36,5.9,0.074,12.0,87.0,0.9978,3.33,0.83,10.5,5
12.5,0.762,0.11,3.1,0.045,10.0,25.0,0.99417,3.11,0.7,9.6,4
10.0,0.9,0.0,1.3,0.0916320460665335,4.0,7.0,0.9934,3.16,0.7,10.3,4
10.6,0.752,0.42,3.2,0.045,3.0,7.0,0.9986,3.34,0.66,9.5,4
7.4,0.74,0.07,1.7,0.086,15.0,48.0,0.99502,3.12,0.48,10.0,5
6.8,0.61,0.2,1.8,0.077,11.0,65.0,0.9971,3.54,0.58,9.3,5
8.4,0.745,0.11,1.9,0.09,16.0,63.0,0.9965,3.19,0.82,9.6,5
6.6,0.59,0.0,3.3,0.073746480930538,4.0,7.0,0.99522,3.09,0.62,9.3,4
8.3,0.43,0.3,3.4,0.079,7.0,34.0,0.99788,3.36,0.61,10.5,5
9.1,0.66,0.15,3.2,0.0969999999999999,9.0,59.0,0.99976,3.28,0.54,9.6,5
9.0,0.58,0.25,2.0,0.104,8.0,21.0,0.99769,3.27,0.72,9.6,5
6.7,0.64,0.23,2.1,0.08,11.0,119.0,0.99538,3.36,0.7,10.9,5
9.9,0.57,0.25,2.0,0.104,12.0,89.0,0.9963,3.04,0.9,10.1,5
8.8,0.64,0.17,2.9,0.084,25.0,130.0,0.99818,3.23,0.54,9.6,5
6.3,0.39,0.16,1.4,0.08,11.0,23.0,0.9955,3.34,0.56,9.3,5
10.2,0.24,0.49,2.4,0.075,10.0,28.0,0.9978,3.14,0.61,10.4,5
7.5,0.58,0.14,2.2,0.077,27.0,60.0,0.9963,3.28,0.59,9.8,5
8.6,0.474,0.06,2.7,0.1273489295246318,3.0,7.0,0.99665,3.12,0.56,11.4,4
6.2,0.747,0.18,2.3,0.0873162861593333,24.0,22.0,0.99612,3.6,0.63,12.7,4
10.8,0.26,0.45,3.3,0.06,20.0,49.0,0.9972,3.13,0.54,9.6,5
10.7,0.374,0.0,2.1,0.1166673542351492,23.0,41.0,0.99758,3.12,0.39,11.1,4
9.9,0.892,0.03,4.9,0.1313561849806974,3.0,51.0,0.99364,3.15,0.6,10.7,4
9.1,0.944,0.46,3.6,0.0818236847277998,7.0,44.0,0.99397,3.34,0.4,12.0,4
7.3,0.69,0.32,2.2,0.069,35.0,104.0,0.99632,3.33,0.51,9.5,5
9.1,0.892,0.0,4.5,0.0962044117961063,12.0,63.0,0.99469,3.4,0.76,9.8,4
10.9,0.8,0.46,5.5,0.1055305936352772,7.0,81.0,0.9934,3.04,1.87,9.0,4
5.0,1.04,0.24,1.6,0.05,32.0,96.0,0.9934,3.74,0.62,11.5,5
5.7,0.374,0.24,3.9,0.0964224343842346,32.0,32.0,0.9934,3.17,1.54,9.9,4
9.0,0.35,0.13,2.5,0.1126858151038801,7.0,7.0,0.99435,3.59,0.63,9.0,4
7.8,0.45,0.39,3.1,0.1301643597609981,13.0,7.0,0.99602,3.47,0.8,10.0,4
7.2,0.925,0.33,3.2,0.045,3.0,7.0,0.9946,3.55,0.6,10.0,4
5.9,0.645,0.12,2.0,0.075,32.0,44.0,0.99547,3.57,0.71,10.2,5
10.2,0.67,0.39,1.9,0.054,6.0,17.0,0.9976,3.17,0.47,10.0,5
6.4,0.57,0.02,1.8,0.067,4.0,11.0,0.997,3.46,0.68,9.5,5
9.9,0.391,0.0,3.0,0.045,21.0,7.0,0.997,2.85,0.58,10.7,4
7.9,0.658,0.31,3.8,0.0762313303562407,12.0,23.0,0.9984,3.13,0.37,10.3,4
10.5,0.37,0.0,6.3,0.0557793082105938,5.0,7.0,0.99918,3.33,1.62,10.6,4
5.9,0.46,0.0,1.9,0.077,25.0,44.0,0.99385,3.5,0.53,11.2,5
7.4,0.64,0.07,1.8,0.1,8.0,23.0,0.9961,3.3,0.58,9.6,5
7.8,0.63,0.48,1.7,0.1,14.0,96.0,0.9961,3.19,0.62,9.5,5
11.6,0.42,0.53,3.3,0.105,33.0,98.0,1.001,3.2,0.95,9.2,5
9.1,0.667,0.12,2.3,0.045,31.0,7.0,0.99411,3.5,0.72,11.5,4
10.2,0.728,0.34,3.3,0.1238328797277693,3.0,7.0,0.99682,3.2,0.62,9.8,4
7.8,0.87,0.26,3.8,0.107,31.0,67.0,0.99668,3.26,0.46,9.2,5
9.4,0.34,0.37,2.2,0.075,5.0,13.0,0.998,3.22,0.62,9.2,5
10.8,0.5,0.46,2.5,0.073,5.0,27.0,1.0001,3.05,0.64,9.5,5
8.7,0.675,0.1,1.6,0.09,4.0,11.0,0.99745,3.31,0.65,9.55,5
6.8,0.67,0.0,1.9,0.08,22.0,39.0,0.99701,3.4,0.74,9.7,5
8.0,0.6,0.22,2.1,0.08,25.0,105.0,0.99613,3.3,0.49,9.9,5
8.2,0.57,0.26,2.2,0.06,28.0,65.0,0.9959,3.3,0.43,10.1,5
7.0,0.417,0.14,2.6,0.1042211221935308,7.0,32.0,0.99672,3.11,2.0,10.9,4
7.6,0.55,0.21,2.2,0.071,7.0,28.0,0.9964,3.28,0.55,9.7,5
8.0,0.62,0.35,2.8,0.086,28.0,52.0,0.997,3.31,0.62,10.8,5
8.0,0.782,0.05,2.0,0.045,13.0,7.0,0.99441,2.74,0.68,11.0,4
8.2,0.563,0.53,5.2,0.0943149903142061,3.0,29.0,0.9934,3.32,0.64,9.0,4
10.3,0.717,0.14,6.3,0.1287921831087335,3.0,62.0,0.9979,3.26,1.53,12.5,4
7.8,0.502,0.46,3.6,0.0677040976341227,11.0,7.0,0.9934,3.01,1.44,9.5,4
7.9,0.62,0.27,2.0,0.062809906492593,3.0,55.0,0.9934,3.05,0.71,10.1,4
8.7,0.859,0.0,1.9,0.0592307157231224,6.0,47.0,0.99457,3.11,0.73,9.6,4
8.7,0.625,0.16,2.0,0.1009999999999999,13.0,49.0,0.9962,3.14,0.57,11.0,5
8.5,0.49,0.11,2.3,0.084,9.0,67.0,0.9968,3.17,0.53,9.4,5
11.5,0.42,0.48,2.6,0.077,8.0,20.0,0.99852,3.09,0.53,11.0,5
6.2,0.785,0.0,2.1,0.06,6.0,13.0,0.99664,3.59,0.61,10.0,4
7.6,0.9,0.06,2.5,0.079,5.0,10.0,0.9967,3.39,0.56,9.8,5
6.8,0.775,0.0,3.0,0.102,8.0,23.0,0.9965,3.45,0.56,10.7,5
7.0,0.51,0.09,2.1,0.062,4.0,9.0,0.99584,3.35,0.54,10.5,5
9.2,0.43,0.49,2.4,0.086,23.0,116.0,0.9976,3.23,0.64,9.5,5
9.6,0.368,0.13,6.3,0.045,3.0,63.0,0.9934,3.24,2.0,11.5,4
5.9,0.45,0.26,2.7,0.1407105275473373,3.0,16.0,1.00096,2.99,0.7,10.9,4
7.4,0.798,0.0,3.0,0.0585362063741207,3.0,15.0,0.99429,3.45,0.48,10.9,4
12.5,0.496,0.03,2.2,0.0700393363366649,18.0,20.0,1.00012,3.39,0.74,10.1,4
7.1,0.68,0.07,1.9,0.075,16.0,51.0,0.99685,3.38,0.52,9.5,5
7.8,0.53,0.01,1.6,0.077,3.0,19.0,0.995,3.16,0.46,9.8,5
15.6,0.645,0.49,4.2,0.095,10.0,23.0,1.00315,2.92,0.74,11.1,5
9.9,0.5,0.5,13.8,0.205,48.0,82.0,1.00242,3.16,0.75,8.8,5
8.0,0.52,0.25,2.0,0.078,19.0,59.0,0.99612,3.3,0.48,10.2,5
8.7,0.35,0.15,1.5,0.054777154006843,24.0,7.0,0.99642,3.3,2.0,9.9,4
8.4,0.35,0.45,2.3,0.0800559011043535,17.0,30.0,0.99639,3.07,1.36,11.0,4
12.5,0.665,0.0,3.1,0.0834577985289549,13.0,41.0,0.99358,3.0,1.59,10.4,4
15.5,0.645,0.49,4.2,0.095,10.0,23.0,1.00315,2.92,0.74,11.1,5
6.0,0.5,0.0,1.4,0.057,15.0,26.0,0.99448,3.36,0.45,9.5,5
9.2,0.592,0.0,2.5,0.0810294514630723,3.0,7.0,0.99481,3.14,0.64,10.7,4
8.3,0.67,0.13,2.1,0.0906299785380889,25.0,16.0,0.9934,3.19,0.62,10.2,4
6.4,0.35,0.1,2.9,0.0945374214151567,24.0,9.0,0.99804,3.38,0.65,11.8,4
7.6,0.79,0.21,2.3,0.087,21.0,68.0,0.9955,3.12,0.44,9.2,5
9.2,0.53,0.24,2.6,0.078,28.0,139.0,0.99788,3.21,0.57,9.5,5
9.9,0.699,0.02,2.6,0.0672211674786969,15.0,7.0,0.9934,2.98,0.68,10.5,4
7.6,0.42,0.25,3.9,0.104,28.0,90.0,0.99784,3.15,0.57,9.1,5
8.8,0.496,0.12,1.3,0.0918128515504735,3.0,20.0,0.99751,3.18,0.79,12.4,4
6.7,0.675,0.07,2.4,0.089,17.0,82.0,0.9958,3.35,0.54,10.1,5
7.4,0.7,0.0,1.9,0.076,11.0,34.0,0.9978,3.51,0.56,9.4,5
8.3,0.479,0.31,3.1,0.114605770149155,3.0,7.0,0.99566,3.42,0.77,10.1,4
9.0,0.69,0.0,2.4,0.088,19.0,38.0,0.999,3.35,0.6,9.3,5
8.5,0.606,0.31,2.6,0.045,6.0,7.0,0.99612,3.09,0.43,11.4,4
5.9,0.427,0.2,2.4,0.0555573383176946,3.0,17.0,0.99731,3.06,0.83,9.7,4
8.0,0.73,0.0,3.5,0.1205694351710265,3.0,7.0,0.99432,2.74,0.62,9.7,4
7.3,0.55,0.03,1.6,0.072,17.0,42.0,0.9956,3.37,0.48,9.0,4
6.0,0.5,0.0,1.4,0.057,15.0,26.0,0.99448,3.36,0.45,9.5,5
8.3,0.78,0.1,2.6,0.081,45.0,87.0,0.9983,3.48,0.53,10.0,5
12.7,0.6,0.49,2.8,0.075,5.0,19.0,0.9994,3.14,0.57,11.4,5
7.1,0.46,0.14,2.8,0.076,15.0,37.0,0.99624,3.36,0.49,10.7,5
6.2,0.585,0.0,6.3,0.0793226383388158,3.0,7.0,0.99402,3.27,0.57,9.0,4
7.1,0.34,0.28,2.0,0.0819999999999999,31.0,68.0,0.99694,3.45,0.48,9.4,5
8.7,0.35,0.44,3.1,0.045,6.0,7.0,0.99382,3.05,0.67,9.0,4
7.6,0.39,0.31,2.3,0.0819999999999999,23.0,71.0,0.9982,3.52,0.65,9.7,5
6.4,0.57,0.02,1.8,0.067,4.0,11.0,0.997,3.46,0.68,9.5,5
8.6,0.38,0.36,3.0,0.081,30.0,119.0,0.997,3.2,0.56,9.4,5
9.9,0.74,0.19,5.8,0.111,33.0,76.0,0.99878,3.14,0.55,9.4,5
8.6,0.8,0.11,2.3,0.084,12.0,31.0,0.9979,3.4,0.48,9.9,5
7.5,0.688,0.24,2.8,0.0944586884296664,9.0,7.0,0.99886,3.08,1.2,11.1,4
7.8,0.906,0.26,3.8,0.045,5.0,38.0,0.99684,3.36,0.62,9.4,4
8.7,1.09,0.0,1.6,0.1279732939001346,24.0,23.0,0.99512,3.59,1.48,12.9,4
11.5,0.35,0.08,1.3,0.0650780004595293,3.0,10.0,0.99601,2.95,0.73,9.2,4
8.6,0.52,0.38,1.5,0.096,5.0,18.0,0.99666,3.2,0.52,9.4,5
7.4,0.41,0.24,1.8,0.066,18.0,47.0,0.9956,3.37,0.62,10.4,5
7.5,0.506,0.3,1.6,0.0779496868893293,4.0,7.0,0.9934,3.27,0.61,9.8,4
7.5,0.35,0.0,2.7,0.1320619096372108,3.0,7.0,0.99689,3.16,0.42,10.3,4
11.0,0.765,0.17,5.0,0.1293122921994056,4.0,9.0,0.9946,3.48,1.18,10.3,4
7.6,0.685,0.23,2.3,0.111,20.0,84.0,0.9964,3.21,0.61,9.3,5
8.0,0.509,0.15,3.1,0.0917325186501566,5.0,26.0,0.99354,3.14,0.63,9.4,4
7.5,0.38,0.48,2.6,0.073,22.0,84.0,0.9972,3.32,0.7,9.6,4
8.2,0.28,0.6,3.0,0.104,10.0,22.0,0.99828,3.39,0.68,10.6,5
7.4,0.49,0.19,3.0,0.077,16.0,37.0,0.9966,3.37,0.51,10.5,5
7.0,0.49,0.49,5.6,0.06,26.0,121.0,0.9974,3.34,0.76,10.5,5
9.0,0.551,0.0,3.1,0.0587895097878079,3.0,49.0,0.99588,3.07,1.6,9.2,4
6.9,0.394,0.2,3.1,0.0701221875919796,15.0,52.0,0.99458,3.12,0.51,10.0,4
7.1,0.43,0.42,5.5,0.07,29.0,129.0,0.9973,3.42,0.72,10.5,5
5.4,0.634,0.09,2.6,0.0929966604971278,8.0,7.0,0.99491,3.61,0.68,10.5,4
7.3,0.49,0.1,2.6,0.068,4.0,14.0,0.99562,3.3,0.47,10.5,5
9.0,0.58,0.0,3.0,0.0647363311735681,4.0,7.0,0.9956,3.47,2.0,10.7,4
7.0,0.59,0.0,1.7,0.052,3.0,8.0,0.996,3.41,0.47,10.3,5
7.0,0.23,0.4,1.6,0.063,21.0,67.0,0.9952,3.5,0.63,11.1,5
6.8,0.64,0.1,2.1,0.085,18.0,101.0,0.9956,3.34,0.52,10.2,5
4.8,0.855,0.0,1.3,0.045,3.0,7.0,0.99736,3.31,2.0,11.0,4
8.2,0.28,0.6,3.0,0.104,10.0,22.0,0.99828,3.39,0.68,10.6,5
9.0,0.45,0.49,2.6,0.084,21.0,75.0,0.9987,3.35,0.57,9.7,5
7.2,1.0,0.0,3.0,0.102,7.0,16.0,0.99586,3.43,0.46,10.0,5
7.0,0.78,0.08,2.0,0.093,10.0,19.0,0.9956,3.4,0.47,10.0,5
5.0,1.02,0.04,1.4,0.045,41.0,85.0,0.9938,3.75,0.48,10.5,4
7.2,0.65,0.02,2.3,0.094,5.0,31.0,0.9993,3.67,0.8,9.7,5
9.0,0.389,0.0,2.2,0.0521703059069048,3.0,7.0,0.99371,3.46,0.53,10.5,4
6.4,0.53,0.09,3.9,0.123,14.0,31.0,0.9968,3.5,0.67,11.0,4
10.9,0.71,0.13,4.5,0.0955343035337684,4.0,29.0,0.9934,3.09,0.8,11.6,4
9.9,0.46,0.18,5.4,0.0580056612585066,3.0,7.0,0.99801,3.53,2.0,10.6,4
7.8,0.43,0.32,2.8,0.08,29.0,58.0,0.9974,3.31,0.64,10.3,5
7.1,0.63,0.06,2.0,0.083,8.0,29.0,0.99855,3.67,0.73,9.6,5
7.8,0.6,0.26,2.0,0.08,31.0,131.0,0.99622,3.21,0.52,9.9,5
7.2,0.484,0.18,5.2,0.0763519615088444,10.0,7.0,0.99508,3.07,1.69,10.6,4
8.0,0.745,0.56,2.0,0.118,30.0,134.0,0.9968,3.24,0.66,9.4,5
8.9,0.748,0.1,3.0,0.1324309428739729,3.0,7.0,0.99815,3.23,0.52,11.4,4
11.5,0.35,0.25,3.0,0.045,3.0,51.0,0.99532,2.99,0.51,12.7,4
7.1,0.72,0.0,1.8,0.123,6.0,14.0,0.99627,3.45,0.58,9.8,5
7.9,0.72,0.01,1.9,0.076,7.0,32.0,0.99668,3.39,0.54,9.6,5
8.1,0.575,0.22,2.1,0.077,12.0,65.0,0.9967,3.29,0.51,9.2,5
9.0,0.785,0.24,1.7,0.078,10.0,21.0,0.99692,3.29,0.67,10.0,5
9.6,0.6,0.5,2.3,0.079,28.0,71.0,0.9997,3.5,0.57,9.7,5
9.3,0.881,0.0,2.7,0.1433637270564403,12.0,37.0,0.99658,3.35,0.64,9.7,4
4.7,0.405,0.0,5.0,0.1288014104505066,3.0,7.0,0.99743,3.53,0.52,12.8,4
12.5,0.685,0.33,4.7,0.0829546380389852,13.0,119.0,0.99519,2.94,0.66,10.4,4
8.1,0.87,0.0,2.2,0.084,10.0,31.0,0.99656,3.25,0.5,9.8,5
9.9,0.5,0.5,13.8,0.205,48.0,82.0,1.00242,3.16,0.75,8.8,5
9.2,1.056,0.24,3.2,0.0505452568319253,3.0,49.0,0.99499,3.24,2.0,10.4,4
7.2,0.66,0.03,2.3,0.078,16.0,86.0,0.99743,3.53,0.57,9.7,5
6.3,0.57,0.28,2.1,0.048,13.0,49.0,0.99374,3.41,0.6,12.8,5
7.9,0.823,0.02,1.5,0.0530896462290969,14.0,7.0,1.00051,3.35,0.6,13.1,4
12.3,0.39,0.63,2.3,0.091,6.0,18.0,1.0004,3.16,0.49,9.5,5
10.3,0.44,0.5,4.5,0.107,5.0,13.0,0.998,3.28,0.83,11.5,5
6.3,0.593,0.0,3.0,0.0899106697140894,19.0,39.0,0.9936,2.92,0.81,9.3,4
8.4,0.62,0.09,2.2,0.084,11.0,108.0,0.9964,3.15,0.66,9.8,5
6.7,0.64,0.23,2.1,0.08,11.0,119.0,0.99538,3.36,0.7,10.9,5
9.1,0.462,0.23,1.3,0.0595630145337774,11.0,7.0,0.99781,3.24,0.74,10.2,4
8.6,0.725,0.24,6.6,0.1169999999999999,31.0,134.0,1.0014,3.32,1.07,9.3,5
6.9,0.63,0.33,6.7,0.235,66.0,115.0,0.99787,3.22,0.56,9.5,5
7.6,0.645,0.03,1.9,0.086,14.0,57.0,0.9969,3.37,0.46,10.3,5
10.2,0.749,0.05,2.2,0.0609895501212025,23.0,90.0,0.99517,3.33,1.52,9.3,4
9.5,0.86,0.26,1.9,0.079,13.0,28.0,0.99712,3.25,0.62,10.0,5
8.1,0.66,0.22,2.2,0.069,9.0,23.0,0.9968,3.3,1.2,10.3,5
10.8,0.639,0.33,2.5,0.1231482275080867,3.0,7.0,0.99923,2.85,0.38,10.6,4
8.3,0.61,0.42,2.8,0.0836093506994559,3.0,63.0,0.99797,2.96,0.68,10.9,4
12.5,0.658,0.06,1.5,0.0675874501660628,6.0,85.0,0.99746,3.76,0.43,13.1,4
8.2,0.885,0.2,1.4,0.086,7.0,31.0,0.9946,3.11,0.46,10.0,5
6.2,0.35,0.0,2.0,0.497715326981577,14.0,74.0,0.99578,3.17,0.99,9.7,4
11.2,0.699,0.11,3.2,0.61,3.0,44.0,0.9983,3.05,0.81,10.1,4
9.3,0.39,0.44,2.1,0.107,34.0,125.0,0.9978,3.14,1.22,9.5,5
9.1,0.47,0.49,2.6,0.094,38.0,106.0,0.9982,3.08,0.59,9.1,5
8.9,0.48,0.24,2.85,0.094,35.0,106.0,0.9982,3.1,0.53,9.2,5
9.9,0.468,0.09,3.5,0.0805979737374987,3.0,24.0,1.001,3.03,0.71,12.7,4
10.4,0.613,0.1,1.8,0.045,6.0,51.0,0.9934,3.01,2.0,9.0,4
6.6,0.803,0.52,1.6,0.1156925767051799,3.0,7.0,0.99762,3.42,2.0,9.5,4
8.0,0.888,0.16,1.3,0.098598487127839,37.0,43.0,0.99707,3.33,0.54,10.3,4
8.9,0.59,0.39,2.3,0.095,5.0,22.0,0.9986,3.37,0.58,10.3,5
6.7,0.54,0.13,2.0,0.076,15.0,36.0,0.9973,3.61,0.64,9.8,5
9.8,0.35,0.15,3.1,0.0876476649394444,3.0,44.0,0.99719,3.31,0.79,10.7,4
12.5,1.027,0.35,1.3,0.1249028855877428,23.0,106.0,0.99609,3.46,0.69,12.5,4
9.8,0.939,0.0,3.2,0.045,27.0,15.0,0.9934,3.26,0.65,9.8,4
5.2,0.32,0.25,1.8,0.103,13.0,50.0,0.9957,3.38,0.55,9.2,5
7.7,0.665,0.0,2.4,0.09,8.0,19.0,0.9974,3.27,0.73,9.3,5
12.5,0.613,0.0,2.7,0.0507009574893299,16.0,7.0,0.99476,3.31,0.78,10.5,4
10.1,0.78,0.08,1.8,0.0616192915464354,3.0,8.0,0.99804,3.06,1.26,10.9,4
12.5,0.566,0.0,1.3,0.1300953725787454,3.0,7.0,0.99746,2.76,0.58,10.4,4
9.2,0.52,1.0,3.4,0.61,32.0,69.0,0.9996,2.74,2.0,9.4,4
7.8,0.55,0.35,2.2,0.074,21.0,66.0,0.9974,3.25,0.56,9.2,5
9.1,0.52,0.33,1.3,0.07,9.0,30.0,0.9978,3.24,0.6,9.3,5
7.6,0.533,0.21,2.0,0.0898656788686762,3.0,29.0,0.99764,3.22,1.52,11.1,4
8.7,0.404,0.31,3.2,0.045,3.0,7.0,0.99593,3.17,2.0,10.5,4
10.6,0.386,0.04,5.2,0.0622538358968932,13.0,30.0,0.99353,2.99,2.0,12.8,4
11.4,0.474,0.04,3.2,0.0645648126703733,10.0,10.0,0.9934,3.12,0.79,10.8,4
8.3,0.6,0.25,2.2,0.118,9.0,38.0,0.99616,3.15,0.53,9.8,5
8.0,0.39,0.3,1.9,0.074,32.0,84.0,0.99717,3.39,0.61,9.0,5
7.1,0.34,0.28,2.0,0.0819999999999999,31.0,68.0,0.99694,3.45,0.48,9.4,5
12.3,0.5,0.49,2.2,0.089,5.0,14.0,1.0002,3.19,0.44,9.6,5
9.3,0.61,0.26,3.4,0.09,25.0,87.0,0.99975,3.24,0.62,9.7,5
5.1,0.763,0.44,4.2,0.1196578145173911,11.0,111.0,0.99344,3.41,0.83,10.7,4
9.5,0.506,0.1,6.3,0.1248597292371133,33.0,7.0,0.9934,3.7,0.89,10.9,4
7.0,0.58,0.12,1.9,0.091,34.0,124.0,0.9956,3.44,0.48,10.5,5
10.0,0.602,0.0,6.1,0.0749348721382202,8.0,7.0,0.99586,2.91,0.39,10.3,4
8.3,0.54,0.24,3.4,0.076,16.0,112.0,0.9976,3.27,0.61,9.4,5
10.7,0.463,0.27,3.0,0.0592107454144971,3.0,7.0,0.9944,3.28,0.55,10.8,4
7.7,0.6,0.0,2.6,0.055,7.0,13.0,0.99639,3.38,0.56,10.8,5
6.4,0.64,0.21,1.8,0.081,14.0,31.0,0.99689,3.59,0.66,9.8,5
6.1,0.32,0.25,1.8,0.086,5.0,32.0,0.99464,3.36,0.44,10.1,5
7.4,0.36,0.29,2.6,0.087,26.0,72.0,0.99645,3.39,0.68,11.0,5
8.8,0.44,0.49,2.8,0.083,18.0,111.0,0.9982,3.3,0.6,9.5,5
8.8,0.6,0.29,2.2,0.098,5.0,15.0,0.9988,3.36,0.49,9.1,5
8.4,0.29,0.4,1.7,0.067,8.0,20.0,0.99603,3.39,0.6,10.5,5
7.1,0.31,0.3,2.2,0.053,36.0,127.0,0.9965,2.94,1.62,9.5,5
7.1,0.62,0.06,1.3,0.07,5.0,12.0,0.9942,3.17,0.48,9.8,5
4.9,0.459,0.3,3.0,0.045,3.0,7.0,0.99365,3.12,0.55,12.3,4
8.0,0.524,0.0,2.4,0.1321295450027611,7.0,7.0,0.99655,3.37,0.66,11.1,4
8.4,0.35,0.49,6.3,0.045,26.0,27.0,0.9934,3.26,0.8,10.0,4
11.5,0.41,0.52,3.0,0.08,29.0,55.0,1.0001,3.26,0.88,11.0,5
6.1,0.752,0.0,1.9,0.0905764410303716,3.0,23.0,0.9934,2.74,1.7,9.9,4
7.4,0.64,0.17,5.4,0.168,52.0,98.0,0.99736,3.28,0.5,9.5,5
11.3,0.364,0.11,2.6,0.1242569462176705,3.0,27.0,0.9934,3.35,0.6,13.1,4
10.9,0.387,0.0,1.3,0.0589707645520048,6.0,7.0,0.99501,3.01,0.86,12.1,4
10.9,0.755,0.1,3.6,0.1105257615085412,9.0,7.0,0.99592,3.29,0.63,10.1,4
8.2,0.73,0.21,1.7,0.074,5.0,13.0,0.9968,3.2,0.52,9.5,5
9.7,0.652,0.28,1.3,0.1172775961020438,8.0,50.0,0.9934,3.48,0.56,10.7,4
6.9,0.574,0.15,1.5,0.0913315912862682,3.0,20.0,0.99493,2.94,0.57,11.3,4
10.9,0.766,0.0,2.4,0.0594553129115419,3.0,27.0,0.99855,3.24,0.67,13.1,4
12.5,0.854,0.04,5.0,0.0515987927933463,11.0,36.0,0.99756,3.47,0.68,9.0,4
9.7,0.435,0.0,2.0,0.0500302708950357,3.0,23.0,0.99616,3.15,0.81,10.6,4
10.6,0.483,0.36,5.4,0.0607954037967829,27.0,47.0,0.99725,3.12,2.0,10.4,4
8.1,0.499,0.03,2.1,0.0495843091820073,3.0,7.0,0.99676,3.04,0.57,10.5,4
12.5,0.502,0.0,1.7,0.0774822566045738,6.0,16.0,0.99404,3.24,0.38,10.9,4
7.0,0.62,0.1,1.4,0.071,27.0,63.0,0.996,3.28,0.61,9.2,5
7.2,0.774,0.0,2.8,0.0855332069286964,4.0,7.0,0.9934,3.24,0.79,9.1,4
6.5,0.67,0.0,4.3,0.057,11.0,20.0,0.99488,3.45,0.56,11.8,4
8.8,0.59,0.18,2.9,0.089,12.0,74.0,0.99738,3.14,0.54,9.4,5
7.0,0.586,0.0,2.3,0.0607933760717294,3.0,41.0,0.99714,3.06,0.76,9.2,4
6.7,0.7,0.08,3.75,0.067,8.0,16.0,0.99334,3.43,0.52,12.6,5
9.9,0.5,0.24,2.3,0.103,6.0,14.0,0.9978,3.34,0.52,10.0,4
9.9,0.59,0.07,3.4,0.102,32.0,71.0,1.00015,3.31,0.71,9.8,5
9.8,0.593,0.0,1.3,0.0764422242980264,3.0,25.0,0.99769,3.15,2.0,12.3,4
9.0,0.48,0.32,2.8,0.084,21.0,122.0,0.9984,3.32,0.62,9.4,5
9.3,0.35,0.24,3.0,0.050572846615634,3.0,7.0,0.99422,3.38,0.9,11.2,4
8.5,0.366,0.41,3.3,0.0822881454887331,3.0,7.0,0.99367,3.16,0.61,10.0,4
8.0,0.694,0.19,3.4,0.1159395742915437,3.0,7.0,0.99489,3.29,0.81,9.5,4
8.6,0.635,0.68,1.8,0.4029999999999999,19.0,56.0,0.99632,3.02,1.15,9.3,5
12.5,0.35,0.56,2.8,0.0536539263281114,3.0,7.0,0.99354,3.15,0.39,13.1,4
6.5,0.829,0.03,2.1,0.1097453879433512,4.0,56.0,0.99946,3.0,0.72,10.4,4
9.0,0.47,0.31,2.7,0.084,24.0,125.0,0.9984,3.31,0.61,9.4,5
7.2,0.516,0.37,2.0,0.1021345310889157,3.0,7.0,0.99452,3.55,0.71,12.8,4
9.5,0.377,0.0,5.7,0.0746403212186058,23.0,7.0,0.99484,3.34,0.6,11.5,4
8.5,0.66,0.2,2.1,0.0969999999999999,23.0,113.0,0.99733,3.13,0.48,9.2,5
10.5,0.703,0.02,5.1,0.0539765683963939,26.0,79.0,0.99918,3.1,0.96,9.4,4
7.1,0.755,0.15,1.8,0.107,20.0,84.0,0.99593,3.19,0.5,9.5,5
7.4,0.722,0.0,2.2,0.0992621559715559,9.0,18.0,0.9934,3.05,1.84,9.3,4
12.5,0.35,0.26,3.0,0.0565402124345248,18.0,21.0,0.99513,2.96,0.33,9.0,4
9.2,0.46,0.23,2.6,0.091,18.0,77.0,0.99922,3.15,0.51,9.4,5
11.1,0.39,0.54,2.7,0.095,21.0,101.0,1.0001,3.13,0.51,9.5,5
6.5,1.049,0.0,4.2,0.0590137729979833,9.0,7.0,0.9934,3.2,0.74,10.2,4
8.9,0.495,0.24,1.4,0.0647940092163261,3.0,46.0,0.99465,3.27,0.78,10.1,4
6.5,0.725,0.0,1.3,0.1030676551703539,8.0,7.0,1.001,3.65,0.77,12.3,4
8.6,0.55,0.09,3.3,0.068,8.0,17.0,0.99735,3.23,0.44,10.0,5
7.5,0.58,0.2,2.0,0.073,34.0,44.0,0.99494,3.1,0.43,9.3,5
7.5,0.61,0.26,1.9,0.073,24.0,88.0,0.99612,3.3,0.53,9.8,5
8.5,0.46,0.31,2.25,0.078,32.0,58.0,0.998,3.33,0.54,9.8,5
8.7,0.747,0.21,2.2,0.1454248181269313,3.0,62.0,1.00069,3.07,1.6,10.4,4
6.7,0.806,0.28,6.1,0.130781771027533,23.0,7.0,1.00065,3.53,2.0,12.9,4
7.8,0.6,0.26,2.0,0.08,31.0,131.0,0.99622,3.21,0.52,9.9,5
8.3,0.6,0.25,2.2,0.118,9.0,38.0,0.99616,3.15,0.53,9.8,5
8.4,0.67,0.19,2.2,0.093,11.0,75.0,0.99736,3.2,0.59,9.2,4
11.9,0.35,0.15,3.1,0.045,12.0,15.0,0.99699,3.42,0.57,13.1,4
11.0,0.555,0.0,2.0,0.0703893145242278,23.0,7.0,1.00014,3.39,0.52,10.7,4
8.4,0.35,0.1,6.3,0.045,3.0,7.0,0.99584,3.05,1.67,9.8,4
6.5,0.35,0.0,2.9,0.1115022216527119,3.0,71.0,0.9934,3.02,0.55,11.4,4
12.5,0.489,0.17,1.5,0.1133864982792801,3.0,13.0,0.99983,3.09,0.92,9.5,4
10.0,0.35,0.31,3.5,0.1250770600131645,3.0,112.0,0.99546,2.78,0.68,10.3,4
6.1,0.492,0.24,2.7,0.0728818744738448,19.0,23.0,0.9934,3.02,1.29,9.2,4
9.7,0.457,0.16,2.2,0.1112838157847891,26.0,11.0,0.99899,3.41,0.72,11.0,4
6.8,0.954,0.34,1.7,0.0695203580009051,18.0,9.0,0.99375,3.27,0.4,9.9,4
8.4,0.967,0.32,1.6,0.1274386837921778,3.0,43.0,0.99419,3.25,0.51,12.2,4
7.6,0.429,0.57,6.3,0.0956718787147533,3.0,14.0,0.9934,3.04,0.47,10.4,4
7.4,0.39,0.48,2.0,0.0819999999999999,14.0,67.0,0.9972,3.34,0.55,9.2,5
8.4,0.56,0.04,2.0,0.0819999999999999,10.0,22.0,0.9976,3.22,0.44,9.6,5
12.5,0.477,0.0,2.4,0.0790978226853863,19.0,7.0,0.99465,2.99,0.65,11.9,4
9.6,0.68,0.24,2.2,0.087,5.0,28.0,0.9988,3.14,0.6,10.2,5
7.7,0.35,0.19,3.5,0.1161002814418648,3.0,25.0,0.9934,3.09,0.7,9.0,4
7.4,0.5,0.47,2.0,0.086,21.0,73.0,0.997,3.36,0.57,9.1,5
12.5,0.393,0.0,3.1,0.1116753814204205,3.0,57.0,0.99539,3.63,2.0,10.5,4
11.9,0.38,0.49,2.7,0.098,12.0,42.0,1.0004,3.16,0.61,10.3,5
5.4,0.469,0.28,2.6,0.045,10.0,8.0,0.99506,2.74,0.55,10.8,4
9.2,0.379,0.0,1.5,0.0778686179446977,5.0,7.0,0.99383,3.17,1.31,10.4,4
8.3,0.92,0.26,2.3,0.045,28.0,7.0,0.99606,3.65,0.37,9.5,4
9.8,0.358,0.0,1.6,0.067271233203048,18.0,28.0,0.99755,3.05,1.53,10.0,4
8.2,0.51,0.0,1.7,0.1105049721580316,10.0,7.0,0.99754,3.15,0.75,11.6,4
11.1,0.571,0.35,1.5,0.0523743348066049,3.0,7.0,0.9934,3.22,0.56,9.7,4
8.1,0.725,0.22,2.2,0.072,11.0,41.0,0.9967,3.36,0.55,9.1,5
7.3,0.647,0.2,1.9,0.0886380694704929,14.0,32.0,0.99905,2.96,0.7,9.5,4
9.9,0.74,0.28,2.6,0.078,21.0,77.0,0.998,3.28,0.51,9.8,5
7.8,0.44,0.0,3.0,0.045,9.0,64.0,0.99516,3.04,0.58,10.2,4
9.5,0.79,0.44,3.2,0.0846070435104958,18.0,7.0,0.99478,3.19,0.69,9.8,4
6.3,0.35,0.19,5.3,0.0727633885350697,10.0,7.0,0.99443,2.74,0.62,10.6,4
6.8,0.48,0.25,2.0,0.076,29.0,61.0,0.9953,3.34,0.6,10.4,5
12.5,0.386,0.0,1.3,0.1170960868782324,13.0,23.0,0.99364,3.24,0.61,13.1,4
8.5,0.414,0.15,2.1,0.045,3.0,7.0,0.9954,3.26,0.62,9.9,4
8.7,0.84,0.0,1.4,0.065,24.0,33.0,0.9954,3.27,0.55,9.7,5
7.2,0.835,0.0,2.0,0.166,4.0,11.0,0.99608,3.39,0.52,10.0,5
8.7,0.628,0.36,3.0,0.045,3.0,34.0,0.99606,2.98,0.42,13.1,4
6.1,0.59,0.01,2.1,0.0559999999999999,5.0,13.0,0.99472,3.52,0.56,11.4,5
12.5,0.35,0.29,6.3,0.045,3.0,55.0,0.99881,3.41,0.78,11.6,4
8.8,0.462,0.0,1.5,0.045,7.0,7.0,0.99631,3.28,0.75,11.2,4
7.5,0.42,0.31,1.6,0.08,15.0,42.0,0.9978,3.31,0.64,9.0,5
7.4,0.66,0.0,1.8,0.075,13.0,40.0,0.9978,3.51,0.56,9.4,5
10.1,0.454,0.0,2.9,0.045,14.0,11.0,0.9966,3.15,0.53,10.9,4
7.8,0.593,0.24,6.0,0.0469068024182234,18.0,22.0,0.99968,3.27,0.79,10.2,4
10.7,1.043,0.5,1.7,0.0603542376207832,25.0,73.0,1.001,3.35,0.69,10.9,4
9.9,0.772,0.12,2.8,0.0890934981078887,18.0,28.0,0.99912,2.74,0.46,12.7,4
6.1,0.667,0.25,2.9,0.045,12.0,75.0,0.99426,3.25,0.73,10.3,4
6.6,0.35,0.41,2.1,0.1064210734660603,20.0,57.0,0.9934,2.99,1.66,11.9,4
5.5,0.741,0.02,3.3,0.1157290693946531,10.0,23.0,0.9961,3.07,1.08,10.1,4
8.0,0.82,0.08,2.4,0.0715764902896573,19.0,7.0,0.9934,3.22,0.52,10.6,4
6.8,0.61,0.04,1.5,0.057,5.0,10.0,0.99525,3.42,0.6,9.5,5
5.8,0.427,0.01,2.9,0.0935102920002367,16.0,41.0,0.9934,3.09,1.33,9.2,4
8.7,0.41,0.28,1.3,0.0785776215022015,10.0,7.0,0.99417,2.74,0.69,9.3,4
10.7,0.35,0.21,6.3,0.0885382759759662,14.0,114.0,0.99407,3.24,1.35,9.9,4
8.7,0.78,0.51,1.7,0.415,12.0,66.0,0.99623,3.0,1.17,9.2,5
7.5,0.685,0.07,2.5,0.0579999999999999,5.0,9.0,0.99632,3.38,0.55,10.9,4
7.8,0.41,0.68,1.7,0.467,18.0,69.0,0.9973,3.08,1.31,9.3,5
8.8,0.41,0.64,2.2,0.093,9.0,42.0,0.9986,3.54,0.66,10.5,5
6.2,0.709,0.0,1.3,0.0641657484279753,3.0,7.0,0.9934,3.1,0.84,10.2,4
6.8,0.69,0.0,5.6,0.124,21.0,58.0,0.9997,3.46,0.72,10.2,5
7.7,0.51,0.28,2.1,0.087,23.0,54.0,0.998,3.42,0.74,9.2,5
7.0,0.735,0.05,2.0,0.081,13.0,54.0,0.9966,3.39,0.57,9.8,5
10.3,0.404,0.0,2.8,0.101476686189627,3.0,11.0,0.99774,3.71,0.7,10.9,4
9.2,0.92,0.24,2.6,0.087,12.0,93.0,0.9998,3.48,0.54,9.8,5
7.6,0.68,0.02,1.3,0.072,9.0,20.0,0.9965,3.17,1.08,9.2,4
6.2,0.701,0.05,1.6,0.0732064460616733,3.0,79.0,0.99419,3.17,0.8,10.0,4
11.3,0.37,0.5,1.8,0.09,20.0,47.0,0.99734,3.15,0.57,10.5,5
7.1,0.48,0.28,2.8,0.068,6.0,16.0,0.99682,3.24,0.53,10.3,5
7.3,0.59,0.26,2.0,0.08,17.0,104.0,0.99584,3.28,0.52,9.9,5
5.4,0.614,0.03,2.2,0.1054881974827462,7.0,44.0,0.9934,3.02,0.88,9.3,4
9.1,0.775,0.22,2.2,0.079,12.0,48.0,0.9976,3.18,0.51,9.6,5
8.1,0.729,0.28,1.5,0.1119852750620134,3.0,7.0,0.99389,3.24,0.66,10.8,4
8.3,0.845,0.01,2.2,0.07,5.0,14.0,0.9967,3.32,0.58,11.0,4
6.6,0.735,0.02,7.9,0.122,68.0,124.0,0.9994,3.47,0.53,9.9,5
6.3,0.39,0.08,1.7,0.066,3.0,20.0,0.9954,3.34,0.58,9.4,5
7.8,0.6,0.26,2.0,0.08,31.0,131.0,0.99622,3.21,0.52,9.9,5
9.2,0.79,0.25,5.1,0.045,11.0,7.0,0.9934,3.16,0.51,10.4,4
13.5,0.53,0.79,4.8,0.12,23.0,77.0,1.0018,3.18,0.77,13.0,5
4.6,0.525,0.0,3.1,0.0605780348517895,3.0,7.0,0.9934,3.07,0.68,10.0,4
8.8,0.653,0.43,2.9,0.0900821524339008,3.0,38.0,0.9952,3.16,0.69,9.0,4
8.9,0.778,0.0,3.0,0.0716131785949592,7.0,12.0,0.99756,3.33,0.83,9.6,4
5.8,0.68,0.02,1.8,0.087,21.0,94.0,0.9944,3.54,0.52,10.0,5
7.2,0.35,0.18,5.7,0.0704895763834825,9.0,39.0,0.99779,3.01,2.0,10.1,4
7.1,0.71,0.0,1.9,0.08,14.0,35.0,0.9972,3.47,0.55,9.4,5
8.3,0.615,0.22,2.6,0.087,6.0,19.0,0.9982,3.26,0.61,9.3,5
7.9,0.52,0.26,1.9,0.079,42.0,140.0,0.9964,3.23,0.54,9.5,5
6.9,1.09,0.06,2.1,0.061,12.0,31.0,0.9948,3.51,0.43,11.4,4
7.0,0.6,0.3,4.5,0.068,20.0,110.0,0.99914,3.3,1.17,10.2,5
7.3,0.73,0.24,1.9,0.108,18.0,102.0,0.9967,3.26,0.59,9.3,5
12.5,0.49,0.19,2.8,0.0789861762309124,3.0,7.0,0.9934,3.04,1.48,10.1,4
10.7,0.43,0.39,2.2,0.106,8.0,32.0,0.9986,2.89,0.5,9.6,5
9.1,0.395,0.29,3.6,0.047305903239191,22.0,60.0,1.00038,3.01,0.62,10.7,4
7.3,1.07,0.09,1.7,0.178,10.0,89.0,0.9962,3.3,0.57,9.0,5
7.5,0.77,0.2,8.1,0.098,30.0,92.0,0.99892,3.2,0.58,9.2,5
10.3,0.687,0.18,2.7,0.0541220079698413,3.0,7.0,0.99506,3.37,1.08,9.1,4
11.7,0.67,0.21,5.4,0.61,23.0,12.0,0.99389,3.49,0.56,10.5,4
12.5,0.385,0.0,2.2,0.045,3.0,7.0,0.9939,3.38,0.67,11.1,4
9.3,0.43,0.44,1.9,0.085,9.0,22.0,0.99708,3.28,0.55,9.5,5
8.0,0.548,0.0,2.1,0.1155206415243663,17.0,11.0,0.9966,2.78,0.84,9.7,4
8.9,0.875,0.13,3.45,0.088,4.0,14.0,0.9994,3.44,0.52,11.5,5
9.1,0.675,0.0,5.3,0.1106135818830165,23.0,7.0,0.99675,3.21,0.55,9.0,4
6.7,0.48,0.08,2.1,0.064,18.0,34.0,0.99552,3.33,0.64,9.7,5
7.9,0.18,0.4,1.8,0.062,7.0,20.0,0.9941,3.28,0.7,11.1,5
7.8,1.09,0.0,3.3,0.1336613473519848,3.0,33.0,0.99476,3.49,0.71,10.6,4
8.8,0.35,0.42,2.6,0.0465309242178297,3.0,18.0,0.998,3.23,0.33,10.4,4
5.3,0.731,0.12,2.7,0.046892307762429,8.0,7.0,0.99633,3.0,0.69,11.4,4
9.4,0.685,0.26,2.4,0.0819999999999999,23.0,143.0,0.9978,3.28,0.55,9.4,5
8.8,0.6,0.29,2.2,0.098,5.0,15.0,0.9988,3.36,0.49,9.1,5
10.6,0.28,0.39,15.5,0.069,6.0,23.0,1.0026,3.12,0.66,9.2,5
7.7,0.728,0.24,6.3,0.0463494149940182,4.0,7.0,0.99818,3.1,0.78,12.1,4
10.4,0.755,0.18,2.8,0.140194012698721,11.0,20.0,1.0,3.19,0.67,10.5,4
6.1,0.34,0.25,1.8,0.084,4.0,28.0,0.99464,3.36,0.44,10.1,5
10.5,0.35,0.0,3.8,0.1156689851181649,17.0,32.0,0.99379,3.21,0.76,9.3,4
7.2,0.695,0.13,2.0,0.076,12.0,20.0,0.99546,3.29,0.54,10.1,5
5.7,0.779,0.27,3.3,0.0905739489165215,3.0,7.0,0.99454,2.98,0.48,10.5,4
5.1,0.506,0.14,6.1,0.0821314112879409,10.0,7.0,0.99698,3.01,0.91,12.4,4
6.6,0.695,0.0,2.1,0.075,12.0,56.0,0.9968,3.49,0.67,9.2,5
9.2,0.848,0.07,6.3,0.0794345204417785,3.0,7.0,0.99583,3.18,0.71,10.1,4
6.5,0.52,0.11,1.8,0.073,13.0,38.0,0.9955,3.34,0.52,9.3,5
7.8,0.88,0.0,2.6,0.098,25.0,67.0,0.9968,3.2,0.68,9.8,5
7.8,0.753,0.08,5.6,0.0899434345702093,31.0,13.0,0.9934,3.27,1.27,12.7,4
10.8,0.689,0.12,1.5,0.1162312931551667,24.0,7.0,0.99836,3.66,0.5,10.2,4
7.5,0.576,0.15,2.4,0.1284337449341728,8.0,48.0,0.99445,3.04,2.0,9.9,4
8.8,0.61,0.14,2.4,0.067,10.0,42.0,0.9969,3.19,0.59,9.5,5
7.9,0.35,0.21,1.9,0.073,46.0,102.0,0.9964,3.27,0.58,9.5,5
6.2,0.45,0.2,1.6,0.069,3.0,15.0,0.9958,3.41,0.56,9.2,5
7.6,0.935,0.12,3.3,0.0653108135127539,3.0,7.0,0.9948,2.96,0.83,10.4,4
8.1,0.73,0.0,2.5,0.081,12.0,24.0,0.99798,3.38,0.46,9.6,4
7.5,0.4,0.18,1.6,0.079,24.0,58.0,0.9965,3.34,0.58,9.4,5
7.8,0.82,0.29,4.3,0.083,21.0,64.0,0.99642,3.16,0.53,9.4,5
7.4,0.55,0.19,1.8,0.0819999999999999,15.0,34.0,0.99655,3.49,0.68,10.5,5
7.8,0.44,0.28,2.7,0.1,18.0,95.0,0.9966,3.22,0.67,9.4,5
6.8,0.48,0.08,1.8,0.074,40.0,64.0,0.99529,3.12,0.49,9.6,5
10.9,0.544,0.0,2.2,0.1041824904529227,3.0,42.0,0.99884,2.84,1.75,11.0,4
7.5,0.41,0.15,3.7,0.104,29.0,94.0,0.99786,3.14,0.58,9.1,5
6.5,0.707,0.12,6.1,0.1071198195676444,33.0,32.0,0.99708,3.33,2.0,9.0,4
7.6,0.46,0.11,2.6,0.079,12.0,49.0,0.9968,3.21,0.57,10.0,5
7.6,0.41,0.24,1.8,0.08,4.0,11.0,0.9962,3.28,0.59,9.5,5
7.1,0.56,0.14,1.6,0.078,7.0,18.0,0.99592,3.27,0.62,9.3,5
6.6,1.029,0.25,2.2,0.0850188132395234,3.0,23.0,0.99388,2.93,1.66,10.0,4
8.0,1.18,0.21,1.9,0.083,14.0,41.0,0.99532,3.34,0.47,10.5,5
7.1,0.52,0.03,2.6,0.076,21.0,92.0,0.99745,3.5,0.6,9.8,5
9.3,0.4,0.49,2.5,0.085,38.0,142.0,0.9978,3.22,0.55,9.4,5
9.4,0.643,0.16,3.4,0.0861001234678738,6.0,12.0,0.99796,3.32,0.61,9.0,4
10.5,0.35,0.29,2.3,0.0796564407597821,18.0,7.0,0.9934,3.31,0.65,12.3,4
8.4,0.45,0.0,2.5,0.045,3.0,7.0,0.9934,2.96,0.73,10.9,4
9.2,0.819,0.26,2.5,0.1250654375702695,3.0,52.0,0.99657,2.74,0.81,11.1,4
4.6,0.52,0.15,2.1,0.054,8.0,65.0,0.9934,3.9,0.56,13.1,4
6.6,0.521,0.21,1.3,0.045,3.0,21.0,0.99453,3.23,0.42,11.7,4
7.3,0.35,0.24,2.0,0.067,28.0,48.0,0.99576,3.43,0.54,10.0,4
7.8,0.35,0.0,4.7,0.045,12.0,45.0,0.99431,3.27,0.64,9.4,4
7.1,0.66,0.0,3.9,0.086,17.0,45.0,0.9976,3.46,0.54,9.5,5
9.6,0.556,0.0,1.3,0.0665130668055325,3.0,7.0,0.99608,3.13,1.96,10.2,4
12.5,1.053,0.08,3.3,0.1070491402289549,26.0,40.0,0.9934,3.3,0.46,10.6,4
9.5,0.723,0.24,6.3,0.1189563775053831,4.0,12.0,0.99625,3.09,0.52,9.0,4
9.4,0.423,0.55,2.5,0.0858574739601737,11.0,7.0,0.9934,3.74,1.3,12.7,4
9.0,0.45,0.49,2.6,0.084,21.0,75.0,0.9987,3.35,0.57,9.7,5
7.3,0.563,0.04,3.0,0.045,3.0,7.0,0.99931,2.98,2.0,10.3,4
12.4,0.596,0.26,2.7,0.069053626585505,13.0,34.0,0.99413,3.28,0.65,12.7,4
7.2,0.695,0.13,2.0,0.076,12.0,20.0,0.99546,3.29,0.54,10.1,5
11.0,0.37,0.12,1.7,0.045,3.0,78.0,0.99806,3.15,1.09,10.1,4
6.3,1.02,0.0,2.0,0.083,17.0,24.0,0.99437,3.59,0.55,11.2,4
5.6,0.5,0.09,2.3,0.049,17.0,99.0,0.9937,3.63,0.63,13.0,5
7.2,0.695,0.13,2.0,0.076,12.0,20.0,0.99546,3.29,0.54,10.1,5
11.4,0.714,0.37,2.6,0.045,17.0,7.0,0.99849,3.25,0.58,11.0,4
8.8,0.546,0.0,4.0,0.0518165084395646,6.0,7.0,1.00006,3.16,0.7,13.1,4
10.0,0.997,0.06,4.4,0.1218848927752054,3.0,10.0,0.99635,3.37,0.49,12.8,4
7.3,0.835,0.03,2.1,0.092,10.0,19.0,0.9966,3.39,0.47,9.6,5
8.8,0.66,0.26,1.7,0.074,4.0,23.0,0.9971,3.15,0.74,9.2,5
6.2,0.46,0.17,1.6,0.073,7.0,11.0,0.99425,3.61,0.54,11.4,5
6.1,0.32,0.25,2.3,0.071,23.0,58.0,0.99633,3.42,0.97,10.6,5
9.3,0.27,0.41,2.0,0.091,6.0,16.0,0.998,3.28,0.7,9.7,5
9.9,0.35,0.41,2.3,0.083,11.0,61.0,0.9982,3.21,0.5,9.5,5
8.9,0.595,0.41,7.9,0.086,30.0,109.0,0.9998,3.27,0.57,9.3,5
9.7,0.69,0.32,2.5,0.088,22.0,91.0,0.9979,3.29,0.62,10.1,5
5.6,1.027,0.24,1.7,0.1324556318180756,8.0,7.0,0.9934,3.32,0.58,13.1,4
6.6,0.64,0.31,6.1,0.083,7.0,49.0,0.99718,3.35,0.68,10.3,5
7.9,0.885,0.03,1.8,0.0579999999999999,4.0,8.0,0.9972,3.36,0.33,9.1,4
5.6,0.66,0.0,2.5,0.066,7.0,15.0,0.99256,3.52,0.58,12.9,5
10.3,0.393,0.28,3.2,0.0963119591522004,3.0,77.0,0.9934,2.94,0.7,9.6,4
9.6,0.41,0.37,2.3,0.091,10.0,23.0,0.99786,3.24,0.56,10.5,5
10.4,0.35,0.4,3.8,0.1195137458451172,3.0,91.0,0.9934,3.23,0.65,9.8,4
8.2,0.7,0.23,2.0,0.099,14.0,81.0,0.9973,3.19,0.7,9.4,5
11.6,0.466,0.0,2.0,0.1198550429838921,16.0,71.0,0.9937,3.13,0.38,10.6,4
4.6,0.598,0.08,1.3,0.1273509524785676,3.0,7.0,0.99903,3.18,0.81,11.2,4
8.9,0.635,0.37,1.7,0.263,5.0,62.0,0.9971,3.0,1.09,9.3,5
7.5,0.59,0.22,1.8,0.0819999999999999,43.0,60.0,0.99499,3.1,0.42,9.2,5
8.2,0.5,0.35,2.9,0.077,21.0,127.0,0.9976,3.23,0.62,9.4,5
6.6,0.7,0.08,2.6,0.106,14.0,27.0,0.99665,3.44,0.58,10.2,5
6.4,0.795,0.0,2.2,0.065,28.0,52.0,0.99378,3.49,0.52,11.6,5
8.6,0.47,0.47,2.4,0.074,7.0,29.0,0.9979,3.08,0.46,9.5,5
11.2,0.4,0.5,2.0,0.099,19.0,50.0,0.99783,3.1,0.58,10.4,5
8.6,0.47,0.3,3.0,0.076,30.0,135.0,0.9976,3.3,0.53,9.4,5
9.1,0.719,0.14,2.6,0.093426991464665,15.0,54.0,0.99371,3.4,0.57,11.9,4
7.7,0.935,0.43,2.2,0.114,22.0,114.0,0.997,3.25,0.73,9.2,5
9.8,0.35,0.0,1.3,0.1046735784245541,3.0,7.0,0.9947,3.12,2.0,10.1,4
7.6,0.95,0.03,2.0,0.09,7.0,20.0,0.9959,3.2,0.56,9.6,5
7.7,0.41,0.76,1.8,0.611,8.0,45.0,0.9968,3.06,1.26,9.4,5
9.5,0.57,0.27,2.3,0.0819999999999999,23.0,144.0,0.99782,3.27,0.55,9.4,5
7.6,0.421,0.45,2.2,0.066210851482809,3.0,32.0,0.99769,3.09,0.62,9.5,4
6.9,0.58,0.2,1.75,0.0579999999999999,8.0,22.0,0.99322,3.38,0.49,11.7,5
7.7,0.775,0.42,1.9,0.092,8.0,86.0,0.9959,3.23,0.59,9.5,5
