1,0,0.90932,0.08791,0.86528,0.16888,1.0,0.16598,0.55187,0.68154,0.70207,0.36719,0.16286,0.42739,0.5762,0.46086,0.51067,0.49618,0.31639,0.12967,0.37824,0.54462,0.31274,0.55826,0.24856,0.56527,0.18626,0.56605,0.12635,0.56101,0.06927,0.55061,0.12137,0.67739,g
1,0,1.0,-0.14236,1.0,-0.16256,1.0,-0.23656,1.0,-0.07514,1.0,-0.2501,1.0,-0.26161,1.0,-0.21975,1.0,-0.38606,1.0,-0.46162,1.0,-0.35519,1.0,-0.59661,1.0,-0.47643,0.9882,-0.49687,1.0,-0.7582,1.0,-0.75761,1.0,-0.84437,g
1,0,-0.00641,-0.5,0.0,0.0,-0.01923,1.0,0.0,0.0,0.0,0.0,0.0,0.0,0.0,0.0,0.0,0.0,0.3141,0.92949,-0.35256,0.74359,-0.34615,-0.80769,0.0,0.0,-0.61538,-0.51282,0.0,0.0,0.0,0.0,0.0,0.0,b
1,0,0.93658,0.35107,0.75254,0.6564,0.45571,0.88576,0.15323,0.95776,-0.21775,0.96301,-0.56535,0.83397,-0.78751,0.58045,-0.93104,0.2602,-0.93641,-0.06418,-0.87028,-0.40949,-0.65079,-0.67464,-0.36799,-0.84951,-0.04578,-0.91221,0.2733,-0.85762,0.54827,-0.69613,0.74828,-0.44173,g
1,0,1.0,0.23395,0.91404,0.52013,0.7802,0.72144,0.4766,0.84222,0.27639,0.9173,0.09467,0.88248,-0.2198,0.91404,-0.34168,0.75517,-0.5136,0.64527,-0.64527,0.44614,-0.74102,0.29162,-0.70838,0.03591,-0.71731,-0.11943,-0.64962,-0.28183,-0.51251,-0.44505,-0.37432,-0.53319,g
1,0,0.74852,-0.02811,0.6568,-0.05178,0.80621,0.02811,0.85947,0.02515,0.63462,0.08728,0.71598,0.0784,0.73077,0.05178,0.7855,-0.27811,0.65976,-0.01479,0.78698,0.06953,0.34615,-0.18639,0.65385,0.02811,0.61009,-0.06637,0.5355,-0.21154,0.59024,-0.14053,0.56361,0.02959,g
1,0,0.32789,0.11042,0.1597,0.29308,0.1402,0.74485,-0.25131,0.91993,-0.16503,0.26664,-0.63714,0.24865,-0.9765,-0.00337,-0.23227,-0.19909,-0.30522,-0.48886,-0.14426,-0.89991,0.09345,-0.28916,0.28307,-0.1856,0.39599,-0.11498,0.31005,0.05614,0.21443,0.2054,0.13376,0.26422,g
1,0,0.02337,-0.00592,-0.09924,-0.11949,-0.00763,-0.11824,0.14706,0.06637,0.03786,-0.06302,0.0,0.0,-0.04572,-0.1554,-0.00343,-0.10196,-0.11575,-0.05414,0.01838,0.03669,0.01519,0.00888,0.03513,-0.01535,-0.0324,0.09223,-0.07859,0.00732,0.0,0.0,-0.00039,0.12011,b
1,0,1.0,0.5,1.0,0.25,0.25,1.0,0.16851,0.9118,-0.13336,0.80454,-0.34107,0.60793,-0.4382,0.37856,-0.43663,0.16709,-0.36676,0.00678,-0.26477,-0.09025,-0.16178,-0.12964,-0.07782,-0.12744,-0.02089,-0.10242,0.01033,-0.07036,0.02224,-0.04142,0.02249,-0.02017,g
1,0,0.05866,-0.00838,0.06704,0.00838,0.0,-0.01117,0.00559,-0.03911,0.01676,-0.07542,-0.00559,0.05307,0.06425,-0.03352,0.0,0.09497,-0.06425,0.07542,-0.04749,0.02514,0.02793,-0.00559,0.00838,0.00559,0.10335,-0.00838,0.03073,-0.00279,0.04469,0.0,0.04749,-0.03352,b
0,0,-1.0,1.0,1.0,-1.0,-1.0,1.0,0.0,0.0,1.0,1.0,-1.0,-0.1875,1.0,1.0,-1.0,-1.0,1.0,-1.0,-1.0,-1.0,1.0,1.0,1.0,-1.0,1.0,1.0,1.0,1.0,0.0,0.0,-1.0,-1.0,b
1,0,0.74916,0.02549,0.98994,0.09792,0.75855,0.12877,0.74313,-0.09188,0.95842,0.02482,0.97921,-0.00469,0.9611,0.10195,0.91482,0.03756,0.71026,0.02683,0.81221,-0.08048,1.0,0.0,0.71764,-0.01207,0.82271,0.02552,0.72435,-0.01073,0.90409,0.11066,0.72837,0.0275,g
1,0,0.69444,0.38889,0.0,0.0,-0.32937,0.69841,0.0,0.0,0.0,0.0,0.0,0.0,0.20635,-0.24206,0.21032,0.19444,0.46429,0.78175,0.0,0.0,0.0,0.0,0.73413,0.27381,0.7619,0.63492,0.0,0.0,0.0,0.0,0.0,0.0,b
1,0,0.86689,0.3595,0.72014,0.66667,0.37201,0.83049,0.08646,0.85893,-0.24118,0.86121,-0.51763,0.67577,-0.68714,0.41524,-0.77019,0.09898,-0.69397,-0.13652,-0.49488,-0.42207,-0.32537,-0.57679,-0.02844,-0.59954,0.1536,-0.53127,0.32309,-0.37088,0.46189,-0.19681,0.40956,0.0182,g
1,0,0.65845,0.43617,0.44681,0.74804,0.05319,0.85106,-0.32027,0.82139,-0.68253,0.52408,-0.84211,0.07111,-0.82811,-0.28723,-0.47032,-0.71725,-0.04759,-0.86002,0.23292,-0.76316,0.56663,-0.52128,0.743,-0.18645,0.74758,0.23713,0.45185,0.59071,0.20549,0.76764,-0.18533,0.74356,g
1,0,1.0,-0.45161,1.0,1.0,0.71216,-1.0,0.0,0.0,0.0,0.0,0.0,0.0,-1.0,0.14516,0.54094,-0.3933,-1.0,-0.54467,-0.69975,1.0,0.0,0.0,1.0,0.90695,0.51613,1.0,1.0,-0.20099,0.25682,1.0,-0.32382,1.0,b
1,0,0.10135,0.10811,0.0,0.0,0.0,0.0,0.5473,0.82432,0.31081,1.0,0.0,0.0,0.0,0.0,0.37162,-1.0,0.33108,-1.0,0.0,0.0,0.0,0.0,-0.42568,-1.0,1.0,-1.0,0.55405,-0.23649,0.0,0.0,0.0,0.0,b
1,0,1.0,-0.57224,0.9915,-0.73371,0.89518,-0.9745,1.0,-0.35818,1.0,-0.23229,0.6289,-0.86402,1.0,-0.57535,1.0,-0.79603,0.76771,-0.88952,0.96601,-1.0,0.7012,-0.74896,0.61946,-0.76904,0.53777,-0.77986,0.8102,-1.0,1.0,-1.0,0.30445,-0.76112,g
1,0,0.25316,0.35949,0.0,0.0,-0.2962,-1.0,0.0,0.0,0.07595,-0.07342,0.0,0.0,0.0,0.0,0.0,0.0,0.0,0.0,0.00759,0.68101,-0.2,0.33671,-0.1038,0.35696,0.0557,-1.0,0.0,0.0,0.06329,-1.0,0.0,0.0,b
1,0,0.83609,0.13215,0.72171,0.06059,0.65829,0.08315,0.23888,0.12961,0.43837,0.2033,0.49418,0.12686,0.44747,0.13507,0.29352,0.02922,0.48158,0.15756,0.32835,0.14616,0.29495,0.14638,0.26436,0.1453,0.23641,0.14314,0.26429,0.16137,0.18767,0.13632,0.16655,0.13198,g
1,0,1.0,-0.0373,1.0,-0.07383,0.99601,-0.11039,0.99838,-0.09931,0.98941,-0.13814,0.96674,-0.21695,0.95288,-0.25099,0.91236,-0.344,0.90581,-0.32152,0.89991,-0.34691,0.87874,-0.37643,0.86213,-0.4299,0.83172,-0.43122,0.81433,-0.42593,0.77919,-0.47977,0.75115,-0.50152,g
1,0,1.0,0.09091,0.95455,-0.09091,0.77273,0.0,1.0,0.0,0.95455,0.0,1.0,0.04545,0.90909,-0.04545,1.0,0.0,1.0,0.0,0.86364,0.09091,0.77273,0.09091,0.90909,0.04545,0.91541,0.02897,0.95455,0.09091,0.86364,-0.09091,0.86364,0.04545,g
1,0,0.96087,0.0862,0.9676,0.19279,0.96026,0.27451,0.98044,0.35052,0.92867,0.46281,0.86265,0.52517,0.8282,0.58794,0.73242,0.69065,0.69003,0.7314,0.54473,0.6882,0.48339,0.76197,0.40615,0.74689,0.33401,0.83796,0.24944,0.86061,0.13756,0.86835,0.09048,0.86285,g
1,0,0.91353,0.81586,-0.72973,1.0,-0.39466,0.55735,0.05405,0.2973,-0.18599,-0.10241,-0.03158,-0.0897,0.01401,-0.03403,0.01108,-0.00537,0.00342,0.00097,0.00048,0.00075,-3e-05,0.00019,-3e-05,2e-05,-1e-05,0.0,0.0,0.0,0.0,0.0,0.0,0.0,b
1,0,0.0,0.0,-1.0,-0.62766,1.0,0.51064,0.07979,-0.23404,-1.0,-0.3617,0.12766,-0.59043,1.0,-1.0,0.0,0.0,0.82979,-0.07979,-0.25,1.0,0.17021,-0.70745,0.0,0.0,-0.19149,-0.46809,-0.2234,-0.48936,0.74468,0.90426,-0.67553,0.45745,b
1,0,0.71253,-0.02595,0.41287,-0.23067,0.98019,-0.09473,0.99709,-0.10236,1.0,-0.10951,0.58965,1.0,0.83726,-1.0,0.8227,-0.17863,0.8076,-0.28257,-0.25914,0.9273,0.51933,0.05456,0.65493,-0.20392,0.93124,-0.41307,0.63811,-0.21901,0.86136,-0.87354,-0.23186,-1.0,b
1,0,0.63816,1.0,0.20833,-1.0,1.0,1.0,0.87719,0.30921,-0.66886,1.0,-0.05921,0.58772,0.01754,0.05044,-0.51535,-1.0,0.14254,-0.03289,0.32675,-0.4386,-1.0,1.0,0.80921,-1.0,1.0,-0.0614,1.0,1.0,0.20614,-1.0,1.0,1.0,b
1,0,0.74468,0.10638,0.88706,0.00982,0.88542,0.01471,0.87234,-0.01418,0.7305,0.10638,0.87657,0.02912,0.87235,0.03382,0.95745,0.07801,0.95035,0.04255,0.85597,0.04743,0.84931,0.05178,0.87234,0.11348,0.83429,0.06014,0.74468,-0.03546,0.8171,0.068,0.80774,0.07173,g
1,0,1.0,0.04078,1.0,0.11982,1.0,0.16159,1.0,0.27921,0.98703,0.30889,0.92745,0.37639,0.91118,0.39749,0.81939,0.46059,0.78619,0.46994,0.794,0.56282,0.70331,0.58129,0.67077,0.59723,0.58903,0.6099,0.53952,0.60932,0.45312,0.63636,0.40442,0.62658,g
1,0,0.29202,0.13582,0.45331,0.16808,0.51783,-0.00509,0.52632,0.20883,0.52462,-0.16638,0.47368,-0.04754,0.55518,0.03905,0.81664,-0.22411,0.42445,-0.04244,0.34975,0.06621,0.28183,-0.20883,0.51731,-0.03176,0.50369,-0.03351,0.34635,0.09847,0.70798,-0.01868,0.39559,-0.03226,g
1,0,1.0,0.24077,0.99815,0.00369,0.80244,-0.30133,0.89919,-0.23486,0.70643,-0.24077,0.73855,-0.30539,0.71492,-0.36078,0.47194,-0.61189,0.40473,-0.55059,0.61041,-0.39328,0.53176,-0.32681,0.23966,-0.52142,0.29208,-0.4839,0.12777,-0.39143,0.15657,-0.51329,0.18353,-0.46603,g
1,0,1.0,-0.08183,1.0,-0.11326,0.99246,-0.29802,1.0,-0.33075,0.96662,-0.34281,0.85788,-0.47265,0.91904,-0.4817,0.73084,-0.65224,0.68131,-0.63544,0.8245,-0.78316,0.58829,-0.74785,0.67033,-0.96296,0.48757,-0.85669,0.37941,-0.83893,0.24117,-0.88846,0.29221,-0.89621,g
1,0,0.79847,0.38265,0.80804,-0.16964,1.0,-0.07653,0.98151,-0.07398,0.70217,0.20663,0.99745,0.02105,0.98214,0.02487,1.0,-0.13074,0.95663,0.07717,1.0,0.00191,0.90306,0.30804,1.0,-0.14541,1.0,-0.00394,0.75638,0.07908,1.0,-0.1875,1.0,-0.0574,g
1,0,1.0,1.0,0.367,0.06158,0.12993,0.92713,-0.27586,0.93596,-0.31527,0.37685,-0.87192,0.36946,-0.92857,-0.08867,-0.38916,-0.34236,-0.46552,-0.82512,-0.05419,-0.93596,0.25616,-0.20443,0.73792,-0.4595,0.85471,-0.06831,1.0,1.0,0.3867,0.00246,0.17758,0.7979,g
0,0,1.0,-1.0,1.0,1.0,1.0,1.0,1.0,1.0,1.0,1.0,1.0,-1.0,1.0,1.0,1.0,1.0,1.0,-1.0,1.0,-1.0,1.0,-1.0,1.0,-1.0,1.0,1.0,1.0,-1.0,1.0,1.0,1.0,1.0,b
