1,0,0.7983,0.09417,0.78129,0.20656,0.71628,0.28068,0.6932,0.41252,0.65917,0.50122,0.57898,0.60814,0.4921,0.58445,0.33354,0.67861,0.29587,0.63548,0.09599,0.68104,0.02066,0.72236,-0.08748,0.63183,-0.11925,0.60696,-0.18226,0.56015,-0.25516,0.51701,-0.27339,0.42467,g
1,0,0.39179,-0.06343,0.97464,0.04328,1.0,1.0,0.35821,0.15299,0.54478,0.1306,0.61567,-0.8209,0.57836,0.6791,0.66791,-0.10448,0.46642,-0.11567,0.65574,0.14792,0.83209,0.45522,0.47015,0.16418,0.49309,0.1463,0.32463,-0.02612,0.39118,0.13521,0.34411,0.12755,b
1,0,1.0,1.0,0.0,0.0,1.0,-1.0,-1.0,-1.0,1.0,1.0,1.0,-1.0,0.0,0.0,1.0,-1.0,1.0,1.0,0.0,0.0,1.0,-1.0,-1.0,-1.0,1.0,1.0,-1.0,1.0,-1.0,1.0,0.0,0.0,b
1,0,1.0,0.03529,1.0,0.18281,1.0,0.26968,1.0,0.25068,1.0,0.28778,1.0,0.38643,1.0,0.31674,1.0,0.65701,1.0,0.53846,1.0,0.61267,1.0,0.59457,0.89593,0.68326,0.89502,0.71374,0.85611,0.67149,0.74389,0.85611,0.71493,0.75837,g
1,0,0.94333,0.38574,0.48263,0.64534,0.21572,0.77514,-0.55941,0.64899,-0.73675,0.42048,-0.76051,0.0,-0.62706,-0.31079,-0.38391,-0.62157,-0.12797,-0.69287,0.49909,-0.6362,0.71481,-0.3766,0.73857,-0.05484,0.60098,0.30384,0.45521,0.60512,0.02742,0.54479,-0.21572,0.50457,g
1,0,1.0,-0.16316,1.0,-0.10169,0.99999,-0.15197,1.0,-0.19277,0.94055,-0.35151,0.95735,-0.29785,0.93719,-0.34412,0.94486,-0.28106,0.90137,-0.43383,0.86043,-0.47308,0.82987,-0.5122,0.8408,-0.47137,0.76224,-0.5837,0.65723,-0.68794,0.68714,-0.64537,0.64727,-0.67226,g
1,0,0.66161,-1.0,1.0,1.0,1.0,-0.67321,0.80893,-0.40446,1.0,-1.0,1.0,-0.89375,1.0,0.73393,0.17589,0.70982,1.0,0.78036,1.0,0.85268,1.0,-1.0,1.0,0.85357,1.0,-0.08571,0.95982,-0.3625,1.0,0.65268,1.0,0.34732,b
1,0,1.0,0.0838,1.0,0.17387,1.0,-0.13308,0.98172,0.6452,1.0,0.47904,1.0,0.59113,1.0,0.70758,1.0,0.82777,1.0,0.95099,1.0,1.0,0.98042,1.0,0.91624,1.0,0.83899,1.0,0.74822,1.0,0.64358,1.0,0.52479,1.0,g
0,0,-1.0,1.0,1.0,1.0,0.0,0.0,1.0,-1.0,1.0,-1.0,1.0,-1.0,-1.0,-1.0,0.0,0.0,-1.0,-1.0,0.0,0.0,0.0,0.0,-1.0,-1.0,1.0,-1.0,1.0,1.0,-1.0,-1.0,0.0,0.0,b
1,0,1.0,-0.05529,1.0,-1.0,0.5,-0.11111,0.36111,-0.22222,1.0,-0.25712,0.16667,-0.11111,1.0,-0.3466,1.0,-0.38853,1.0,-0.42862,0.0,-0.25,1.0,-0.50333,1.0,-0.27778,1.0,-0.57092,1.0,-0.27778,1.0,-0.63156,1.0,-0.65935,b
1,0,-0.205,0.2875,0.23,0.1,0.2825,0.3175,0.3225,0.35,0.36285,-0.34617,0.0925,0.275,-0.095,0.21,-0.0875,0.235,-0.34187,0.31408,-0.48,-0.08,0.29908,0.33176,-0.58,-0.24,0.3219,-0.28475,-0.47,0.185,-0.27104,-0.31228,0.40445,0.0305,b
1,0,0.80627,0.13069,0.73061,0.24323,0.64615,0.19038,0.36923,0.45577,0.44793,0.46439,0.25,0.57308,0.25192,0.37115,0.15215,0.51877,-0.09808,0.575,-0.03462,0.42885,-0.08856,0.44424,-0.14943,0.40006,-0.1994,0.34976,-0.23832,0.29541,-0.26634,0.23896,-0.23846,0.31154,g
1,0,0.64122,0.01403,0.34146,-0.02439,0.52751,0.03466,0.19512,0.12195,0.43313,0.04755,0.21951,0.04878,0.29268,0.0,0.36585,0.0,0.31707,0.07317,0.26829,0.12195,0.23698,0.05813,0.21951,0.09756,0.19304,0.05641,0.1741,0.05504,0.19512,0.0,0.17073,0.07317,g
1,0,0.0,0.0,0.0,0.0,0.0,0.0,0.0,0.0,0.0,0.0,-1.0,1.0,1.0,0.55172,0.0,0.0,0.0,0.0,0.0,0.0,0.0,0.0,0.0,0.0,1.0,1.0,0.0,0.0,0.0,0.0,0.0,0.0,b
0,0,1.0,1.0,1.0,-1.0,0.0,0.0,0.0,0.0,1.0,1.0,1.0,1.0,-1.0,-1.0,1.0,-1.0,-1.0,1.0,0.0,0.0,1.0,-1.0,1.0,-1.0,1.0,1.0,-1.0,-1.0,0.0,0.0,0.0,0.0,b
1,0,0.79157,0.16851,0.0,0.0,0.56541,0.06874,0.39468,1.0,0.38359,0.99557,-0.02439,0.53215,0.23725,0.1286,-0.02661,0.95122,-0.50998,0.84922,-0.102,0.38803,-0.42572,0.23725,-0.91574,0.8071,-0.34146,0.88248,-1.0,0.69401,-1.0,0.1286,0.0,0.0,b
1,0,1.0,0.11385,0.70019,-0.12144,0.81594,0.09677,0.71157,0.01139,0.56167,-0.0778,0.6907,0.12524,0.58634,0.03985,0.53131,-0.03416,0.6945,0.16888,0.72676,0.07211,0.32068,0.05882,0.53321,0.37381,0.4909,0.17951,0.1518,0.32448,0.44141,0.18897,0.56167,0.1518,g
1,0,0.1859,-0.16667,0.0,0.0,0.0,0.0,0.0,0.0,0.0,0.0,0.11538,-0.19071,0.0,0.0,0.0,0.0,0.0,0.0,0.0,0.0,-0.05128,-0.06571,0.07853,0.08974,0.17308,-0.10897,0.125,0.09615,0.02564,-0.04808,0.16827,0.19551,b
0,0,0.0,0.0,-1.0,1.0,1.0,1.0,-1.0,-1.0,0.0,0.0,-1.0,-1.0,-1.0,-0.3125,-1.0,-1.0,1.0,-1.0,1.0,-1.0,0.0,0.0,1.0,-1.0,-1.0,-1.0,0.0,0.0,1.0,-1.0,0.0,0.0,b
1,0,0.4375,0.04167,0.58333,-0.10417,0.39583,0.0,0.33333,-0.0625,0.47917,0.0,0.29167,0.10417,0.54167,0.02083,0.4375,-0.22917,0.35417,-0.22917,0.33333,0.08333,0.25,0.1875,0.39583,-0.1875,0.44012,-0.10064,0.41667,-0.08333,0.58333,-0.3125,0.33333,-0.0625,g
1,0,-1.0,-1.0,1.0,1.0,1.0,-0.14375,0.0,0.0,-1.0,1.0,1.0,1.0,0.17917,-1.0,-1.0,-1.0,0.0875,-1.0,1.0,-1.0,-1.0,1.0,-1.0,-1.0,1.0,-1.0,-1.0,-1.0,1.0,1.0,0.0,0.0,b
1,0,0.41932,0.12482,0.35,0.125,0.23182,0.27955,-0.03636,0.44318,0.04517,0.36194,-0.19091,0.33636,-0.1335,0.27322,0.02727,0.40455,-0.34773,0.12727,-0.20028,0.05078,-0.18636,0.36364,-0.14003,-0.04802,-0.09971,-0.07114,-1.0,-1.0,-0.02916,-0.07464,-0.00526,-0.06314,b
1,0,0.83789,0.42904,0.72113,0.58385,0.45625,0.78115,0.1647,0.82732,-0.13012,0.86947,-0.46177,0.78497,-0.59435,0.5207,-0.7847,0.26529,-0.84014,0.03928,-0.62041,-0.31351,-0.47412,-0.48905,-0.37298,-0.67796,-0.05054,-0.62691,0.1469,-0.45911,0.37093,-0.39167,0.48319,-0.24313,g
1,0,-1.0,1.0,-1.0,0.15244,0.28354,1.0,-1.0,1.0,-1.0,-1.0,1.0,1.0,-1.0,-0.23476,0.28301,-1.0,1.0,1.0,-0.31402,-1.0,-1.0,-1.0,1.0,-1.0,-1.0,-0.03578,1.0,-1.0,-1.0,-0.32317,0.14939,1.0,b
1,0,-1.0,0.28105,0.22222,0.15033,-0.75693,-0.70984,-0.30719,0.71242,-1.0,1.0,-0.81699,0.33987,-0.79085,-0.02614,-0.98039,-0.83007,-0.60131,-0.54248,-0.04575,-0.83007,0.94118,-0.94118,-1.0,-0.43137,0.74385,0.09176,-1.0,0.05229,0.18301,0.02614,-0.40201,-0.48241,b
1,0,1.0,-0.08714,1.0,-0.17263,0.86635,-0.81779,0.94817,0.61053,0.95473,-0.41382,0.88486,-0.31736,0.87937,-0.23433,0.81051,-0.6218,0.12245,-1.0,0.90284,0.11053,0.62357,-0.78547,0.55389,-0.82868,0.48136,-0.86583,0.4065,-0.89674,0.32984,-0.92128,-0.13341,-1.0,g
1,0,0.35346,-0.13768,0.69387,-0.02423,0.68195,-0.03574,0.55717,-0.06119,0.61836,-0.10467,0.62099,-0.06527,0.59361,-0.07289,0.42271,-0.26409,0.58213,0.04992,0.49736,-0.08771,0.46241,-0.08989,0.45008,-0.00564,0.39146,-0.09038,0.35588,-0.10306,0.32232,-0.08637,0.28943,-0.083,g
1,0,0.95202,0.02254,0.93757,-0.01272,0.93526,0.01214,0.96705,-0.01734,0.96936,0.0052,0.95665,-0.03064,0.9526,-0.00405,0.9948,-0.02659,0.99769,0.01792,0.93584,-0.04971,0.93815,-0.0237,0.97052,-0.04451,0.96215,-0.01647,0.97399,0.01908,0.95434,-0.0341,0.95838,0.00809,g
1,0,0.84713,-0.03397,0.86412,-0.08493,0.81953,0.0,0.73673,-0.07643,0.71975,-0.13588,0.74947,-0.11677,0.77495,-0.18684,0.78132,-0.21231,0.61996,-0.10191,0.79193,-0.15711,0.89384,-0.03397,0.84926,-0.26115,0.74115,-0.23312,0.66242,-0.22293,0.72611,-0.37792,0.65817,-0.24841,g
1,0,1.0,-0.02401,0.9414,0.06531,0.92106,-0.23255,0.77152,-0.16399,0.52798,-0.20275,0.56409,-0.00712,0.34395,-0.27457,0.5294,-0.2178,0.45107,-0.17813,0.05982,-0.35575,0.02309,-0.52879,0.03286,-0.65158,0.1329,-0.53206,0.02431,-0.62197,-0.05707,-0.59573,-0.04608,-0.65697,g
1,0,0.99539,-0.05889,0.85243,0.02306,0.83398,-0.37708,1.0,0.0376,0.85243,-0.17755,0.59755,-0.44945,0.60536,-0.38223,0.84356,-0.38542,0.58212,-0.32192,0.56971,-0.29674,0.36946,-0.47357,0.56811,-0.51171,0.41078,-0.46168,0.21266,-0.3409,0.42267,-0.54487,0.18641,-0.453,g
1,0,0.79378,0.29492,0.64064,0.52312,0.41319,0.68158,0.14177,0.83548,-0.16831,0.78772,-0.42911,0.72328,-0.57165,0.41471,-0.75436,0.16755,-0.69977,-0.09856,-0.57695,-0.23503,-0.40637,-0.38287,-0.17437,-0.5254,0.01523,-0.48707,0.1903,-0.38059,0.31008,-0.23199,0.34572,-0.08036,g
1,0,0.9287,0.33164,0.76168,0.62349,0.49305,0.84266,0.21592,0.95193,-0.13956,0.96167,-0.47202,0.8359,-0.70747,0.6549,-0.87474,0.3675,-0.91814,0.05595,-0.89824,-0.26173,-0.73969,-0.54069,-0.50757,-0.74735,-0.22323,-0.86122,0.0781,-0.87159,0.36021,-0.78057,0.59407,-0.6027,g
1,0,0.7479,0.0084,0.83312,0.01659,0.82638,0.02469,0.86555,0.01681,0.60504,0.05882,0.79093,0.04731,0.77441,0.05407,0.64706,0.19328,0.84034,0.04202,0.71285,0.07122,0.68895,0.07577,0.66387,0.08403,0.63728,0.08296,0.61345,0.01681,0.58187,0.08757,0.5533,0.08891,g
1,0,1.0,-1.0,0.0,0.0,0.77941,-0.99265,0.80882,0.55147,-0.41912,-0.94853,0.0,0.0,0.0,0.0,0.72059,-0.77206,0.73529,-0.60294,0.0,0.0,0.18382,-1.0,-1.0,-1.0,-1.0,-1.0,1.0,-1.0,1.0,-1.0,0.0,0.0,b
