1,0,1.0,1.0,1.0,-1.0,1.0,-1.0,1.0,1.0,1.0,1.0,1.0,1.0,1.0,-1.0,1.0,1.0,1.0,1.0,1.0,1.0,1.0,1.0,1.0,1.0,1.0,0.5,0.0,0.0,1.0,-1.0,1.0,-1.0,b
1,0,0.98455,-0.02736,0.98058,-0.04104,1.0,-0.07635,0.9872,0.01456,0.95278,-0.02604,0.985,-0.07458,0.99382,-0.07149,0.97396,-0.09532,0.97264,-0.12224,0.99294,-0.05252,0.95278,-0.08914,0.97352,-0.08341,0.96653,-0.12912,0.93469,-0.14916,0.97132,-0.15755,0.96778,-0.188,g
1,0,0.90116,0.16607,0.79299,0.37379,0.7299,0.50515,0.59784,0.72997,0.44303,0.81152,0.24412,0.87493,0.06438,0.85038,-0.12611,0.87396,-0.28739,0.79617,-0.46635,0.65924,-0.57135,0.53805,-0.68159,0.39951,-0.71844,0.25835,-0.72369,0.11218,-0.71475,-0.05525,-0.67699,-0.19904,g
1,0,0.31034,-0.10345,0.24138,-0.10345,0.2069,-0.06897,0.07405,-0.05431,0.03649,-0.03689,0.01707,-0.02383,0.00741,-0.01482,0.00281,-0.00893,0.00078,-0.00523,-3e-05,-0.00299,-0.00028,-0.00166,-0.00031,-0.0009,-0.00025,-0.00048,-0.00018,-0.00024,-0.00012,-0.00012,-8e-05,-6e-05,g
1,0,0.5894,-0.60927,0.8543,0.55298,0.81126,0.07285,0.56623,0.16225,0.32781,0.24172,0.50331,0.12252,0.63907,0.19868,0.71854,0.42715,0.54305,0.13907,0.65232,0.27815,0.68874,0.07285,0.51872,0.26653,0.49013,0.27687,0.46216,0.28574,0.43484,0.29324,0.40821,0.29942,g
1,0,0.97714,0.19049,0.82683,0.46259,0.71771,0.58732,0.47968,0.84278,0.31409,0.92643,0.10289,0.93945,-0.13254,0.8429,-0.3202,0.91624,-0.52145,0.79525,-0.68274,0.49508,-0.77408,0.33537,-0.85376,0.17849,-0.83314,-0.01358,-0.82366,-0.19321,-0.67289,-0.33662,-0.59943,-0.497,g
1,0,0.66667,-0.01366,0.97404,0.06831,0.4959,0.50137,0.75683,-0.00273,0.65164,-0.14071,0.40164,-0.48907,0.39208,0.58743,0.76776,0.31831,0.78552,0.11339,0.47541,-0.44945,1.0,0.00683,0.60656,0.06967,0.68656,0.17088,0.87568,0.07787,0.55328,0.2459,0.13934,0.48087,g
1,0,1.0,0.67784,0.81309,0.82021,0.43019,1.0,0.20619,0.80541,-0.43872,1.0,-0.79135,0.77092,-1.0,0.40268,-0.39046,-0.58634,-0.97907,-0.42822,-0.73083,-0.76339,-0.37671,-0.97491,0.41366,-1.0,0.41778,-0.93296,0.25773,-1.0,0.9357,-0.35222,0.98816,0.03446,g
0,0,-1.0,1.0,0.0,0.0,0.0,0.0,-1.0,1.0,1.0,1.0,0.0,0.0,0.0,0.0,1.0,-1.0,-1.0,1.0,1.0,1.0,0.0,0.0,-1.0,-1.0,1.0,-1.0,1.0,1.0,-1.0,1.0,0.0,0.0,b
0,0,1.0,1.0,1.0,-1.0,0.0,0.0,0.0,0.0,-1.0,-1.0,0.0,0.0,0.0,0.0,-1.0,1.0,1.0,1.0,-1.0,1.0,-1.0,1.0,1.0,-1.0,1.0,1.0,-1.0,1.0,1.0,1.0,0.0,0.0,b
1,0,0.62745,-0.07843,0.72549,0.0,0.60784,-0.07843,0.62745,-0.11765,0.68627,-0.11765,0.66667,-0.13725,0.64706,-0.09804,0.54902,-0.11765,0.54902,-0.21569,0.58824,-0.19608,0.66667,-0.23529,0.45098,-0.2549,0.52409,-0.24668,0.56863,-0.31373,0.43137,-0.21569,0.47059,-0.27451,b
1,0,0.7381,0.83333,-0.7619,-0.2381,0.33333,-0.14286,0.45238,-0.14286,-0.67285,0.12808,0.33333,0.0,0.28571,-0.07143,-0.38214,0.51163,0.2381,0.02381,0.45238,0.04762,0.16667,-0.2619,-0.57255,-0.10234,0.24889,-0.51079,1.0,0.0,-0.66667,-0.04762,0.2619,0.02381,b
0,0,1.0,-1.0,1.0,-1.0,1.0,-1.0,1.0,-1.0,1.0,1.0,1.0,1.0,1.0,-1.0,1.0,1.0,1.0,1.0,1.0,1.0,1.0,-1.0,1.0,-1.0,1.0,-1.0,1.0,0.65625,0.0,0.0,1.0,-1.0,b
1,0,0.99701,0.21677,0.91966,0.4703,0.76902,0.62415,0.53312,0.7812,0.36774,0.88291,0.10107,0.83312,-0.06827,0.89274,-0.28269,0.72073,-0.43707,0.61688,-0.55769,0.4812,-0.65,0.35534,-0.64658,0.15908,-0.66651,0.02277,-0.64872,-0.13462,-0.54615,-0.22949,-0.47201,-0.35032,g
1,0,0.47337,0.19527,0.06213,-0.18343,0.62316,0.01006,0.45562,-0.04438,0.56509,0.01775,0.44675,0.27515,0.71598,-0.03846,0.55621,0.12426,0.4142,0.11538,0.52767,0.02842,0.51183,-0.10651,0.47929,-0.02367,0.46514,0.03259,0.5355,0.25148,0.31953,-0.14497,0.34615,-0.00296,g
1,0,0.95217,0.06595,0.93614,0.1303,0.90996,0.19152,0.84881,-0.49962,0.90023,0.6132,0.77937,0.34328,0.72254,0.37988,0.66145,0.40844,0.95472,0.59862,0.53258,0.44088,0.46773,0.44511,0.4044,0.44199,0.34374,0.43221,0.9033,1.0,0.23405,0.3962,0.18632,0.37191,g
1,0,-0.65625,0.15625,0.0625,0.0,0.0,0.0625,0.625,0.0625,0.1875,0.0,-0.03125,0.09375,0.0625,0.0,0.15625,-0.15625,0.4375,-0.375,0.0,-0.09375,0.0,0.0,0.03125,-0.46875,0.03125,0.0,-0.71875,0.03125,-0.03125,0.0,0.0,0.09375,b
1,0,1.0,0.05149,0.99363,0.10123,0.96142,0.14756,0.95513,-0.26496,0.66026,0.54701,0.80426,0.25283,0.73781,0.2738,0.66775,0.28714,0.59615,0.29304,0.52494,0.292,0.45582,0.28476,0.39023,0.27226,0.3293,0.25553,0.27381,0.23568,0.22427,0.21378,0.18086,0.19083,g
1,0,0.67547,0.04528,0.76981,-0.10566,0.77358,0.03774,0.66038,-0.04528,0.64528,0.01132,0.66792,-0.13962,0.72075,-0.02264,0.76981,0.08679,0.61887,-0.07925,0.75849,-0.23774,0.73962,-0.14717,0.84906,-0.15094,0.73886,-0.05801,0.66792,0.02264,0.86415,0.03774,0.73208,0.00755,g
1,0,0.88116,0.27475,0.72125,0.42881,0.61559,0.63662,0.38825,0.90502,0.09831,0.96128,-0.20097,0.892,-0.35737,0.775,-0.65114,0.6221,-0.78768,0.45535,-0.81856,0.19095,-0.83943,-0.08079,-0.78334,-0.26356,-0.67557,-0.45511,-0.54732,-0.60858,-0.30512,-0.667,-0.19312,-0.75597,g
1,0,1.0,0.45455,1.0,0.54545,0.81818,0.63636,1.0,-0.09091,1.0,0.0,0.81818,-0.45455,0.63636,0.27273,1.0,-0.63636,1.0,-0.27273,0.90909,-0.45455,1.0,0.0775,1.0,-0.09091,1.0,0.08867,1.0,0.36364,1.0,0.63636,0.72727,0.27273,g
1,0,0.93147,0.29282,0.79917,0.55756,0.59952,0.71596,0.26203,0.92651,0.04636,0.96748,-0.23237,0.9513,-0.55926,0.81018,-0.73329,0.62385,-0.90995,0.362,-0.92254,0.0604,-0.93618,-0.19838,-0.83192,-0.46906,-0.65165,-0.69556,-0.41223,-0.85725,-0.1359,-0.93953,0.10007,-0.94823,g
1,0,1.0,0.54902,0.62745,1.0,0.01961,1.0,-0.4902,0.92157,-0.82353,0.58824,-1.0,0.11765,-0.96078,-0.33333,-0.64706,-0.68627,-0.23529,-0.86275,0.35294,-1.0,0.7451,-0.72549,0.92157,-0.21569,0.92874,0.21876,0.72549,0.56863,0.23529,0.90196,-0.11765,0.90196,g
1,0,0.76627,0.21106,0.63935,0.38112,0.48409,0.525,0.15,0.22273,0.13753,0.59565,-0.07727,0.44545,0.0,0.48636,-0.27491,0.42014,-0.56136,0.36818,-0.36591,0.18864,-0.40533,0.07588,-0.38483,-0.03229,-0.33942,-0.12486,-0.2754,-0.19714,-0.19962,-0.24648,-0.11894,-0.27218,g
1,0,0.44444,0.44444,0.53695,0.90763,-0.22222,1.0,-0.33333,0.88889,-1.0,0.33333,-1.0,-0.11111,-1.0,-0.22222,-0.66667,-0.77778,0.55556,-1.0,-0.22222,-0.77778,0.77778,-0.22222,0.33333,0.0,0.9212,0.45019,0.57454,0.84353,0.22222,1.0,-0.55556,1.0,g
1,0,0.81143,0.03714,0.85143,-0.00143,0.79,0.00714,0.79571,-0.04286,0.87571,0.0,0.85571,-0.06714,0.86429,0.00286,0.82857,-0.05429,0.81,-0.11857,0.76857,-0.08429,0.84286,-0.05,0.77,-0.06857,0.81598,-0.08669,0.82571,-0.10429,0.81429,-0.05,0.82143,-0.15143,g
1,0,0.0,0.0,1.0,0.12889,0.88444,-0.02,0.0,0.0,1.0,-0.42444,1.0,0.19556,1.0,-0.05333,1.0,-0.81556,0.0,0.0,1.0,-0.04,1.0,-0.18667,0.0,0.0,1.0,-1.0,0.0,0.0,1.0,0.11778,0.90667,-0.09556,b
1,0,0.42708,-0.5,0.0,0.0,0.0,0.0,0.46458,0.51042,0.58958,0.02083,0.0,0.0,0.0,0.0,0.16458,-0.45417,0.59167,-0.18333,0.0,0.0,0.0,0.0,0.9875,-0.40833,-1.0,-1.0,-0.27917,-0.75625,0.0,0.0,0.0,0.0,b
1,0,0.96933,0.00876,1.0,0.00843,0.98658,-0.00763,0.97868,-0.02844,0.9982,-0.0351,1.0,-0.01271,1.0,-0.02581,1.0,-0.01175,0.98485,0.00025,1.0,-0.02612,1.0,-0.04744,0.96019,-0.04527,0.99188,-0.03473,0.9702,-0.02478,1.0,-0.03855,0.9842,-0.04112,g
1,0,0.91241,0.04347,0.94191,0.0228,0.94705,0.05345,0.93582,0.01321,0.91911,0.06348,0.92766,0.12067,0.92048,0.06211,0.88899,0.12722,0.83744,0.14439,0.80983,0.11849,0.77041,0.14222,0.75755,0.11299,0.7355,0.13282,0.66387,0.153,0.70925,0.10754,0.65258,0.11447,g
1,0,1.0,-0.5421,1.0,-1.0,1.0,-1.0,1.0,0.36217,1.0,-0.41119,1.0,1.0,1.0,-1.0,1.0,-0.29354,1.0,-0.93599,1.0,1.0,1.0,1.0,1.0,-0.40888,1.0,-0.62745,1.0,-1.0,1.0,-1.0,1.0,-1.0,b
1,0,0.92308,0.15451,0.86399,0.29757,0.72582,0.3679,0.70588,0.5683,0.57449,0.62719,0.4327,0.74676,0.31705,0.67697,0.19128,0.76818,0.04686,0.76171,-0.12064,0.76969,-0.18479,0.71327,-0.29291,0.65708,-0.38798,0.58553,-0.46799,0.50131,-0.53146,0.40732,-0.56231,0.35095,g
1,0,0.92247,-0.19448,0.96419,-0.17674,0.87024,-0.22602,0.81702,-0.2707,0.79271,-0.28909,0.70302,-0.49639,0.63338,-0.49967,0.37254,-0.70729,0.2707,-0.72109,0.40506,-0.54172,0.33509,-0.59691,0.1475,-0.63601,0.09312,-0.59589,-0.07162,-0.54928,-0.0184,-0.54074,-0.07457,-0.47898,g
1,0,0.42,-0.61,0.0,0.0,1.0,-1.0,0.9,1.0,0.43,0.64,0.0,0.0,0.0,0.0,0.67,-0.29,0.84,-1.0,0.0,0.0,0.0,0.0,0.21,0.68,1.0,0.22,0.0,0.0,0.0,0.0,0.0,0.0,b
0,0,0.0,0.0,1.0,1.0,0.0,0.0,1.0,1.0,0.0,0.0,1.0,-1.0,0.0,0.0,0.0,0.0,0.0,0.0,0.0,0.0,0.0,0.0,0.0,0.0,1.0,-1.0,0.0,0.0,-1.0,1.0,0.0,0.0,b
