0,0,1.0,1.0,1.0,-1.0,1.0,1.0,-1.0,1.0,0.0,0.0,1.0,1.0,0.0,0.0,0.0,0.0,-1.0,1.0,-1.0,1.0,1.0,1.0,1.0,-1.0,1.0,1.0,1.0,1.0,1.0,-1.0,-1.0,1.0,b
1,0,1.0,-0.14754,1.0,0.04918,0.57377,-0.01639,0.65574,0.01639,0.85246,-0.03279,0.72131,0.0,0.68852,-0.16393,0.19672,-0.14754,0.65558,-0.17176,0.67213,0.03279,1.0,-0.29508,0.31148,-0.34426,0.52385,-0.20325,0.32787,-0.03279,0.27869,-0.44262,0.4918,-0.06557,b
1,0,0.67065,0.02528,0.66626,0.05031,0.57197,0.18761,0.08776,0.34081,0.63621,0.12131,0.62099,0.14285,0.78637,0.10976,0.58373,0.18151,0.14395,0.41224,0.53888,0.21326,0.5142,0.22625,0.48838,0.23724,0.46167,0.24618,0.43433,0.25306,0.40663,0.25792,1.0,0.33036,g
1,0,0.97467,0.13082,0.9412,0.20036,0.88783,0.32248,0.89009,0.32711,0.8555,0.45217,0.72298,0.52284,0.69946,0.5882,0.58548,0.66893,0.48869,0.70398,0.44245,0.68159,0.35289,0.75622,0.26832,0.7621,0.16813,0.78541,0.07497,0.80439,-0.02962,0.77702,-0.10289,0.74242,g
1,0,0.28409,-0.31818,0.0,0.0,0.68182,-1.0,0.30682,0.95833,0.64394,0.06439,0.34848,-0.84848,0.0,0.0,0.59091,-0.35985,0.45076,-0.80682,0.0,0.0,0.0,0.0,0.24242,0.17803,1.0,-0.23864,0.06061,-0.48485,0.16288,-0.70076,0.0,0.0,b
1,0,0.47938,-0.12371,0.42784,-0.12371,0.70103,-0.39175,0.73196,0.07216,0.26289,-0.21649,0.49485,0.15979,0.45361,-0.11856,0.42268,0.06186,0.5,-0.2732,0.54639,0.18557,0.42268,0.08247,0.70619,0.19588,0.53396,-0.12447,0.15464,-0.26289,0.47423,0.04124,0.45361,-0.51546,g
1,0,1.0,-1.0,1.0,1.0,1.0,-1.0,1.0,-1.0,1.0,-1.0,1.0,-0.0184,1.0,-1.0,1.0,1.0,1.0,-0.85583,1.0,1.0,1.0,-1.0,0.0,0.0,1.0,1.0,1.0,-0.79141,1.0,1.0,1.0,1.0,b
1,0,0.32834,0.0252,0.15236,0.21278,0.14919,0.74003,-0.25706,0.92324,-0.10312,0.1938,-0.61352,0.25786,-0.94053,-0.05409,-0.13117,-0.14329,-0.30315,-0.44615,-0.11409,-0.85597,0.02668,-0.22786,0.27942,-0.06295,0.33737,-0.11876,0.27657,-0.11409,0.15078,0.13296,0.12197,0.20468,g
1,0,0.85271,0.05426,1.0,0.08069,1.0,1.0,0.91473,-0.00775,0.83721,0.03876,1.0,0.27153,1.0,1.0,0.81395,0.04651,0.90698,0.11628,1.0,0.5067,1.0,-1.0,0.8062,0.03876,1.0,0.71613,0.84496,0.06977,1.0,0.87317,1.0,1.0,b
1,0,1.0,1.0,-1.0,1.0,-1.0,-0.82456,0.34649,0.21053,0.46053,0.07018,0.22807,0.05702,0.35088,0.34649,0.72807,-0.03947,0.22807,0.5307,0.0,0.0,-0.29825,-0.16228,1.0,-0.66667,1.0,-1.0,1.0,-0.24561,0.35088,0.20175,0.82895,0.07895,b
1,0,0.97513,0.0071,0.98579,0.01954,1.0,0.01954,0.9929,0.01599,0.95737,0.02309,0.97158,0.03552,1.0,0.0373,0.97869,0.02131,0.98579,0.05684,0.97158,0.04796,0.94494,0.05506,0.98401,0.03552,0.9754,0.06477,0.94849,0.08171,0.99112,0.06217,0.98934,0.09947,g
1,0,1.0,0.51515,0.45455,0.33333,0.06061,0.36364,-0.32104,0.73062,-0.45455,0.48485,-0.57576,0.0,-0.57576,-0.12121,-0.33333,-0.48485,-0.09091,-0.84848,0.48485,-0.57576,0.57576,-0.42424,1.0,-0.39394,0.72961,0.12331,0.9697,0.57576,0.24242,0.36364,0.09091,0.33333,g
1,0,0.91767,0.18198,0.8609,0.35543,0.72873,0.45747,0.60425,0.69865,0.50376,0.74922,0.361,0.81795,0.15664,0.83558,0.00396,0.8521,-0.1639,0.77853,-0.35996,0.76193,-0.43087,0.65385,-0.5314,0.53886,-0.60328,0.40972,-0.64511,0.27338,-0.6571,0.13667,-0.64056,0.05394,g
1,0,0.85209,0.39252,0.38887,0.76432,0.08858,0.98903,-0.42625,0.88744,-0.76229,0.4998,-0.93092,0.10768,-0.859,-0.31044,-0.6603,-0.55262,-0.1926,-0.86063,0.28444,-0.80496,0.64649,-0.3523,0.77814,-0.23324,0.71698,0.21343,0.3783,0.5831,0.19667,0.66315,-0.11215,0.64933,g
1,0,0.17188,-1.0,-1.0,1.0,0.0,0.0,0.0,0.0,-1.0,1.0,0.0,0.0,-0.61354,-0.67708,0.80521,0.36146,0.51979,0.14375,0.0,0.0,-1.0,-0.27083,-0.84792,0.9625,1.0,1.0,-1.0,0.67708,0.0,0.0,0.0,0.0,b
1,0,1.0,-0.01081,1.0,-0.02703,1.0,-0.06486,0.95135,-0.01622,0.98919,-0.03243,0.98919,0.08649,1.0,-0.06486,0.95135,0.09189,0.97838,-0.00541,1.0,0.06486,1.0,0.04324,0.97838,0.09189,0.98556,0.01251,1.0,-0.03243,1.0,0.02703,1.0,-0.07027,g
1,0,0.87578,0.03727,0.89951,0.00343,0.8921,0.0051,0.86335,0.0,0.95031,0.07453,0.87021,0.00994,0.86303,0.01151,0.83851,-0.06211,0.85714,0.02484,0.84182,0.01603,0.83486,0.01749,0.79503,-0.04348,0.82111,0.02033,0.81988,0.08696,0.80757,0.02308,0.80088,0.02441,g
1,0,0.86284,0.1931,0.8092,0.41149,0.67203,0.55785,0.54559,0.69962,0.36705,0.81533,0.19617,0.85671,-0.04061,0.86284,-0.17241,0.75785,-0.341,0.65747,-0.48199,0.56092,-0.6023,0.40996,-0.59234,0.25747,-0.63038,0.08818,-0.57241,-0.07816,-0.54866,-0.19923,-0.42912,-0.31954,g
1,0,0.25,0.16667,0.46667,0.26667,0.19036,0.23966,0.07766,0.19939,0.0107,0.14922,-0.02367,0.10188,-0.03685,0.06317,-0.03766,0.03458,-0.0323,0.01532,-0.02474,0.00357,-0.01726,-0.00273,-0.01097,-0.00539,-0.00621,-0.00586,-0.00294,-0.0052,-0.00089,-0.00408,0.00025,-0.00291,g
1,0,0.50932,-0.93996,1.0,0.26708,-0.0352,-1.0,1.0,-1.0,0.43685,-1.0,0.0,0.0,-1.0,-0.34265,-0.37681,0.03623,1.0,-1.0,0.0,0.0,0.0,0.0,-0.16253,0.92236,0.39752,0.26501,0.0,0.0,1.0,0.23188,0.0,0.0,b
0,0,1.0,-1.0,-1.0,1.0,-1.0,1.0,1.0,1.0,1.0,1.0,-1.0,-1.0,-1.0,-1.0,1.0,1.0,1.0,-1.0,-1.0,-1.0,-1.0,-1.0,1.0,0.0,1.0,-1.0,1.0,-1.0,-1.0,1.0,-1.0,1.0,b
1,0,0.97588,-0.10602,0.94601,-0.208,0.92806,-0.2835,0.85996,-0.27342,0.79766,-0.47929,0.78225,-0.50764,0.74628,-0.61436,0.57945,-0.68086,0.37852,-0.73641,0.36324,-0.76562,0.31898,-0.79753,0.22792,-0.81634,0.13659,-0.8251,0.04606,-0.82395,-0.04262,-0.81318,-0.13832,-0.80975,g
1,0,0.88179,0.43491,0.59573,0.77655,0.19672,0.94537,-0.24103,0.92544,-0.62526,0.71257,-0.86443,0.33652,-0.92384,-0.05338,-0.77356,-0.44707,-0.4695,-0.73285,-0.10237,-0.82217,0.26384,-0.7757,0.55984,-0.5591,0.72147,-0.24433,0.72478,0.09599,0.58137,0.38915,0.34749,0.57656,g
1,0,0.94649,0.00892,0.97287,-0.0026,0.98922,0.00372,0.95801,0.01598,0.94054,0.0353,0.97213,0.04719,0.98625,0.01858,0.94277,0.07135,0.98551,-0.00706,0.9777,0.0498,0.96358,0.07098,0.93274,0.08101,0.95243,0.04356,0.97473,0.00818,0.97845,0.07061,1.0,-0.0026,g
1,0,1.0,0.06655,1.0,-0.18388,1.0,-0.2732,1.0,-0.43107,1.0,-0.41349,0.96232,-0.51874,0.90711,-0.59017,0.8923,-0.66474,0.69876,-0.70997,0.70645,-0.7632,0.63081,-0.80544,0.55867,-0.89128,0.47211,-0.865,0.40303,-0.83675,0.30996,-0.89093,0.22995,-0.89158,g
1,0,0.08696,0.00686,0.13959,-0.04119,0.10526,-0.08238,0.12586,-0.06178,0.23341,-0.01144,0.12357,0.0778,0.14645,-0.13501,0.29062,-0.04805,0.18993,0.07323,0.1167,0.0,0.11213,-0.00229,0.15103,-0.10297,0.08467,0.01373,0.11213,-0.06636,0.09611,-0.07323,0.1167,-0.06865,b
1,0,0.49515,0.09709,0.29612,0.05825,0.34951,0.0,0.57282,-0.02427,0.58252,0.02427,0.33495,0.04854,0.52427,0.00485,0.47087,-0.1068,0.43204,0.00485,0.34951,0.05825,0.18932,0.25728,0.31068,-0.15049,0.36547,0.03815,0.3932,0.17476,0.26214,0.0,0.37379,-0.01942,g
0,0,1.0,-1.0,1.0,1.0,1.0,1.0,1.0,1.0,1.0,1.0,1.0,-1.0,1.0,-1.0,1.0,1.0,1.0,-1.0,1.0,1.0,1.0,1.0,1.0,-1.0,1.0,1.0,1.0,-1.0,1.0,1.0,1.0,-1.0,b
1,0,0.93537,0.13645,0.93716,0.25359,0.85705,0.38779,0.79039,0.47127,0.72352,0.59942,0.6526,0.75,0.5083,0.73586,0.41629,0.82742,0.25539,0.85952,0.13712,0.85615,0.00494,0.88869,-0.07361,0.7978,-0.20995,0.78004,-0.33169,0.71454,-0.38532,0.64363,-0.47419,0.55835,g
1,0,1.0,-1.0,1.0,1.0,1.0,1.0,1.0,-0.5,1.0,1.0,1.0,1.0,1.0,1.0,0.0,0.0,1.0,1.0,1.0,1.0,1.0,-1.0,1.0,1.0,1.0,0.625,1.0,-0.75,-0.75,1.0,1.0,1.0,b
0,0,0.0,0.0,0.0,0.0,0.0,0.0,0.0,0.0,0.0,0.0,-1.0,-1.0,0.0,0.0,1.0,0.75,0.0,0.0,0.0,0.0,-1.0,1.0,0.0,0.0,1.0,-1.0,-1.0,-1.0,1.0,1.0,0.0,0.0,b
1,0,1.0,0.11765,1.0,0.23529,1.0,0.41176,1.0,0.05882,1.0,0.23529,1.0,0.11765,1.0,0.47059,1.0,-0.05882,1.0,-0.11765,1.0,0.35294,1.0,0.41176,1.0,-0.11765,1.0,0.20225,1.0,0.05882,1.0,0.35294,1.0,0.23529,g
0,0,1.0,1.0,-1.0,-1.0,-1.0,-1.0,0.0,0.0,0.0,0.0,-1.0,-1.0,0.0,0.0,0.0,0.0,0.0,0.0,-1.0,1.0,1.0,1.0,0.0,0.0,1.0,-1.0,0.0,0.0,-1.0,-1.0,-1.0,-1.0,b
1,0,0.19466,0.05725,0.04198,0.25191,-0.10557,0.48866,-0.18321,-0.18321,-0.41985,0.06107,-0.4542,0.0916,-0.16412,-0.30534,-0.10305,-0.39695,0.18702,-0.17557,0.34012,-0.11953,0.28626,-0.16031,0.21645,0.24692,0.03913,0.31092,-0.03817,0.26336,-0.16794,0.16794,-0.30153,-0.33588,g
1,0,0.7087,-0.24783,0.64348,0.04348,0.45217,0.38261,0.65217,0.18261,0.5,0.26957,0.57826,-0.23043,0.50435,0.37826,0.38696,-0.42609,0.36087,-0.26087,0.26957,0.11739,0.53246,-0.03845,0.31304,-0.12174,0.4993,-0.04264,0.48348,-0.04448,0.64348,-0.25217,0.50435,0.14783,g
