1,0,1.0,0.05149,0.99363,0.10123,0.96142,0.14756,0.95513,-0.26496,0.66026,0.54701,0.80426,0.25283,0.73781,0.2738,0.66775,0.28714,0.59615,0.29304,0.52494,0.292,0.45582,0.28476,0.39023,0.27226,0.3293,0.25553,0.27381,0.23568,0.22427,0.21378,0.18086,0.19083,g
0,0,0.0,0.0,0.0,0.0,0.0,0.0,0.0,0.0,0.0,0.0,0.0,0.0,0.0,0.0,0.0,0.0,0.0,0.0,0.0,0.0,0.0,0.0,0.0,0.0,1.0,-1.0,0.0,0.0,0.0,0.0,0.0,0.0,b
1,0,0.89706,0.38235,0.91176,0.375,0.74265,0.67647,0.45588,0.77941,0.19118,0.88971,-0.02206,0.86029,-0.20588,0.82353,-0.375,0.67647,-0.5,0.47794,-0.73529,0.38235,-0.86029,0.08824,-0.74265,-0.125,-0.67925,-0.24131,-0.55147,-0.42647,-0.44118,-0.50735,-0.28676,-0.56618,g
1,0,1.0,-0.0373,1.0,-0.07383,0.99601,-0.11039,0.99838,-0.09931,0.98941,-0.13814,0.96674,-0.21695,0.95288,-0.25099,0.91236,-0.344,0.90581,-0.32152,0.89991,-0.34691,0.87874,-0.37643,0.86213,-0.4299,0.83172,-0.43122,0.81433,-0.42593,0.77919,-0.47977,0.75115,-0.50152,g
1,0,1.0,0.0507,1.0,0.10827,1.0,0.19498,1.0,0.28453,1.0,0.34826,1.0,0.38261,0.94575,0.42881,0.89126,0.50391,0.75906,0.58801,0.80644,0.59962,0.79578,0.62758,0.66643,0.63942,0.59417,0.69435,0.49538,0.72684,0.47027,0.71689,0.33381,0.75243,g
1,0,1.0,0.08013,0.96775,-0.00482,0.96683,-0.00722,0.8798,-0.03923,1.0,0.01419,0.96186,-0.01436,0.95947,-0.01671,0.98497,0.01002,0.91152,-0.08848,0.95016,-0.02364,0.94636,-0.02591,0.98164,0.02003,0.93772,-0.03034,1.0,-0.05843,0.92774,-0.03464,0.92226,-0.03673,g
1,0,0.88853,0.01631,0.92007,0.01305,0.92442,0.01359,0.89179,-0.10223,0.90103,-0.08428,0.9304,-0.01033,0.93094,-0.08918,0.86025,-0.05057,0.89451,-0.04024,0.88418,-0.12126,0.88907,-0.11909,0.8298,-0.14138,0.86453,-0.11808,0.85536,-0.13051,0.83524,-0.12452,0.86786,-0.12235,g
1,0,0.83789,0.42904,0.72113,0.58385,0.45625,0.78115,0.1647,0.82732,-0.13012,0.86947,-0.46177,0.78497,-0.59435,0.5207,-0.7847,0.26529,-0.84014,0.03928,-0.62041,-0.31351,-0.47412,-0.48905,-0.37298,-0.67796,-0.05054,-0.62691,0.1469,-0.45911,0.37093,-0.39167,0.48319,-0.24313,g
1,0,1.0,0.51515,0.45455,0.33333,0.06061,0.36364,-0.32104,0.73062,-0.45455,0.48485,-0.57576,0.0,-0.57576,-0.12121,-0.33333,-0.48485,-0.09091,-0.84848,0.48485,-0.57576,0.57576,-0.42424,1.0,-0.39394,0.72961,0.12331,0.9697,0.57576,0.24242,0.36364,0.09091,0.33333,g
1,0,0.75564,0.49638,0.8355,0.54301,0.54916,0.72063,0.35225,0.70792,0.13469,0.94749,-0.09818,0.93778,-0.37604,0.82223,-0.52742,0.71161,-0.68358,0.67989,-0.70163,0.24956,-0.79147,0.02995,-0.98988,-0.29099,-0.70352,-0.32792,-0.63312,-0.19185,-0.34131,-0.60454,-0.19609,-0.62956,g
1,0,0.34694,0.20408,0.46939,0.2449,0.40816,0.20408,0.46939,0.44898,0.30612,0.59184,0.12245,0.55102,0.0,0.5102,-0.06122,0.55102,-0.20408,0.55102,-0.28571,0.44898,-0.28571,0.32653,-0.61224,0.22449,-0.46579,0.14895,-0.59184,0.18367,-0.34694,0.0,-0.26531,-0.2449,g
0,0,-1.0,-1.0,0.0,0.0,-1.0,1.0,1.0,-0.375,0.0,0.0,0.0,0.0,0.0,0.0,1.0,-1.0,-1.0,-1.0,1.0,-1.0,0.0,0.0,1.0,-1.0,-1.0,1.0,-1.0,-1.0,0.0,0.0,-1.0,1.0,b
1,0,0.79157,0.16851,0.0,0.0,0.56541,0.06874,0.39468,1.0,0.38359,0.99557,-0.02439,0.53215,0.23725,0.1286,-0.02661,0.95122,-0.50998,0.84922,-0.102,0.38803,-0.42572,0.23725,-0.91574,0.8071,-0.34146,0.88248,-1.0,0.69401,-1.0,0.1286,0.0,0.0,b
0,0,1.0,-1.0,1.0,1.0,1.0,1.0,1.0,1.0,1.0,1.0,1.0,-1.0,1.0,-1.0,1.0,1.0,1.0,-1.0,1.0,1.0,1.0,1.0,1.0,-1.0,1.0,1.0,1.0,-1.0,1.0,1.0,1.0,-1.0,b
1,0,1.0,1.0,-1.0,1.0,-1.0,-0.82456,0.34649,0.21053,0.46053,0.07018,0.22807,0.05702,0.35088,0.34649,0.72807,-0.03947,0.22807,0.5307,0.0,0.0,-0.29825,-0.16228,1.0,-0.66667,1.0,-1.0,1.0,-0.24561,0.35088,0.20175,0.82895,0.07895,b
0,0,-1.0,-1.0,1.0,-1.0,-1.0,1.0,0.0,0.0,1.0,-1.0,1.0,-1.0,0.0,0.0,0.0,0.0,0.0,0.0,-1.0,1.0,1.0,-1.0,-1.0,1.0,1.0,1.0,0.0,0.0,1.0,0.5,0.0,0.0,b
0,0,-0.22766,-0.15701,0.34736,-0.13252,0.08763,-0.11807,0.52831,-0.39569,0.53505,0.11077,-0.00982,0.45523,0.96283,0.12904,0.77194,0.76631,0.05025,-0.47516,1.0,0.35675,-1.0,0.03802,1.0,-0.48,1.0,1.0,1.0,0.0535,1.0,0.18183,0.34855,1.0,b
0,0,0.96099,0.24768,0.18636,-0.36608,0.24691,-0.81365,0.02575,0.03543,0.92394,0.38138,-0.35852,0.17791,1.0,-0.67011,1.0,1.0,0.0856,0.41587,0.92761,-0.01653,-0.32491,0.27337,0.60653,-0.14342,0.99265,-0.49064,0.53048,0.24108,-0.50205,0.45683,0.11578,0.04748,b
1,0,1.0,0.5,1.0,0.25,0.25,1.0,0.16851,0.9118,-0.13336,0.80454,-0.34107,0.60793,-0.4382,0.37856,-0.43663,0.16709,-0.36676,0.00678,-0.26477,-0.09025,-0.16178,-0.12964,-0.07782,-0.12744,-0.02089,-0.10242,0.01033,-0.07036,0.02224,-0.04142,0.02249,-0.02017,g
1,0,0.6351,-0.04388,0.7653,0.02968,0.61432,0.36028,0.65358,-0.00462,0.64203,0.08314,0.79446,-0.43418,0.72517,0.54965,0.59584,0.13857,0.6351,0.2194,0.63279,-0.25404,0.70951,0.15359,0.64665,0.23095,0.68775,0.17704,0.61663,0.07621,0.66316,0.19841,0.69053,0.36721,g
1,0,0.0,0.0,0.0,0.0,0.0,0.0,0.0,0.0,0.0,0.0,-1.0,1.0,1.0,0.55172,0.0,0.0,0.0,0.0,0.0,0.0,0.0,0.0,0.0,0.0,1.0,1.0,0.0,0.0,0.0,0.0,0.0,0.0,b
0,0,0.04245,-1.0,0.35853,1.0,0.06412,-0.26775,1.0,-0.3423,1.0,-0.60504,0.03159,-0.60722,0.72423,-0.06922,0.87982,-0.77012,-0.43537,0.75362,-1.0,0.02976,-0.34699,-1.0,1.0,-0.19993,0.54327,0.40507,0.04815,-1.0,1.0,-0.1638,0.66508,0.19411,b
1,0,0.90608,-0.01657,0.98122,-0.01989,0.95691,-0.03646,0.85746,0.0011,0.89724,-0.03315,0.89061,-0.01436,0.90608,-0.0453,0.91381,-0.00884,0.80773,-0.12928,0.88729,0.01215,0.92155,-0.0232,0.9105,-0.02099,0.89147,-0.0776,0.82983,-0.17238,0.96022,-0.03757,0.87403,-0.16243,g
0,0,0.0,0.0,0.0,0.0,1.0,-1.0,0.0,0.0,-1.0,-1.0,0.0,0.0,0.0,0.0,1.0,1.0,-1.0,-1.0,0.0,0.0,0.0,0.0,1.0,1.0,1.0,1.0,0.0,0.0,1.0,1.0,0.0,0.0,b
1,0,1.0,0.0,1.0,0.0,0.66667,0.11111,1.0,-0.11111,0.88889,-0.11111,1.0,-0.22222,0.77778,0.0,0.77778,0.0,1.0,-0.11111,0.77778,-0.11111,0.66667,-0.11111,0.66667,0.0,0.90347,-0.05352,1.0,0.11111,0.88889,-0.11111,1.0,0.0,g
1,0,0.75255,1.0,0.76858,-0.01127,0.49738,0.00791,0.06802,-0.08193,0.85373,0.76854,1.0,-1.0,0.00408,-0.49359,0.59997,-0.03833,-0.44972,-0.86586,0.89654,-0.3923,0.38965,0.3459,0.92251,-0.32056,0.832,1.0,1.0,0.31623,-0.08715,-0.15071,-1.0,0.01247,b
1,0,0.66667,-0.01366,0.97404,0.06831,0.4959,0.50137,0.75683,-0.00273,0.65164,-0.14071,0.40164,-0.48907,0.39208,0.58743,0.76776,0.31831,0.78552,0.11339,0.47541,-0.44945,1.0,0.00683,0.60656,0.06967,0.68656,0.17088,0.87568,0.07787,0.55328,0.2459,0.13934,0.48087,g
1,0,0.83427,0.39121,0.5404,0.78579,0.12326,0.89402,-0.33221,0.83578,-0.70086,0.59564,-0.86622,0.21909,-0.84442,-0.24164,-0.59714,-0.61894,-0.19354,-0.87787,0.12439,-0.89064,0.51109,-0.72454,0.79143,-0.27734,0.83008,0.08718,0.66592,0.49079,0.37542,0.70011,-0.03983,0.79444,g
1,0,-1.0,0.31458,0.20436,-0.07751,0.33537,0.06566,0.14415,-0.26973,0.47502,1.0,0.088,0.42354,0.32414,0.19665,1.0,0.2778,0.09135,-0.06599,-0.09229,0.72184,0.43976,0.40485,0.47658,0.98389,1.0,0.50721,0.91812,-1.0,0.84869,0.14959,-0.23325,0.0343,b
0,0,0.07553,-0.13197,-0.08896,-0.40165,1.0,-0.208,0.80221,-0.30647,1.0,0.18958,0.3415,0.09258,0.26534,0.61718,0.93963,1.0,0.74357,-0.0352,0.7879,0.18129,-0.54849,-0.49326,1.0,-0.28238,1.0,0.34944,-1.0,-0.13135,0.32433,1.0,-0.02015,0.24484,b
1,0,-0.14338,0.05017,0.22201,-0.28407,0.41574,-0.4726,0.3607,0.00966,1.0,-0.10136,0.71183,0.3371,-1.0,-1.0,0.65846,-0.80329,0.6429,-0.27098,1.0,0.06648,0.14991,0.81946,0.92398,0.87495,0.26709,-0.512,-0.03335,0.39325,-0.13943,0.35624,0.02002,0.2696,b
0,0,0.24914,-0.71794,0.41486,-0.27463,-0.41211,0.0084,0.32463,-0.42793,1.0,1.0,-0.2106,1.0,0.79346,-0.4392,0.02709,-0.34515,1.0,0.15612,0.01774,1.0,1.0,0.64366,1.0,-0.21569,1.0,0.72339,-0.27802,1.0,1.0,-1.0,-0.26333,0.02354,b
0,0,0.56415,-0.68811,0.53738,-0.15276,0.16364,0.02593,0.35029,0.07944,1.0,0.59928,1.0,1.0,-0.19875,-0.23316,-0.32009,0.30982,1.0,-0.11562,1.0,1.0,-1.0,-0.30701,-0.17592,-0.57017,0.91191,1.0,-0.10152,-1.0,-0.02204,-0.08369,0.15885,-0.70361,b
0,0,-1.0,1.0,-1.0,-1.0,0.0,0.0,-1.0,1.0,1.0,-1.0,-1.0,-1.0,-1.0,1.0,0.0,0.0,-1.0,-1.0,-1.0,1.0,0.0,0.0,1.0,-1.0,1.0,1.0,1.0,-1.0,1.0,1.0,0.0,0.0,b
1,0,0.69444,0.38889,0.0,0.0,-0.32937,0.69841,0.0,0.0,0.0,0.0,0.0,0.0,0.20635,-0.24206,0.21032,0.19444,0.46429,0.78175,0.0,0.0,0.0,0.0,0.73413,0.27381,0.7619,0.63492,0.0,0.0,0.0,0.0,0.0,0.0,b
1,0,0.01975,0.00705,0.0409,-0.00846,0.02116,0.01128,0.01128,0.04372,0.00282,0.00141,0.01975,-0.03103,-0.01975,0.06065,-0.0409,0.0268,-0.02398,-0.00423,0.04372,-0.02539,0.01834,0.0,0.0,-0.01269,0.01834,-0.01128,0.00564,-0.01551,-0.01693,-0.02398,0.00705,0.0,b
1,0,0.97467,0.13082,0.9412,0.20036,0.88783,0.32248,0.89009,0.32711,0.8555,0.45217,0.72298,0.52284,0.69946,0.5882,0.58548,0.66893,0.48869,0.70398,0.44245,0.68159,0.35289,0.75622,0.26832,0.7621,0.16813,0.78541,0.07497,0.80439,-0.02962,0.77702,-0.10289,0.74242,g
1,0,0.52542,-0.0339,0.94915,0.08475,0.52542,-0.16949,0.30508,-0.01695,0.50847,-0.13559,0.64407,0.28814,0.83051,-0.35593,0.54237,0.01695,0.55932,0.0339,0.59322,0.30508,0.86441,0.05085,0.40678,0.15254,0.67287,-0.00266,0.66102,-0.0339,0.83051,-0.15254,0.76271,-0.10169,g
1,0,1.0,-1.0,0.0,0.0,0.77941,-0.99265,0.80882,0.55147,-0.41912,-0.94853,0.0,0.0,0.0,0.0,0.72059,-0.77206,0.73529,-0.60294,0.0,0.0,0.18382,-1.0,-1.0,-1.0,-1.0,-1.0,1.0,-1.0,1.0,-1.0,0.0,0.0,b
1,0,0.84373,-0.94942,-0.34532,-0.15451,0.8105,-0.32253,1.0,-0.0629,0.31095,-0.52448,-0.12616,0.25027,-0.15721,-0.46465,0.46626,-0.39229,0.33304,-0.82304,-1.0,0.32701,-1.0,1.0,0.97047,-1.0,0.01099,0.33909,1.0,-0.48641,0.18174,0.33693,-0.24668,-0.11525,b
1,0,0.94531,-0.03516,-1.0,-0.33203,-1.0,-0.01563,0.97266,0.01172,0.93359,-0.01953,-1.0,0.16406,-1.0,-0.00391,0.95313,-0.03516,0.92188,-0.02734,-0.99219,0.11719,-0.93359,0.34766,0.95703,-0.00391,0.82041,0.13758,0.90234,-0.06641,-1.0,-0.1875,-1.0,-0.34375,b
0,0,-0.18684,-0.86756,0.47106,0.65643,-0.10267,-1.0,1.0,-0.03786,-0.49908,-1.0,0.34982,0.35258,-0.23729,-0.04,1.0,0.04066,0.30164,-0.9468,-0.82917,0.05327,0.14674,1.0,-1.0,-0.50716,-0.10306,0.15227,0.91395,-1.0,0.54574,-0.40816,0.55433,0.15705,b
1,0,1.0,-1.0,1.0,1.0,1.0,1.0,1.0,-0.5,1.0,1.0,1.0,1.0,1.0,1.0,0.0,0.0,1.0,1.0,1.0,1.0,1.0,-1.0,1.0,1.0,1.0,0.625,1.0,-0.75,-0.75,1.0,1.0,1.0,b
0,0,0.0,0.0,-1.0,-1.0,1.0,1.0,-1.0,1.0,-1.0,1.0,1.0,-1.0,1.0,1.0,-1.0,-1.0,-1.0,1.0,1.0,-1.0,-1.0,1.0,-1.0,1.0,1.0,-1.0,-1.0,1.0,-1.0,-1.0,1.0,-1.0,b
1,0,0.0,0.0,0.0,0.0,0.0,0.0,0.0,0.0,0.62195,1.0,0.0,0.0,0.0,0.0,0.36585,-0.71951,0.56098,-1.0,0.0,0.0,0.0,0.0,0.0,0.0,1.0,0.10976,0.0,0.0,0.0,0.0,0.0,0.0,b
