50000,1,2,1,33,0,0,0,0,0,0,97190,48290,49633,48707,19623,13673,1787,2130,1184,13604,496,523,1
260000,1,1,2,31,-1,-1,-1,-1,-1,-1,500,0,832,0,284,463,0,832,0,284,463,0,1
50000,1,1,2,29,-1,-1,-1,-1,-1,-1,759,360,360,360,360,360,360,360,360,360,360,360,0
10000,1,2,2,29,2,2,0,0,2,2,5948,5716,7132,8477,8292,9861,0,1500,1500,0,1604,212,1
500000,2,1,2,45,-2,-2,-2,-2,-2,-2,0,0,1742,27291,0,0,0,1742,27291,0,0,6386,0
50000,2,2,1,40,0,0,0,0,0,0,31934,32711,34061,32672,32479,33431,2000,3000,3000,3000,2000,1000,1
40000,2,5,1,48,0,0,0,0,0,0,36581,37896,40262,40370,39970,39970,1926,3292,1400,0,0,0,0
20000,1,2,2,44,0,0,0,-1,-1,-1,19157,20011,18768,1261,390,390,1500,1768,1261,390,390,390,0
220000,2,1,1,30,2,2,0,0,0,0,150682,139629,136020,115942,54611,42363,0,6824,2726,1239,2953,112742,0
80000,2,1,3,25,0,-1,-1,-1,-1,-1,8900,1136,720,478,219,0,1136,727,478,219,0,0,0
100000,2,2,2,35,0,0,0,0,0,0,100207,94080,75428,76450,77503,64119,4026,3100,3050,3000,2300,2700,0
80000,2,2,1,24,2,2,-1,0,0,0,3177,-13,4229,4161,4042,6807,0,4242,1032,1000,2812,2248,1
30000,2,1,2,23,2,0,0,0,0,0,25366,26554,27435,28270,28632,30193,2000,2000,2000,1500,2400,1100,1
100000,2,1,2,42,0,0,2,0,0,0,93256,99710,97051,98342,56639,57388,8300,0,4100,3000,2500,2233,0
50000,2,1,2,26,2,0,0,2,2,2,25875,27132,29695,30908,30112,32123,2000,3000,2000,0,2500,0,1
50000,1,1,2,27,0,0,0,2,2,2,17468,48675,36287,30691,29901,49293,32400,4000,1200,0,20000,2000,0
60000,2,3,2,26,-1,2,-1,-1,0,0,4837,3642,6232,6444,3783,3219,0,6472,6444,3219,0,0,0
200000,2,1,2,29,-1,-1,-1,0,0,-1,2116,0,9781,29313,49113,732,0,9781,20000,20000,732,1005,0
10000,1,3,2,23,0,0,0,0,0,0,8604,8594,9259,9733,9528,9513,1600,1351,1215,400,200,166,0
200000,2,3,1,51,1,-1,-1,-2,-2,-2,0,1221,0,0,0,0,1221,0,0,0,0,0,0
390000,2,1,2,29,0,0,0,0,0,0,89953,107947,60313,55769,65835,72177,25000,35127,20000,12000,7500,15000,0
500000,1,1,1,37,0,0,2,0,0,0,474934,507062,491956,430637,376657,356636,40024,325,15296,12137,12312,14113,0
400000,2,3,2,49,1,-1,-1,-1,-1,-1,0,877,33508,9506,8967,4326,877,33508,9506,8967,4326,5420,0
420000,2,1,1,32,-1,-1,-2,-2,-2,-2,8871,358,0,0,20,0,358,0,0,20,0,0,0
210000,1,3,2,32,0,0,0,0,0,0,204157,211065,206043,181945,52712,3574,10059,10120,8256,5000,4036,153904,0
300000,1,1,1,40,-2,-2,-2,-2,-2,-2,5649,5649,5649,5699,5466,19878,5649,5649,5699,5616,20272,0,0
190000,2,2,2,40,0,0,0,0,0,0,182923,183436,162537,157497,155297,153594,8059,7741,7201,4815,4927,5380,1
70000,1,2,1,31,0,0,0,0,0,0,61177,62076,63806,126005,66451,20200,5300,3500,2154,7800,555,1000,1
20000,1,2,1,40,1,2,3,2,3,3,14829,17267,16706,18694,19049,18459,3000,0,2560,955,0,661,0
50000,2,3,1,44,0,0,0,0,0,0,47497,47122,46789,37465,27450,28025,2306,2400,2000,983,1018,1030,0
210000,2,1,1,47,-2,-2,-2,-2,-2,-2,234,0,0,0,0,0,0,0,0,0,0,2197,0
300000,1,2,1,44,0,0,2,2,0,0,223211,239061,239874,233894,169520,160385,21000,6000,3662,6000,6000,6000,0
100000,1,2,1,46,1,2,2,0,0,0,22648,23978,23312,24617,25109,25654,2000,0,2000,1200,1100,1200,1
50000,1,2,1,47,-1,-1,-1,2,0,-1,390,390,780,780,390,390,390,780,390,0,390,0,0
180000,2,2,1,24,0,0,-2,-1,-1,-2,6272,0,0,1000,2190,0,0,0,1000,2190,0,384,0
180000,2,3,2,45,0,0,0,2,0,0,76942,77952,80269,66855,67128,67257,4003,5603,3,2504,2511,3021,0
50000,2,1,2,24,0,0,2,0,0,0,48483,52167,51052,50116,20181,19702,4500,0,2000,19000,1000,800,1
500000,1,1,1,37,0,0,2,0,0,0,474934,507062,491956,430637,376657,356636,40024,325,15296,12137,12312,14113,0
30000,2,2,2,25,0,0,2,2,2,2,23657,26568,27456,27915,27185,28806,3300,1600,1200,0,2200,0,1
180000,2,1,2,26,-1,-1,-1,-1,-1,-1,17517,27856,16285,9632,15025,53941,28000,16370,9676,15098,54207,87358,0
360000,1,1,1,36,-2,-2,-2,-2,-2,-2,1814,6545,0,0,0,0,6545,0,0,0,0,259,0
50000,2,2,1,50,0,0,0,0,0,0,21956,20439,20691,17081,16234,16330,2000,1306,1206,1000,697,532,0
50000,1,3,1,50,-1,-1,-1,-1,-1,-1,7056,2840,1413,2890,4715,1262,2840,1413,2890,4715,1262,5483,0
180000,2,1,1,35,-1,-1,-1,2,-1,-1,3544,-36,163,163,1772,148,0,1000,0,2000,0,5000,0
50000,2,3,1,56,0,0,0,0,0,-1,45652,44037,40517,29734,16198,16669,1734,5000,1000,10160,16669,692,0
230000,2,1,1,28,1,2,0,0,0,0,207128,195825,199659,157434,160009,155825,6300,9264,6116,6128,5765,5956,1
500000,2,1,2,35,0,0,0,0,0,0,3994,11230,10925,11795,14384,15806,11160,1244,1114,2703,3435,402,0
390000,1,1,2,47,-1,-1,-2,-1,-1,-1,898,0,0,2582,128,6273,0,0,2582,128,6273,0,0
450000,2,1,1,39,-2,-2,-2,-2,-2,-2,8494,24178,5307,118852,11489,26518,25128,5318,118877,11489,26518,3575,0
200000,2,1,2,29,-1,-1,-1,0,0,-1,2116,0,9781,29313,49113,732,0,9781,20000,20000,732,1005,0
30000,2,2,2,22,0,0,2,0,0,0,30028,30566,30560,30194,30113,23212,2634,1000,1377,1211,1000,3690,0
20000,1,2,2,25,1,2,0,0,-1,0,20873,20240,20365,19565,9928,12758,4,1378,1203,15460,3000,2000,1
140000,2,2,2,24,-1,-1,-1,-2,-1,0,22732,6624,-514,-1334,2125,1606,6624,0,0,3731,0,0,0
90000,2,3,1,55,0,0,0,0,0,0,39731,38272,36858,35447,33465,31680,2000,2000,2000,1400,1400,1712,0
160000,2,2,2,44,1,-2,-1,-1,-1,-1,-4,-4,3454,0,3312,0,0,3458,0,3312,0,0,0
30000,2,2,2,25,1,2,2,0,0,-1,30937,32627,31827,32080,30890,990,2500,0,1200,0,990,8721,0
500000,2,2,1,38,0,0,0,0,0,0,80460,79689,74664,70270,66053,63924,3527,3030,3028,2513,2100,2524,0
210000,2,2,1,41,-1,0,-1,-1,-1,-1,13340,42862,9584,7978,6728,6728,42000,9600,7978,6728,6728,6728,0
50000,2,2,1,34,-2,-1,0,0,0,0,50680,50655,50710,50503,40140,-21364,50702,2033,1776,2000,29000,59901,0
150000,1,2,1,35,1,-2,-2,-2,-2,-2,-18,-18,-18,-18,-18,-18,0,0,0,0,0,0,0
290000,2,1,2,35,-2,-2,-1,-1,0,0,2348,10421,566,12008,19820,17135,10421,566,12008,8012,343,2630,0
230000,2,1,2,31,-2,-2,-2,-2,-2,-2,-7,6785,0,147,0,0,6792,0,147,0,0,176,0
180000,2,2,1,38,-1,2,2,-1,0,0,7098,4089,0,8941,5181,5181,0,0,8941,0,0,0,1
20000,2,2,2,22,0,0,2,2,2,2,4400,4883,2829,3920,1997,1317,4500,0,1700,0,100,0,1
150000,2,3,2,28,2,0,0,0,0,0,107603,109835,110255,110247,110955,105145,5500,5500,5300,3853,4000,4000,0
180000,2,2,1,48,-1,-1,-1,-1,-2,-2,4498,-2,760,0,0,245,0,762,0,0,245,884,0
160000,2,1,1,36,-1,-1,0,-1,-1,-1,1714,2845,3342,171,1770,837,2845,1000,171,1770,837,299,0
150000,2,3,2,28,2,0,0,0,0,0,107603,109835,110255,110247,110955,105145,5500,5500,5300,3853,4000,4000,0
330000,1,3,1,37,-2,-2,-2,-2,-2,-2,0,0,0,0,0,0,0,0,0,0,0,0,0
80000,2,3,1,44,-1,-1,-1,-1,-1,-1,817,1131,817,1907,1962,1865,1131,1000,1907,2000,2000,700,0
100000,2,1,2,33,-2,-2,-2,-2,-2,-2,3417,7366,12146,752,5931,7855,7400,12146,752,5931,7855,3966,0
60000,2,3,1,37,1,-2,-2,-2,-2,-1,0,0,0,0,0,150,0,0,0,0,150,499,0
80000,2,2,1,35,3,2,0,0,0,0,78317,71421,59564,56592,52766,48208,9,2203,3006,3005,2005,2000,1
210000,2,2,2,54,0,0,0,0,0,0,197324,201977,205800,205590,98572,90521,8000,11000,6000,4098,3500,3000,0
300000,2,2,2,39,-2,-2,-2,-2,-2,-2,1028,0,0,0,0,0,0,0,0,0,0,0,1
90000,2,2,2,23,0,0,0,-2,-1,0,28120,32429,0,0,2522,2575,5000,0,0,2522,94,111,0
30000,2,2,2,22,0,0,0,0,0,0,29449,30308,26186,27698,28987,29568,1402,2000,2000,2000,2500,2000,0
180000,1,1,1,36,0,0,0,0,0,0,85703,84298,62201,81859,78566,77491,3614,2400,23500,3800,3700,500,0
50000,1,1,2,27,0,0,0,2,2,2,17468,48675,36287,30691,29901,49293,32400,4000,1200,0,20000,2000,0
200000,1,1,1,41,-1,-1,-1,2,0,-1,1980,1802,5647,3604,1802,1802,1802,5647,0,0,1802,3829,0
280000,2,4,2,29,0,0,0,0,-2,-2,4567,5724,7184,0,0,0,2500,3000,0,0,0,0,0
10000,2,2,2,37,-1,-1,-1,-1,0,0,6993,4165,5794,9576,7818,7580,6495,5794,9585,7580,152,390,0
300000,2,1,2,31,-1,-1,-1,-1,-1,-1,720,0,69190,0,686,2927,0,69190,0,686,2927,2995,0
50000,1,2,2,27,0,0,0,0,0,0,47452,48663,50297,36164,37616,39062,2000,2500,2000,2000,2000,2000,1
240000,2,2,2,27,0,-1,0,-1,0,-1,30589,2225,3708,20694,19771,38603,2239,3700,20739,10003,40115,8756,0
210000,2,2,2,38,0,0,0,0,0,0,76418,78798,82525,84353,87835,79481,5000,5000,3200,5000,3000,2500,0
210000,2,1,1,34,0,0,0,0,0,0,73329,74261,75602,76062,76287,76971,2700,3500,3300,3000,3000,3000,0
100000,2,3,1,46,0,0,2,2,0,0,80402,86137,84998,85627,78245,79929,8000,1100,3000,3000,3100,3100,0
220000,2,1,1,49,-2,-2,-2,-2,-2,-2,0,0,0,0,4488,540,0,0,0,4488,540,0,1
20000,1,1,2,27,0,0,0,0,0,0,19483,18956,18742,19738,15627,15753,1258,1404,1400,399,604,2500,0
60000,2,3,1,33,1,2,0,0,2,0,56326,54833,56105,59338,57870,57884,0,2750,4850,0,2180,2400,0
440000,2,2,1,39,0,0,0,0,0,0,58639,66698,43399,44534,25341,20000,30000,2000,24534,5000,20000,20839,0
500000,2,1,2,37,-2,-2,-2,-2,-2,-2,747,0,0,989,0,0,0,0,989,0,0,880,0
20000,2,2,2,39,0,0,0,0,0,0,20885,20373,19391,20085,19938,0,2157,1660,1300,541,0,0,0
210000,2,1,2,33,1,-2,-2,-2,-2,-2,0,0,0,0,0,0,0,0,0,0,0,0,0
20000,2,3,1,52,0,0,0,2,0,0,10248,11271,13513,12999,14456,16313,1501,2743,0,1686,2089,0,1
230000,2,1,2,44,0,0,0,0,0,0,230101,224517,223544,147971,61570,80279,10125,12966,5506,1623,80000,105451,0
130000,2,2,2,42,1,2,2,2,2,2,117391,119378,121993,123503,124578,127434,5400,6000,5000,4600,5000,5100,0
30000,2,1,2,24,0,0,0,0,0,0,26094,27095,28158,29385,29665,30446,1440,1503,1730,1010,1206,1949,0
230000,2,1,2,42,-2,-2,-2,-2,-2,-2,107,529,135,108,830,2536,529,135,108,830,2536,0,0
240000,2,2,2,59,0,0,0,0,0,0,230026,239796,231230,196471,190004,161867,20000,12000,7000,8000,6000,6205,0
500000,1,1,1,31,1,-2,-2,-2,-1,0,0,0,0,0,881,881,0,0,0,881,0,0,1
400000,2,3,2,49,1,-1,-1,-1,-1,-1,0,877,33508,9506,8967,4326,877,33508,9506,8967,4326,5420,0
240000,2,1,2,30,1,-2,-2,-2,-2,-2,0,0,0,0,0,0,0,0,0,0,0,0,0
80000,2,5,2,33,-2,-2,-1,0,0,0,5833,0,15728,9265,10400,0,0,15728,1500,1400,0,0,0
250000,2,2,2,55,-2,-2,-1,-1,0,0,603,1867,2470,3887,4731,8710,1867,2661,3887,1000,4000,1000,0
280000,2,2,2,35,0,0,0,0,0,0,259637,259593,261595,267359,236734,231064,10028,12500,13106,231064,15004,8004,0
20000,1,3,2,32,1,2,0,0,0,0,20450,17861,18967,19633,18187,18568,0,1700,1300,651,674,756,1
150000,1,2,1,35,1,-2,-2,-2,-2,-2,-18,-18,-18,-18,-18,-18,0,0,0,0,0,0,0
80000,2,2,1,35,1,2,2,2,0,0,78959,76699,81477,79035,28503,29711,0,6800,0,1000,2000,1500,1
20000,2,2,1,42,1,3,2,0,0,0,21001,20372,19376,20295,19505,19964,0,0,1400,390,459,241,0
400000,1,2,1,35,0,0,0,0,-1,0,212647,148816,129580,50790,49106,40591,6000,9353,10000,49106,2000,2000,0
140000,1,3,1,56,2,0,0,0,0,0,90462,93167,94370,95894,91600,93347,4212,3600,3258,3313,3258,3223,1
60000,2,2,2,25,0,0,0,0,0,0,75932,60693,50324,58688,30099,16810,3121,3000,12000,30000,12000,28618,1
360000,2,1,2,27,-2,-2,-2,-2,-2,-2,0,0,0,0,0,300,0,0,0,0,300,0,0
400000,2,1,1,29,0,0,0,0,0,0,5074,4097,7716,12538,17305,22499,1097,3716,5000,5000,5668,7000,0
130000,1,3,1,38,0,0,0,0,-1,0,6360,5375,5476,6931,99416,99702,1088,1189,2646,104590,3358,3314,0
120000,1,1,1,41,0,0,0,0,0,-1,115467,54921,56542,58023,17421,105771,2000,2500,2800,1000,109000,4200,1
130000,1,2,2,25,0,0,0,0,0,0,39074,39767,38680,5654,1938,522,1766,1521,3100,0,10,0,0
60000,1,3,1,42,0,0,0,0,0,0,19489,20496,21702,22360,19760,0,1336,1542,1200,500,0,0,0
420000,1,1,2,32,-1,-1,-1,-1,-2,-2,1100,1183,2736,0,0,0,1183,2736,0,0,0,0,0
60000,2,1,2,27,0,0,0,0,0,0,62321,61015,58160,51237,29999,28972,3000,3016,5011,1005,1000,14000,0
90000,1,2,1,45,-1,3,2,2,-1,-1,3664,3449,1776,-1170,390,390,0,0,0,1560,390,930,1
300000,2,2,1,41,-1,-1,-1,-1,-1,-1,5511,1982,2263,7412,5113,4121,1982,2267,7523,5113,4121,6532,0
150000,2,1,2,52,0,0,0,0,0,0,126810,58955,29332,36796,19912,23126,5000,13003,15000,11000,10000,3000,0
230000,2,1,2,31,-1,-1,-1,-1,-1,-1,2274,7398,5537,1247,0,1000,7398,5537,1259,0,1000,4134,0
80000,2,3,1,43,0,0,0,0,0,0,71604,73316,75039,76597,78712,81365,3500,3500,3400,4000,4000,3000,0
100000,2,2,1,30,-1,0,0,0,0,0,98048,97585,84514,85496,69656,61532,3903,8000,5000,4000,3000,2300,0
220000,1,2,1,30,0,0,0,0,0,2,15746,17537,14856,35705,25649,5018,16780,14469,35278,4647,19,8438,0
450000,1,1,2,31,1,2,2,2,-2,-2,153246,151659,10199,0,0,0,4009,2000,0,0,0,0,1
230000,2,4,2,34,0,0,0,-1,-1,-1,2223,2233,159,1772,28704,19474,1000,159,1778,28704,19474,650,0
360000,1,2,1,39,0,0,0,0,0,-1,29814,22699,16866,13618,5000,8000,1333,2500,5000,2000,8000,5000,0
390000,1,2,1,34,-2,-2,-2,-2,-2,-2,-702,-808,-1141,-1247,-1353,-1459,0,0,0,0,0,0,0
60000,2,1,2,27,0,0,0,0,0,0,62321,61015,58160,51237,29999,28972,3000,3016,5011,1005,1000,14000,0
120000,1,1,1,41,0,0,0,0,0,-1,115467,54921,56542,58023,17421,105771,2000,2500,2800,1000,109000,4200,1
170000,2,3,1,30,0,0,0,0,0,0,136639,138223,140964,138064,131845,128827,7200,7405,6022,4606,5006,4809,0
170000,2,1,1,50,-1,-1,-1,-1,-1,-1,1978,2191,3185,0,582,3779,2191,3185,0,582,3779,75,0
500000,2,2,1,34,-2,-2,-2,-2,-2,-2,17172,34674,6229,11534,12482,18192,35454,6229,11534,12564,18192,32550,0
30000,1,2,1,44,1,2,2,0,0,0,12351,13068,12568,13880,13849,14816,1216,0,1528,497,1192,0,0
50000,1,3,1,49,0,0,0,0,-2,-2,18139,9198,10000,0,0,0,1198,1000,0,0,0,0,1
470000,1,3,2,31,-1,-1,2,-1,-1,-1,8748,2442,2272,6040,6655,1200,3500,11,6080,6688,1206,0,0
130000,1,3,2,30,0,0,0,-1,-1,-1,29344,3268,6186,700,1680,0,1107,3025,707,1680,0,0,0
180000,2,1,1,33,-1,-1,-1,-1,-1,-1,7017,14824,19692,13115,24623,485,14824,19713,13117,24630,485,33283,0
360000,2,1,1,36,1,-2,-2,-2,-2,-2,-1,-1,-1,-1,-1,-1,0,0,0,0,0,0,0
500000,2,1,1,44,0,0,0,0,0,0,111937,104203,96617,97437,185322,179697,4000,4009,17446,100000,10000,20000,0
170000,2,3,2,47,-1,-1,-1,-1,-1,-1,16089,5454,8846,920,380,4765,5455,8866,921,381,4801,1632,0
90000,2,2,2,35,2,2,2,2,2,2,89282,91247,68552,67324,39573,28610,6201,0,25000,0,2235,0,0
90000,2,3,1,55,0,0,0,0,0,0,39731,38272,36858,35447,33465,31680,2000,2000,2000,1400,1400,1712,0
260000,2,1,2,37,-1,-1,-1,2,-1,-1,1050,1050,2287,1050,1050,1050,1050,2287,0,1050,1050,2174,1
30000,2,2,2,23,0,0,0,0,0,0,24607,24430,23881,24234,24853,7814,1700,1600,1287,1296,500,1550,0
280000,2,1,2,37,-1,2,-1,-1,-1,-1,2560,2343,4689,2289,1700,803,0,4689,2300,1725,803,129,1
50000,1,1,2,22,0,0,0,0,0,0,38251,34489,32252,6182,17118,8922,4000,1500,1500,2500,500,400,0
20000,2,2,2,34,0,0,0,0,0,0,18649,19727,20330,20199,19609,19957,1700,2000,1200,0,348,0,0
230000,2,2,1,35,0,0,0,0,0,-2,68755,35137,34305,22752,5123,0,1607,4305,1000,5123,0,2810,0
20000,1,3,2,32,1,2,0,0,0,0,20450,17861,18967,19633,18187,18568,0,1700,1300,651,674,756,1
50000,1,2,3,37,0,0,0,0,0,-1,50239,49642,48381,44113,8522,17948,1799,2060,1014,170,17948,188,0
20000,1,3,1,30,0,0,-1,-1,-1,-2,16925,12216,1179,1536,-301,-301,1000,1179,1536,0,0,0,1
340000,1,3,1,36,0,0,0,0,0,0,362178,303611,92112,75710,63870,52671,10116,3300,5000,10000,10000,30000,1
100000,2,2,1,43,0,0,0,0,0,-2,94713,97503,100138,99000,0,0,4366,5100,2000,0,0,0,0
80000,2,1,3,25,0,-1,-1,-1,-1,-1,8900,1136,720,478,219,0,1136,727,478,219,0,0,0
50000,1,2,2,22,0,0,0,0,0,0,38311,52702,50639,53052,47335,32489,20052,16216,8734,1018,9421,10055,0
230000,2,2,2,24,0,0,2,0,0,0,64929,65093,59349,56418,52950,49439,6000,0,3000,2000,1500,3000,0
200000,1,3,2,40,-1,-1,-1,-1,-2,-1,6154,6000,5762,0,0,3117,6000,5762,0,0,3117,2000,0
100000,1,2,1,28,0,0,0,0,0,0,74269,59948,56323,48985,23894,23402,2812,2081,2077,1003,1015,1000,0
50000,1,2,2,31,0,0,0,0,0,-1,47533,48640,49483,40850,0,800,2200,2000,3000,0,400,20000,0
90000,1,2,1,31,0,0,0,0,0,0,70329,69073,70561,72021,73912,58301,2471,2600,2633,3108,2052,1858,0
200000,2,1,2,35,0,0,0,0,0,0,65503,66805,68726,70586,72409,73926,2394,3000,3000,3000,2685,2100,0
30000,2,2,2,25,0,0,0,0,-2,-2,15767,16083,6115,0,0,0,1488,1000,0,0,0,0,0
400000,1,3,1,33,0,0,2,0,0,0,2487,4708,2192,11111,5675,5071,4009,6,10248,4721,4114,1855,1
260000,2,2,1,31,-1,-1,-1,-1,-1,-1,2224,1996,1497,-3,2138,900,2007,1501,0,2141,902,197,0
140000,1,2,1,34,0,0,0,0,0,0,32538,36002,40422,44433,28029,32386,4000,5000,5000,5000,5000,10000,0
260000,1,1,2,30,0,0,0,0,0,0,27855,28307,27842,25366,19533,14214,1259,1305,1113,528,406,211,0
180000,2,1,1,33,-1,-1,-1,-1,-1,-1,7017,14824,19692,13115,24623,485,14824,19713,13117,24630,485,33283,0
300000,1,1,1,37,-2,-2,-2,-1,-1,-2,19954,22492,20477,27206,37191,7543,23348,20477,27206,177202,7543,13719,0
200000,2,2,2,27,-1,-1,-1,0,-1,-1,13285,2150,14122,27413,35377,29922,2155,14122,23007,7212,29922,37790,0
200000,2,3,1,42,-1,-1,-1,-1,-1,-1,858,1406,3673,0,150,609,1406,3673,0,150,609,939,0
30000,1,2,1,44,1,2,2,0,0,0,12351,13068,12568,13880,13849,14816,1216,0,1528,497,1192,0,0
70000,2,2,1,48,-1,-1,-1,-1,0,-1,3838,1930,6384,4286,2333,930,1930,6384,4292,0,930,1422,0
260000,2,2,1,31,-1,-1,-1,-1,-1,-1,2224,1996,1497,-3,2138,900,2007,1501,0,2141,902,197,0
30000,2,3,2,38,2,0,0,2,0,0,24524,25546,28820,28538,28208,29326,1426,3700,718,1500,1500,3000,1
120000,2,1,2,32,-1,2,0,-1,-1,-1,1192,696,1210,1799,1594,1255,0,1179,1799,1594,1255,1133,0
140000,1,1,2,28,-2,-2,-2,-2,-2,-2,933,1768,3169,5041,389,3065,1768,3169,5041,389,3065,1112,0
110000,1,1,2,29,0,0,0,0,0,0,106698,104546,100272,92615,92657,93364,6000,4800,4300,3600,3500,3600,0
200000,2,1,2,31,-2,-2,-2,-2,-2,-2,0,0,0,0,0,0,0,0,0,0,0,0,0
80000,2,3,1,43,0,0,0,0,0,0,71604,73316,75039,76597,78712,81365,3500,3500,3400,4000,4000,3000,0
160000,1,3,1,33,0,0,0,0,-2,-2,25058,20624,16280,0,0,0,1344,1000,0,0,0,0,0
240000,2,1,1,44,-2,-2,-2,-2,-2,-2,2771,4756,3496,4708,1522,2407,4756,3496,4708,1522,2407,1576,0
20000,2,2,1,30,1,-2,-1,2,2,-2,0,0,780,780,0,0,0,780,0,0,0,0,1
240000,2,2,1,43,-1,-1,-2,-1,-1,-1,54,0,0,177,199,559,0,0,177,200,559,0,0
20000,2,3,2,45,0,0,0,0,0,0,14381,15701,17137,18541,18909,19464,1564,2000,2000,677,860,1000,1
30000,1,1,1,37,1,2,2,0,0,2,20829,22689,22043,23367,24983,25437,2500,0,2000,2000,1000,0,1
160000,2,3,1,34,-2,-2,-2,-2,-2,-2,717,594,1217,697,650,691,597,1223,700,653,691,17,0
240000,1,2,1,31,2,0,-1,2,2,-1,60511,41296,2181,1175,-13,2487,2300,2185,4,0,2500,0,1
300000,2,1,1,38,-1,0,0,0,0,0,15230,16212,17239,18237,18600,17939,1222,1249,1247,610,611,616,0
90000,2,2,1,48,0,0,0,0,0,0,43810,44504,46174,47193,48105,49327,1723,2393,2090,2000,2000,1803,0
400000,2,2,1,39,-2,-2,-2,-2,-2,-2,52306,3638,11649,24140,5803,5937,3656,11713,24265,7832,5966,9363,0
110000,1,1,2,29,0,0,0,0,0,0,47982,43735,41840,40199,39612,27926,1809,2012,1504,1502,1514,1007,0
240000,1,1,1,38,-1,-1,-1,-1,-1,-1,3833,4890,4157,14342,11411,3006,4890,4164,14371,11411,3006,13336,0
50000,1,1,2,27,0,0,0,2,2,2,17468,48675,36287,30691,29901,49293,32400,4000,1200,0,20000,2000,0
290000,2,2,1,41,0,0,2,0,0,0,4783,7239,6957,4954,7221,6988,2552,0,1000,5000,2500,3659,0
200000,2,2,2,27,-1,-1,-1,0,-1,-1,13285,2150,14122,27413,35377,29922,2155,14122,23007,7212,29922,37790,0
160000,1,3,1,33,0,0,0,0,-2,-2,25058,20624,16280,0,0,0,1344,1000,0,0,0,0,0
50000,2,2,1,45,0,0,0,0,0,0,39944,41180,41870,8469,8411,8361,2124,2037,1130,295,302,296,0
80000,1,1,2,27,0,0,0,0,0,-1,74413,76817,74554,43727,16307,1755,7000,3000,1400,326,1755,0,0
230000,2,1,2,31,-2,-2,-2,-2,-2,-2,-7,6785,0,147,0,0,6792,0,147,0,0,176,0
200000,1,1,2,27,-1,-1,-1,0,0,0,3592,3622,7990,10392,7042,5692,3622,7990,6000,0,2000,5000,1
440000,1,1,2,39,0,0,0,0,0,0,120448,115977,104887,86807,71641,12420,3939,3506,3589,3061,1031,1044,0
210000,2,1,1,40,1,2,2,2,0,0,66635,56729,73783,58144,27617,14695,0,20012,24,33,0,223,0
390000,1,1,1,47,-1,-1,-1,-1,-1,-1,5768,8843,18982,11700,0,2978,8875,19051,11754,0,2978,0,0
230000,2,2,2,28,-1,-1,-1,-1,-1,-1,2454,1197,4556,4316,4316,4316,1197,4566,4316,4316,4316,4316,0
300000,1,3,1,51,-2,-2,-2,-2,-2,-2,1236,-13,-13,2155,2402,-10,0,0,2168,2421,0,0,0
80000,1,1,1,41,1,-2,-2,-2,-2,-2,0,0,0,0,0,0,0,0,0,0,0,0,0
140000,2,1,2,24,0,0,0,0,0,0,28872,30083,31119,32597,33257,35061,2000,1522,2000,1500,2500,2000,0
10000,2,2,2,37,-1,-1,-1,-1,0,0,6993,4165,5794,9576,7818,7580,6495,5794,9585,7580,152,390,0
100000,2,3,1,39,-1,-1,0,-1,-1,-1,380,1357,1977,380,380,1253,1357,1000,380,380,1253,2434,0
80000,1,3,1,41,1,-1,0,0,0,-1,-1645,78379,76304,52774,11855,48944,85900,3409,1178,1926,52964,1804,1
140000,2,2,2,27,0,0,0,0,0,0,136276,139504,140262,138958,136898,141634,7000,6000,7000,5000,10700,4600,0
500000,2,1,2,44,-2,-2,-2,-2,-2,-2,522,17643,1462,6224,0,0,20007,5000,7000,0,0,0,0
150000,2,2,1,49,1,-1,-1,-1,-1,-1,0,970,8867,0,600,0,970,8867,0,600,0,0,0
200000,2,1,2,30,0,0,0,0,2,0,89874,92567,96064,103511,100951,103364,4200,5000,9054,0,4200,4000,0
230000,2,2,2,24,0,0,2,0,0,0,64929,65093,59349,56418,52950,49439,6000,0,3000,2000,1500,3000,0
130000,1,2,1,44,1,2,2,2,2,2,5230,4998,7898,7021,46431,45891,0,3000,0,40200,0,780,1
220000,2,1,1,41,8,7,6,5,4,3,246915,243234,238172,232446,227800,225044,0,0,0,0,0,0,1
130000,2,3,1,39,0,0,2,0,0,0,91982,99328,96898,97990,100160,102190,8900,0,3600,3800,3800,5000,1
20000,1,1,2,25,0,0,0,0,0,0,18069,17905,18712,19682,18384,18768,2180,1400,1300,1000,680,1100,0
60000,2,3,1,37,1,-2,-2,-2,-2,-1,0,0,0,0,0,150,0,0,0,0,150,499,0
210000,1,1,1,49,-1,-1,-1,-1,-1,-1,291,291,291,291,291,291,291,582,291,291,291,291,0
230000,1,2,2,30,0,0,0,0,0,0,115141,101832,92396,84297,49681,46224,5028,5000,4000,2029,2000,2500,0
170000,1,2,1,33,-1,2,2,-1,-1,-2,917,917,0,2038,0,0,0,0,2038,0,0,0,0
150000,2,1,2,25,0,0,0,0,0,0,30305,40190,39743,48971,38291,569,10190,10000,10003,0,0,0,0
350000,2,2,2,28,1,2,0,0,0,0,358895,346575,345088,341811,265953,93300,0,14579,13557,12000,5000,11000,1
110000,2,2,1,46,0,-1,-1,-1,-1,-1,2359,2410,2151,2161,1719,107591,2410,2151,2161,1719,107591,5000,1
260000,1,1,1,38,0,0,0,0,0,0,94152,91774,89485,85906,83619,81260,4150,4153,2913,3012,3088,3033,0
210000,2,2,2,32,-2,-2,-2,-2,-2,-2,355,975,410,0,0,0,979,412,0,0,0,0,0
50000,1,2,2,24,1,2,2,0,-1,0,59197,55551,54083,50000,10135,9952,2000,0,1000,10135,358,403,1
470000,1,1,1,40,1,2,0,0,0,0,276880,241153,204223,151253,138087,109094,5014,10000,5214,4500,5000,4200,0
10000,2,2,1,38,1,3,2,0,-1,0,3980,3771,3564,4500,5039,5275,0,0,1000,5039,375,0,1
150000,1,2,1,36,2,2,2,2,2,2,47529,40605,39394,37686,38810,31548,17,3105,2,2020,36,1048,1
500000,2,1,1,35,-1,-1,-1,-1,-1,-1,3290,10881,2517,2957,889,40855,11000,2517,2957,1000,41000,170,1
80000,2,3,1,29,-2,-2,-2,-2,-2,-2,456,3351,9452,1584,2200,7042,3366,9481,1588,2206,7073,4186,0
280000,2,2,1,42,-2,-2,-2,-2,-2,-2,396,396,396,396,10948,61123,396,396,396,10948,61123,54802,0
200000,2,2,2,29,0,0,0,0,0,0,204134,194949,153646,137087,134995,135953,8000,5542,5308,4587,4750,4935,1
40000,2,3,1,44,0,0,0,0,0,0,13033,14041,15065,16077,16396,16739,1232,1256,1268,587,607,611,0
150000,2,2,1,50,-2,-2,-2,-2,-2,-2,0,0,0,0,0,0,0,0,0,0,0,0,1
450000,1,1,1,52,0,0,0,0,0,0,388009,393535,403891,415193,145198,138389,15000,16701,20101,7000,5750,10000,0
20000,2,2,1,54,3,2,3,2,2,2,6329,8488,8212,7931,8797,8514,2415,0,0,1000,0,500,1
170000,2,1,2,29,-1,0,0,-2,-2,-2,1000,6000,0,0,0,0,5000,0,0,0,0,0,0
20000,1,3,2,24,2,0,0,2,2,2,8295,9310,12130,11644,12250,11910,1160,2980,0,1100,0,1000,1
150000,1,2,2,35,0,0,0,-1,-1,-1,4301,8246,12865,817,1095,1393,4000,5064,821,1100,1393,3796,1
80000,2,1,1,38,-1,-1,-1,-1,-1,-1,2226,6259,1393,1627,5189,10747,6259,1393,1627,5189,10747,4412,0
180000,1,1,2,32,-1,-1,2,-1,-1,-1,291,582,291,291,291,291,582,0,291,291,291,291,1
250000,2,2,2,31,0,0,0,0,0,0,171006,167192,46332,40974,26683,26887,5004,3330,2000,2000,2000,3000,0
50000,2,1,2,24,0,0,0,0,0,2,12986,13994,15020,16335,17040,16625,1230,1256,1571,1276,0,624,0
120000,2,2,1,30,2,-1,3,2,0,-1,1248,1701,1551,1410,479,3158,1701,0,9,0,3158,0,0
10000,2,2,2,22,0,0,-1,-1,0,0,7828,8507,511,7696,8696,7660,1009,511,7696,1000,0,0,0
210000,2,2,2,54,0,0,0,0,0,0,197324,201977,205800,205590,98572,90521,8000,11000,6000,4098,3500,3000,0
110000,2,3,1,64,0,0,0,0,0,0,83050,85550,76793,13062,12609,12638,4000,3275,3028,3000,2000,2000,0
230000,2,1,2,31,-2,-2,-2,-2,-2,-2,-7,6785,0,147,0,0,6792,0,147,0,0,176,0
50000,2,2,1,50,0,0,0,0,0,0,21956,20439,20691,17081,16234,16330,2000,1306,1206,1000,697,532,0
230000,2,1,1,35,0,0,-2,-2,-2,-2,22909,0,0,0,0,0,0,0,0,0,0,0,0
30000,2,3,2,24,1,-2,-1,0,0,0,0,0,1469,2432,827,0,0,1469,1008,300,0,0,0
160000,1,1,1,41,1,-2,-2,-2,-2,-2,0,0,0,0,0,0,0,0,0,0,0,0,1
70000,2,2,1,50,0,0,0,0,0,0,12857,13867,14897,15941,16376,16959,1530,1560,1600,1000,1000,2400,0
200000,2,2,2,34,0,-1,-1,-1,-2,-2,13112,13011,12000,0,0,0,13011,12000,0,0,0,107918,0
320000,2,1,1,29,-1,0,0,-2,-2,-2,2799,7932,0,0,0,0,7329,0,0,0,0,0,0
230000,2,1,2,25,0,0,0,0,0,0,50757,52906,54454,53457,55128,52788,3000,3000,2000,2500,2500,2000,0
400000,2,1,1,40,-1,-1,-1,-2,-2,-2,3716,4318,273,743,516,200,4318,273,743,516,200,422,0
100000,2,3,1,39,0,0,0,0,0,0,97944,99580,92297,184134,70400,0,4296,4068,2037,1408,0,0,0
280000,2,3,1,45,0,0,0,0,0,0,294995,316345,334612,262625,172344,182776,26345,24612,22625,12344,12776,11852,0
300000,2,1,2,27,0,0,0,0,0,0,131760,132770,130595,132683,128557,125900,4700,4995,4516,4034,4088,3886,0
40000,1,2,3,37,0,0,0,0,2,0,20774,21778,22807,24993,24292,24800,1355,1384,2570,0,899,2006,0
60000,2,3,1,23,2,0,0,0,0,0,60406,57491,59137,59345,29399,29339,2055,2570,1620,1020,1050,1080,0
100000,2,1,1,49,1,2,0,0,0,2,103307,97590,99560,95952,98744,97896,0,4700,4400,6000,2000,4000,1
20000,2,3,1,45,-1,-1,-1,-1,-1,-1,1403,6920,10785,390,6210,1040,6990,10785,390,6210,1040,9113,0
50000,1,2,2,37,0,0,0,0,0,0,16029,17039,18064,19076,19453,19862,1281,1306,1318,695,721,1018,1
120000,2,1,2,23,0,0,0,0,0,0,117035,115624,117204,116835,77926,76993,6000,6000,4000,4000,3000,3500,0
220000,1,1,1,38,-1,-1,3,2,2,-2,1815,743,743,43,-657,-1357,1486,0,0,0,0,0,0
390000,1,2,1,34,-2,-2,-2,-2,-2,-2,-702,-808,-1141,-1247,-1353,-1459,0,0,0,0,0,0,0
50000,2,1,2,23,0,0,2,0,0,0,9978,12493,10447,12247,9195,4995,3000,0,2020,0,100,2000,0
80000,1,2,2,26,0,0,0,0,0,0,50442,51397,49991,47681,46900,45161,1816,1920,2063,1543,1400,1557,0
180000,2,2,1,34,0,-1,-1,-1,-1,-2,13954,5589,4312,2490,0,0,5589,4312,2490,0,0,150,0
100000,1,2,1,46,1,2,2,0,0,0,22648,23978,23312,24617,25109,25654,2000,0,2000,1200,1100,1200,1
10000,1,2,1,49,1,-1,-1,-1,-1,-2,-20,780,0,780,0,0,800,0,780,0,0,0,1
230000,1,1,2,44,0,0,0,0,0,0,25949,27214,28472,29696,31393,33222,2000,2000,2000,2500,2500,3000,0
300000,1,1,1,35,-1,-1,-1,-1,-2,-2,1246,1217,338,0,0,0,1217,338,0,0,0,0,0
270000,2,3,1,58,-2,-2,-2,-2,-2,-2,936,1188,2078,795,828,1251,1188,2078,795,828,1251,2267,0
470000,2,2,1,45,0,0,0,0,0,0,212948,188435,182687,153366,114451,122489,30000,15000,5052,5000,10000,15000,0
270000,2,2,2,29,0,0,0,0,0,0,39004,28963,23021,17934,13650,12864,1520,1719,1200,1000,2000,3022,0
160000,2,2,1,41,1,2,0,0,0,0,99496,97013,98427,102250,102734,104901,0,3879,5459,3675,3821,8256,0
20000,1,2,1,40,1,2,3,2,3,3,14829,17267,16706,18694,19049,18459,3000,0,2560,955,0,661,0
20000,2,3,2,26,1,2,0,0,0,0,18025,17443,18117,17040,17763,17666,0,1277,1300,1000,799,2000,0
50000,2,3,1,32,0,0,0,0,0,0,33231,34544,35976,15996,32714,16720,1868,2300,1239,600,600,600,1
130000,1,2,2,25,0,0,0,0,0,0,39074,39767,38680,5654,1938,522,1766,1521,3100,0,10,0,0
410000,1,2,1,46,2,2,2,2,2,0,71532,73643,72083,76603,74964,76370,3700,0,6147,0,2577,2747,1
180000,2,2,1,27,0,0,0,0,0,0,117703,116372,115445,112938,109306,104106,4171,4200,4000,3789,3959,3300,0
150000,1,2,2,35,0,0,0,-1,-1,-1,4301,8246,12865,817,1095,1393,4000,5064,821,1100,1393,3796,1
120000,2,3,1,38,0,0,0,0,0,0,111098,114863,118038,118805,59210,61267,5600,6500,5000,3000,3000,3000,0
430000,2,1,2,36,0,0,0,0,0,0,258212,232225,237297,240682,245337,242481,10500,10300,9000,8541,9054,8543,1
130000,2,2,1,29,0,0,0,0,0,0,67260,69269,72276,74347,77259,78403,4000,5000,4347,5000,3038,2135,0
100000,2,3,2,27,0,0,0,0,0,0,89312,141034,61119,58535,54224,51204,3000,2208,2700,2000,1844,1709,0
80000,2,2,1,23,0,0,0,0,0,-2,54600,56379,55875,7552,0,0,3300,2640,1056,0,0,0,0
500000,2,2,1,37,0,0,0,0,0,0,58448,60182,67153,64079,64120,61295,5000,10000,5169,2322,5174,0,0
230000,2,2,1,40,0,0,0,0,0,0,44948,45198,46244,47595,38367,35098,1728,3000,3040,3012,3000,3000,0
50000,2,2,2,24,-1,0,-1,2,2,-2,18625,19956,5177,2071,0,0,2071,5191,6,0,0,10450,0
270000,2,2,1,26,0,0,0,0,0,-1,22804,11496,12273,12014,10597,31182,1496,2273,2014,597,31182,82615,0
470000,1,1,2,29,-1,0,0,0,0,0,215666,209106,207970,212373,193628,184908,7395,8037,9048,10000,6115,5750,0
80000,2,5,2,27,0,0,0,0,0,0,81787,77845,60159,54151,45108,44490,2600,3009,2200,2000,2000,2832,0
20000,1,3,2,45,0,0,0,0,0,0,18011,18083,18500,19014,19019,17484,1500,1400,1243,638,2000,480,0
80000,2,1,2,43,0,0,0,-2,-1,-1,80958,77783,-478,-1739,1261,1261,1556,0,0,4261,1261,540,0
400000,2,1,2,32,0,0,0,0,0,0,46782,48075,48815,49831,50821,51884,2036,1776,1792,1782,1844,1856,0
50000,1,1,1,46,0,0,0,0,2,2,13176,15945,17180,18811,18380,19086,3000,1500,2000,0,2000,0,0
30000,2,3,1,43,-1,3,2,2,0,0,10330,10040,10903,10533,10132,10343,0,1149,101,348,359,364,0
420000,2,1,1,44,1,2,0,0,0,0,35545,34332,35097,33025,36945,37276,6,3016,1846,5005,2005,1462,0
230000,2,3,1,33,0,0,0,0,0,0,233314,222220,210778,211132,179564,176949,8005,10002,15037,6500,16002,8002,0
100000,2,1,1,30,0,0,0,0,0,-1,43717,29954,24551,16333,9776,58408,3000,2500,2000,1000,58408,5800,0
160000,2,3,1,42,-2,-2,-2,-2,-1,0,0,1473,1863,0,112978,115357,1473,1863,0,119001,5000,4500,0
90000,1,2,2,27,2,0,0,0,-2,-2,2542,3556,4490,0,0,0,1066,1000,0,0,0,0,1
20000,1,1,2,24,1,-1,-1,-2,-1,-1,255,541,275,329,544,190,541,275,329,544,190,241,0
140000,1,1,2,28,-2,-2,-2,-2,-2,-2,933,1768,3169,5041,389,3065,1768,3169,5041,389,3065,1112,0
150000,1,3,1,43,-1,2,-1,-1,-1,-1,1280,390,390,780,1746,0,0,390,780,1746,0,0,0
630000,1,2,1,46,0,0,0,0,0,0,125975,91247,81317,146005,146207,106467,3416,4300,84700,4211,4470,3600,0
190000,1,1,1,50,2,2,2,2,2,2,36137,37143,38051,38827,39488,40208,1900,1800,1700,1600,1500,1600,1
80000,1,2,1,45,2,2,2,2,2,0,35169,39069,38166,40642,39689,41043,4500,0,3427,0,2000,3000,1
450000,2,3,1,56,1,-1,-1,-1,-1,-1,-4,831,-3,646,-2,418,835,0,649,0,420,1204,1
220000,1,1,1,38,-1,-1,3,2,2,-2,1815,743,743,43,-657,-1357,1486,0,0,0,0,0,0
200000,2,5,1,50,-2,-2,-2,-2,-2,-2,0,1882,1312,0,0,0,1882,1325,0,0,0,0,0
50000,2,2,2,27,1,2,2,2,2,2,11966,12967,13962,13440,14416,14043,1500,1500,0,1200,0,1500,0
50000,1,2,2,24,0,0,0,0,0,-1,49907,49355,34833,28614,29133,29340,1963,1539,1200,719,43945,1001,0
30000,1,2,3,53,1,-2,-1,2,0,0,0,0,4070,3825,3825,0,0,4070,0,0,0,0,1
300000,1,2,1,55,0,0,0,0,0,0,69994,71388,72886,74371,75854,77440,2552,2645,2696,2716,2809,2826,0
280000,1,2,1,44,0,0,0,0,0,0,159967,164197,122611,119023,113754,115029,7822,4529,4238,4305,4208,4003,0
200000,1,3,2,40,-1,-1,-1,-1,-2,-1,6154,6000,5762,0,0,3117,6000,5762,0,0,3117,2000,0
240000,2,1,2,38,-2,-2,-2,-2,-2,-2,3816,3816,3816,3816,816,3816,3816,3816,3816,816,3816,816,0
30000,2,2,1,26,0,0,0,0,2,0,20105,21419,22278,24423,19985,15021,1650,1506,2651,0,2044,550,0
240000,2,1,1,50,-2,-2,-2,-2,-2,-2,498,-2,497,-3,-3,-3,0,499,0,0,0,0,0
170000,2,2,1,31,1,-1,2,-1,0,0,0,427,427,23321,23475,25218,427,0,23500,840,2121,0,0
80000,1,3,1,49,0,0,0,0,-2,-2,77985,80886,82150,0,0,0,4200,3800,0,0,0,0,0
310000,2,1,2,36,0,0,0,0,0,0,67940,45746,46979,42045,40334,49542,2000,2000,2000,2000,13000,2000,0
10000,1,3,2,43,0,0,0,0,0,0,9545,10443,7329,8343,8508,8686,1117,1125,2139,304,315,345,0
200000,2,1,1,41,1,-1,0,-1,2,0,2217,61328,2877,160944,156864,160066,61634,2877,160944,0,5900,13000,1
50000,2,1,2,24,0,0,0,0,0,2,12986,13994,15020,16335,17040,16625,1230,1256,1571,1276,0,624,0
50000,1,1,1,25,0,0,0,2,0,0,47053,5472,5891,6595,8400,4041,2000,1500,1000,2000,1000,1000,0
210000,2,2,2,36,1,-2,-2,-2,-1,0,0,0,212,3066,13206,10583,0,212,3066,13206,212,0,0
230000,2,5,1,39,-1,-1,0,0,-2,-2,7479,31280,120000,0,0,0,31280,90000,0,0,0,0,0
160000,2,1,2,25,-1,0,-1,-1,0,0,6087,1934,11376,2199,10856,0,1000,11426,2199,10000,0,9867,0
170000,2,3,2,47,-1,-1,-1,-1,-1,-1,16089,5454,8846,920,380,4765,5455,8866,921,381,4801,1632,0
310000,1,4,1,46,-1,-1,-1,-1,-1,-1,15431,10414,21209,91238,18293,14332,10414,21229,91254,18293,14332,15785,0
20000,2,2,2,24,0,-1,-1,0,-1,-1,4261,7830,17213,4781,3178,15834,7830,17221,1203,3178,15834,0,0
50000,2,2,1,51,1,2,2,-2,-2,-2,4746,4496,0,0,0,0,0,0,0,0,0,0,0
20000,2,2,2,28,1,2,0,0,0,0,20583,19942,16614,15941,13205,6009,0,1358,1065,327,187,325,0
150000,2,2,1,27,-1,-1,0,0,0,0,1108,143813,149350,149984,130610,121793,147314,7752,6046,2753,5583,6700,0
80000,2,1,1,38,-1,-1,-1,-1,-1,-1,2226,6259,1393,1627,5189,10747,6259,1393,1627,5189,10747,4412,0
60000,1,1,2,27,-1,-1,0,0,0,0,2165,18214,13172,8717,8552,9902,18214,13000,2000,3000,2000,0,0
80000,2,2,1,27,0,0,0,0,0,0,77039,78746,79757,40498,29212,29621,2984,2449,1612,798,1307,359,1
490000,2,1,2,34,0,0,-1,-1,-1,-1,19036,14474,3404,14445,7672,2295,5038,3404,14445,7672,2295,9004,0
50000,1,2,2,43,0,0,0,0,0,0,12661,13743,14777,12404,10777,16597,1600,1605,2000,500,6000,6000,1
200000,2,4,2,27,-2,-2,-2,-2,-2,-2,0,0,0,0,0,0,0,0,0,0,0,0,0
160000,2,3,1,74,0,0,0,-1,-1,-1,79201,69376,66192,16905,0,19789,3783,2268,16905,0,19789,26442,0
100000,1,2,2,30,0,0,0,0,0,0,27869,29329,30294,31734,32323,33648,3500,3000,3500,1500,2000,2300,0
100000,1,2,2,28,-1,-1,-1,-1,-1,-1,942,390,390,390,0,780,390,390,390,0,780,0,0
200000,2,1,2,27,-2,-2,-2,-2,-2,-2,4257,3690,4460,3190,5238,950,3690,4460,3190,5238,950,250,1
140000,1,2,1,44,1,-1,-1,-1,0,-1,0,1384,-12,1900,664,1085,1384,0,1912,0,1085,0,0
350000,1,2,1,38,1,2,0,0,2,0,70845,69318,71301,75129,71313,68046,0,3500,5500,0,2500,2000,0
90000,2,2,1,31,0,0,0,0,-2,-2,19929,17671,7870,0,0,0,1500,1000,0,0,3000,40000,0
150000,2,1,2,28,0,0,0,0,0,0,82559,84681,87308,89316,91458,89063,3500,4000,3500,3500,3500,3500,0
50000,2,1,2,24,0,0,0,0,0,2,12986,13994,15020,16335,17040,16625,1230,1256,1571,1276,0,624,0
50000,1,1,1,25,0,0,0,2,0,0,47053,5472,5891,6595,8400,4041,2000,1500,1000,2000,1000,1000,0
150000,2,1,2,26,0,-1,-1,-1,-1,-1,7448,2089,174,640,2414,500,2089,174,640,2414,500,3158,0
150000,2,1,2,34,-1,0,0,0,0,0,7249,4090,36897,35755,16251,7392,1070,35755,2000,0,2000,2931,0
100000,2,3,2,50,0,0,0,2,0,0,82397,84027,88734,86369,89994,89681,3004,7500,0,5001,3390,4000,0
230000,1,1,2,34,0,-1,0,0,0,0,56449,219192,226596,225791,226638,226265,231788,11621,9027,9015,9000,9014,0
420000,2,2,2,29,0,0,0,0,0,0,267050,272606,278407,284777,301438,308571,10000,10200,11000,21500,12000,15000,0
400000,1,1,1,50,0,0,0,0,0,0,16241,14697,12762,13043,10137,8249,1217,1302,1052,510,305,512,0
20000,1,1,2,26,-1,-1,0,-1,0,0,587,2195,1758,3720,3820,0,2195,1500,3720,100,0,0,0
70000,1,2,2,29,0,0,0,0,-1,-1,58305,61710,64114,66775,161,5746,5000,4000,5000,161,5800,1500,0
20000,2,2,2,46,-1,-1,-1,-1,-2,-2,390,0,780,0,0,0,0,780,0,0,0,0,1
490000,2,1,2,34,0,0,-1,-1,-1,-1,19036,14474,3404,14445,7672,2295,5038,3404,14445,7672,2295,9004,0
150000,2,2,1,49,1,-1,-1,-1,-1,-1,0,970,8867,0,600,0,970,8867,0,600,0,0,0
50000,2,2,2,26,0,0,0,0,0,0,48057,48457,44932,20024,18830,18087,2007,1351,1561,628,775,1602,0
300000,1,1,1,55,0,0,0,0,0,0,127480,130168,134080,126996,127820,130325,4810,6164,6069,4425,4412,4123,0
50000,2,1,2,26,1,-2,-2,-2,-2,-2,-18,-18,-18,-18,-18,-18,0,0,0,0,0,0,0
90000,1,2,1,31,0,0,0,0,0,0,70329,69073,70561,72021,73912,58301,2471,2600,2633,3108,2052,1858,0
150000,2,3,1,48,0,0,0,2,0,0,36717,37800,40874,39922,40953,42136,2000,4000,0,2000,2000,2000,0
120000,2,1,2,29,-2,-2,-2,-2,-2,-2,0,0,0,0,0,0,0,0,0,0,0,0,0
360000,1,1,2,33,-1,-1,-1,-1,0,-1,5484,4307,12004,21810,13807,2960,4317,12006,21810,0,2960,1810,1
730000,1,3,1,56,0,0,0,0,0,0,746814,374028,351588,86927,66111,38491,20500,16500,3000,2000,2000,5000,0
30000,2,2,2,25,0,0,0,0,0,0,21020,21207,21403,21074,21289,21425,2000,2000,1500,2000,1000,1000,1
160000,2,2,1,31,0,0,0,0,0,0,63780,64675,56561,52338,31133,27590,3518,3015,2128,2000,1000,2473,0
180000,2,1,2,27,0,0,0,0,0,0,101489,78738,78639,44295,44113,37805,10006,8000,1610,10000,1333,8818,0
10000,2,2,2,32,0,-1,0,0,0,-2,5250,1223,2264,3230,0,0,1223,1066,1032,0,0,0,1
150000,1,1,1,36,-2,-2,-2,-2,-2,-2,2750,2424,27498,1213,26636,2547,2424,27498,1213,26636,2704,1800,0
50000,1,2,1,33,0,0,0,0,0,0,97190,48290,49633,48707,19623,13673,1787,2130,1184,13604,496,523,1
100000,1,1,2,37,2,2,0,0,2,2,38604,37688,38780,43592,44117,45165,0,2000,5800,1540,1900,1700,1
30000,2,2,1,51,-2,-2,-2,-2,-2,-2,1724,1222,4952,6693,22761,10044,1222,4972,7629,22817,10056,298,1
50000,2,1,2,23,0,0,0,0,0,0,39787,28570,7545,8560,8730,8791,1600,1300,1300,460,350,480,0
140000,2,3,1,33,-1,-1,-1,-1,-1,-1,1247,1654,840,2153,827,-8808,1654,840,2153,827,827,9635,0
200000,1,1,2,30,0,0,0,0,0,0,46288,48205,49352,49682,50588,42629,3000,2300,2000,2000,1500,1189,0
80000,2,1,2,31,0,0,0,0,0,0,68613,69744,70313,71636,52471,53316,2600,3000,3000,2000,2000,2454,0
500000,2,1,2,37,0,0,0,0,0,0,43643,46586,48832,49568,46939,49147,4000,3000,2000,2000,3000,7000,0
80000,1,2,2,30,0,0,0,0,0,0,64330,65813,66282,67285,68309,71830,2934,2500,2500,2500,5000,3000,0
360000,1,1,2,29,-2,-2,-2,-2,-2,-2,6906,4893,508,0,4861,2547,4893,508,0,4861,2547,0,0
10000,1,3,2,43,0,0,0,0,0,0,9545,10443,7329,8343,8508,8686,1117,1125,2139,304,315,345,0
460000,1,1,2,29,0,0,0,0,0,0,428369,436349,449078,457587,240651,245605,16833,21000,20000,8000,8000,8100,0
260000,1,1,2,37,-2,-2,-2,-2,-2,-2,256,188,188,198,217,1825,188,188,198,217,1825,198,0
500000,2,2,1,40,0,0,0,0,0,0,215508,214460,220047,217920,159393,149626,10004,10025,10294,6046,5076,5000,0
300000,2,2,2,36,-1,-1,-1,0,0,0,8310,2592,77000,78718,80908,90495,2592,77000,3000,3500,11100,0,0
160000,2,3,1,42,-2,-2,-2,-2,-1,0,0,1473,1863,0,112978,115357,1473,1863,0,119001,5000,4500,0
70000,2,1,2,29,0,0,0,0,0,0,66330,68278,69181,69494,63275,57430,3049,2621,3032,2074,2000,1800,0
250000,1,1,2,32,-1,-1,-1,-1,-1,-1,55741,74048,29381,56372,34020,4575,74081,29403,56692,34055,4575,0,0
390000,1,1,1,31,0,0,-1,-1,-1,-1,54007,62761,10373,6803,2601,2979,49188,10411,6830,2608,2987,2236,0
50000,2,3,1,44,0,0,0,0,0,0,45858,46315,47435,48290,49257,49345,2000,1865,1720,1687,1732,2007,0
20000,2,2,1,48,1,-2,-2,-2,-2,-2,0,0,0,0,0,0,0,0,0,0,0,0,1
390000,2,1,2,29,0,0,0,0,0,0,89953,107947,60313,55769,65835,72177,25000,35127,20000,12000,7500,15000,0
100000,2,1,1,49,1,2,0,0,0,2,103307,97590,99560,95952,98744,97896,0,4700,4400,6000,2000,4000,1
10000,2,1,2,22,0,0,0,0,0,0,7302,7857,8827,5622,5877,7036,1330,1300,1250,500,1255,315,0
500000,2,2,1,34,-2,-2,-2,-2,-2,-2,17172,34674,6229,11534,12482,18192,35454,6229,11534,12564,18192,32550,0
80000,2,2,2,38,0,0,0,0,0,0,17816,18095,17374,14298,12259,10498,3000,2000,1000,2000,2000,2000,0
60000,2,2,3,29,0,0,0,-1,-1,-1,4134,3596,3801,694,531,531,1200,1000,2694,531,531,681,0
340000,1,2,1,30,-2,-1,0,0,0,0,326,7132,16684,25749,30085,30406,7132,10000,10000,5000,1007,6000,0
160000,1,2,1,39,0,0,0,0,0,2,14658,15666,16694,17697,19023,18584,1258,1286,1289,1615,0,1000,1
320000,2,2,2,26,1,3,2,2,2,0,303926,305625,299382,316898,310361,312581,8100,0,24100,0,11700,12000,1
120000,2,1,2,34,0,0,0,-1,-1,-1,8113,8796,12210,3095,0,2873,2000,5312,3095,0,2873,0,0
480000,1,1,1,41,1,-2,-2,-2,-2,-2,0,0,0,0,0,0,0,0,0,0,0,0,0
140000,2,2,1,40,0,0,0,0,0,0,98221,97548,98457,102811,104605,106917,3600,5000,6000,5000,4000,10000,0
30000,2,2,2,22,1,2,0,0,0,0,16549,17085,17003,7150,6508,8459,1500,1396,2000,178,2000,2000,0
50000,2,2,1,45,0,0,0,0,0,0,15240,16252,17678,18658,18784,18779,1574,2000,1290,806,824,697,0
50000,2,1,2,24,0,0,0,0,0,2,12986,13994,15020,16335,17040,16625,1230,1256,1571,1276,0,624,0
200000,2,3,1,42,-1,-1,-1,-1,-1,-1,858,1406,3673,0,150,609,1406,3673,0,150,609,939,0
10000,1,2,2,23,-1,0,-1,-1,-1,0,4812,3072,2529,390,9478,8170,1196,2535,390,9478,0,953,1
630000,1,2,1,46,0,0,0,0,0,0,125975,91247,81317,146005,146207,106467,3416,4300,84700,4211,4470,3600,0
200000,2,2,1,36,0,0,0,0,0,0,184697,186660,77221,110294,68214,72103,8001,5000,35000,6000,5000,5000,0
280000,2,1,1,37,-1,-1,-1,-1,0,0,733,168,786,1028,889,698,168,786,1028,698,0,0,0
60000,1,2,2,30,-1,-1,2,-1,-1,-1,921,1498,749,749,58852,6295,1498,0,749,58852,6295,0,0
340000,2,2,1,31,0,0,0,0,0,0,192860,189272,137255,137180,135783,135201,7332,5008,6367,4800,4941,4696,0
500000,2,1,1,39,-2,-2,-1,2,2,-2,3625,0,501,501,902,544,398,501,0,544,544,0,0
160000,2,3,1,38,0,0,0,0,0,0,151963,141884,143428,146289,128133,124606,5100,7100,7500,4500,5000,4800,0
220000,1,1,1,38,-1,-1,3,2,2,-2,1815,743,743,43,-657,-1357,1486,0,0,0,0,0,0
130000,1,2,2,30,-1,2,2,2,-1,-1,780,780,390,0,780,0,390,0,0,780,0,0,0
70000,1,1,2,30,-1,2,-1,2,-1,-1,832,416,832,416,416,1132,0,832,0,416,1132,0,0
300000,1,2,1,55,0,0,0,0,0,0,69994,71388,72886,74371,75854,77440,2552,2645,2696,2716,2809,2826,0
150000,2,1,1,38,-2,-2,-2,-2,-2,-2,1544,463,1481,21640,2636,4346,463,1481,21643,2636,4346,0,0
80000,1,2,2,48,0,0,0,0,0,0,74349,75524,77448,48108,39104,39526,3400,4000,2000,2000,1423,2200,0
180000,2,2,1,24,0,0,-2,-1,-1,-2,6272,0,0,1000,2190,0,0,0,1000,2190,0,384,0
50000,2,3,2,25,0,0,0,0,0,0,27232,26777,27129,26613,26057,25924,1439,1464,1401,908,935,924,0
110000,2,2,1,31,-1,2,2,-1,-1,-1,832,832,416,416,416,416,416,0,416,416,416,416,1
50000,1,1,2,27,0,0,0,2,2,2,17468,48675,36287,30691,29901,49293,32400,4000,1200,0,20000,2000,0
20000,1,2,1,44,0,0,0,0,0,0,18015,18344,19672,19652,780,0,1400,1630,1000,0,0,0,1
200000,2,1,1,41,1,-1,0,-1,2,0,2217,61328,2877,160944,156864,160066,61634,2877,160944,0,5900,13000,1
260000,1,1,2,29,0,0,0,0,0,0,56050,52079,52083,46703,47500,45030,6000,6000,5000,5000,4000,5000,0
320000,1,1,2,41,0,0,0,0,0,0,309805,237915,235917,227714,154939,102338,15818,10049,10015,14939,4338,5267,0
50000,2,3,1,56,0,0,0,0,0,-1,45652,44037,40517,29734,16198,16669,1734,5000,1000,10160,16669,692,0
60000,1,2,1,40,0,0,0,0,0,0,53896,53640,51608,52642,52806,53530,2500,2500,2500,2000,2100,2200,0
60000,1,2,1,37,0,0,0,-1,-1,-1,6742,9582,-27,15273,14766,14687,3000,18,15300,5000,15132,6500,0
100000,2,1,2,33,-2,-2,-2,-2,-2,-2,3417,7366,12146,752,5931,7855,7400,12146,752,5931,7855,3966,0
190000,2,2,2,26,0,0,2,0,0,0,115608,138097,130898,130950,115342,115657,26500,0,7000,4550,4600,4170,0
240000,2,2,1,37,1,-2,-2,-2,-2,-2,0,0,0,0,0,0,0,0,0,0,0,0,0
120000,1,2,2,28,0,0,0,0,0,0,92677,92809,93392,93609,95055,96761,4516,5005,5006,5014,5008,4008,0
240000,2,1,2,29,-2,-2,-2,-2,-2,-2,28438,29923,7655,23918,265852,2225,29923,7655,23925,265852,2225,13478,0
160000,2,3,1,42,-2,-2,-2,-2,-1,0,0,1473,1863,0,112978,115357,1473,1863,0,119001,5000,4500,0
360000,1,1,2,31,1,-1,-1,-1,0,0,0,4260,3278,580,580,0,4260,3278,580,0,0,0,0
150000,2,2,1,29,2,0,0,0,2,2,123248,126311,130388,138246,140513,118464,5000,6000,10500,5015,173,102,1
500000,1,3,1,55,2,0,0,0,0,0,613860,512526,334227,145482,125936,91382,37300,11000,4500,4000,4000,100000,1
300000,1,2,1,44,0,0,2,2,0,0,223211,239061,239874,233894,169520,160385,21000,6000,3662,6000,6000,6000,0
30000,2,3,1,23,0,0,0,0,0,0,26117,27028,27510,27817,28130,27141,1737,1609,1306,1455,857,1087,0
50000,1,3,1,36,0,0,0,0,0,0,44917,46230,49319,50401,18919,19469,2061,4150,2232,750,929,611,0
400000,2,3,1,44,0,0,0,0,0,0,35504,36680,35670,30364,28085,28708,5025,5044,2514,988,2004,5000,0
20000,1,1,1,41,0,0,0,0,0,0,19796,18510,16077,16389,11286,12833,1507,4011,5066,1003,7000,3000,0
140000,1,2,1,44,1,-1,-1,-1,0,-1,0,1384,-12,1900,664,1085,1384,0,1912,0,1085,0,0
150000,2,1,2,26,0,0,0,0,0,0,151812,145411,132560,121003,69091,55543,7005,6612,4540,2426,1854,2424,0
260000,1,1,2,37,-2,-2,-2,-2,-2,-2,256,188,188,198,217,1825,188,188,198,217,1825,198,0
210000,2,1,1,34,0,0,0,0,0,0,73329,74261,75602,76062,76287,76971,2700,3500,3300,3000,3000,3000,0
320000,2,3,1,52,-2,-2,-2,-2,-2,-2,650,2080,218,0,2355,0,2080,218,0,2355,0,0,0
100000,2,1,2,27,-1,-1,-2,-2,-1,-1,4829,0,0,0,5330,0,0,0,0,5330,1274,2100,0
500000,1,2,1,46,0,0,-1,-1,-1,-1,157046,82603,37528,83629,20894,27217,1652,37550,83642,20894,24038,59021,0
120000,1,1,1,44,1,2,2,2,2,2,75294,76465,74675,79629,77748,82497,3000,0,6200,0,6000,0,1
320000,2,3,1,52,-2,-2,-2,-2,-2,-2,650,2080,218,0,2355,0,2080,218,0,2355,0,0,0
230000,1,1,1,38,-2,-2,-2,-2,-2,-2,7904,860,-3,-3,-3,-3,864,0,0,0,0,0,0
120000,2,2,1,30,2,-1,3,2,0,-1,1248,1701,1551,1410,479,3158,1701,0,9,0,3158,0,0
220000,2,1,1,41,8,7,6,5,4,3,246915,243234,238172,232446,227800,225044,0,0,0,0,0,0,1
50000,1,2,1,49,0,0,0,0,0,0,48321,48890,30272,31080,15315,15238,1839,1640,1901,526,537,577,1
40000,2,3,1,40,1,-1,2,2,2,-2,-531,2661,3871,1488,0,0,3383,2000,0,0,0,431,1
240000,2,3,2,28,2,2,2,0,0,0,242837,246989,204769,62670,10408,10848,10000,0,2806,500,562,303,1
30000,2,2,1,44,0,0,0,0,0,0,28467,29792,29739,24950,25248,25109,1814,1459,1373,871,890,1375,1
90000,2,1,2,27,0,0,0,0,0,0,61799,62561,63069,62643,59265,59046,2400,2518,2514,2100,2500,2500,0
20000,1,2,2,33,0,0,0,0,0,0,18330,17797,18731,19610,18980,38766,1291,1324,1302,672,701,788,0
380000,2,2,2,38,0,0,0,0,0,0,250755,212839,173199,165476,122496,117726,8339,7032,7986,4170,4205,9335,0
100000,2,1,2,42,0,0,2,0,0,0,93256,99710,97051,98342,56639,57388,8300,0,4100,3000,2500,2233,0
180000,2,1,1,33,-1,-1,-1,-1,-1,-1,7017,14824,19692,13115,24623,485,14824,19713,13117,24630,485,33283,0
440000,2,2,1,44,0,0,0,-2,-2,-2,70548,42651,0,27549,77349,10456,20000,0,27549,50000,18956,9307,0
130000,1,2,2,38,0,0,0,0,2,0,16657,17874,18776,20858,20225,21396,1500,1500,2400,0,1500,1500,0
220000,1,1,1,38,-1,-1,3,2,2,-2,1815,743,743,43,-657,-1357,1486,0,0,0,0,0,0
50000,1,3,1,31,0,-1,-1,-1,-1,-1,1473,390,390,390,0,780,390,390,390,0,780,0,1
340000,2,1,1,34,0,0,0,0,0,0,254219,252984,252180,250359,203580,192415,9500,9780,9425,7500,6800,7200,0
200000,2,1,1,34,-2,-2,-2,-2,-2,-2,0,0,0,0,0,0,0,0,0,0,0,0,0
80000,2,2,1,37,2,2,2,2,2,-2,1662,3347,4140,3920,0,0,2427,1000,0,0,0,0,1
210000,2,2,1,32,-2,-2,-2,-2,-2,-2,0,0,0,0,0,0,0,0,0,0,0,0,0
420000,2,1,1,32,-1,-1,-2,-2,-2,-2,8871,358,0,0,20,0,358,0,0,20,0,0,0
50000,2,3,1,53,1,2,0,0,0,0,51254,49852,28379,15988,16718,17446,0,6200,2000,1000,1000,1000,0
500000,1,2,1,47,-1,-1,-1,-1,-1,-1,18463,17849,12818,5674,11416,36000,18011,12818,5674,11416,36018,14537,0
160000,2,2,2,29,0,0,0,0,0,0,36370,35996,35275,34873,35677,34942,4002,5390,6000,5000,5000,4000,0
340000,2,1,2,26,1,2,2,2,2,0,17211,19262,20012,19728,19042,11728,2637,1353,531,14,235,1400,0
260000,1,2,2,29,-1,2,2,-2,-1,2,8832,1528,0,0,5987,5837,15,0,0,5987,0,27887,1
70000,2,1,2,37,0,0,0,0,0,0,64860,64533,48493,48824,19000,39000,2200,3000,1400,500,20000,0,0
430000,2,1,2,36,0,0,0,0,0,0,258212,232225,237297,240682,245337,242481,10500,10300,9000,8541,9054,8543,1
50000,1,2,2,23,0,0,0,0,0,0,48241,49445,51060,50033,9298,7877,2000,2412,5178,5500,500,500,1
270000,2,2,1,39,0,0,0,0,0,0,85827,87664,90515,91903,93864,96118,3000,4000,3403,3200,3479,4000,0
80000,1,1,2,26,-1,-1,-1,-1,-1,-1,7412,945,1096,162,6600,1780,945,1096,163,6600,1780,0,0
100000,2,2,1,43,0,0,0,0,0,-2,94713,97503,100138,99000,0,0,4366,5100,2000,0,0,0,0
300000,1,2,2,29,-2,-2,-2,-2,-2,-2,0,0,0,0,0,0,0,0,0,0,0,0,1
80000,1,3,1,49,0,0,0,0,-2,-2,77985,80886,82150,0,0,0,4200,3800,0,0,0,0,0
350000,1,2,1,33,-1,-1,-1,-1,-1,0,694,10436,10857,12688,6344,5376,10524,10916,12745,6344,22,7186,0
400000,2,2,2,50,-1,-1,2,-1,-1,-1,15986,4359,1783,129,3170,657,4359,0,129,3170,657,1160,0
470000,1,3,2,31,-1,-1,2,-1,-1,-1,8748,2442,2272,6040,6655,1200,3500,11,6080,6688,1206,0,0
20000,1,3,2,45,0,0,0,0,0,0,5250,7151,9024,10865,12677,14309,2000,2000,2000,2000,2000,2000,1
140000,2,1,2,27,0,0,0,0,0,0,128656,126785,129752,132554,268084,137061,6000,6500,6500,5000,5000,5568,0
230000,2,1,2,31,-2,-2,-2,-2,-2,-2,-7,6785,0,147,0,0,6792,0,147,0,0,176,0
130000,2,3,2,28,1,-1,-1,-1,-1,-1,0,14051,0,1358,1039,164,14051,0,1358,1039,164,167,0
150000,2,1,2,34,1,-1,-1,-2,-2,-2,0,53,0,0,0,0,53,0,0,0,0,0,0
330000,1,4,1,33,0,0,0,0,0,0,26586,23818,24164,25042,25665,24059,1700,1522,1400,1000,820,770,0
80000,1,1,2,27,0,0,0,0,0,0,63132,61397,70223,53429,28689,24827,2378,10000,23000,5000,10000,6000,0
50000,2,3,1,30,0,0,0,0,0,0,48549,49256,50338,48848,46709,47688,1813,1895,2200,1595,1653,1709,0
20000,1,3,2,49,1,2,2,-1,0,0,19481,18756,-3744,17105,17250,0,0,0,21200,345,0,0,1
200000,2,2,1,29,1,2,0,0,0,2,57982,55005,54742,54401,42923,40365,0,2200,1671,3000,0,4600,0
50000,1,1,1,47,1,-2,-1,-1,-2,-2,0,0,1708,0,0,0,0,1708,0,0,0,0,0
160000,2,5,2,52,0,0,0,0,0,0,157018,135516,117895,86943,23433,20000,5000,5000,2200,500,1000,0,0
60000,1,2,1,44,0,0,0,0,0,0,58216,60193,57815,50054,27535,22962,3000,2488,2000,1000,2000,3000,0
30000,2,2,2,25,0,0,2,2,2,2,23657,26568,27456,27915,27185,28806,3300,1600,1200,0,2200,0,1
80000,1,3,1,41,1,-1,0,0,0,-1,-1645,78379,76304,52774,11855,48944,85900,3409,1178,1926,52964,1804,1
260000,2,1,2,37,-1,-1,-1,2,-1,-1,1050,1050,2287,1050,1050,1050,1050,2287,0,1050,1050,2174,1
140000,1,2,1,38,2,2,2,2,2,2,53797,55007,56128,56713,55796,56251,2700,2600,2100,600,1500,4545,1
260000,2,2,1,33,0,0,0,0,0,0,151123,134736,135593,120909,102524,40157,4002,6067,10000,3000,40157,1466,1
50000,1,3,1,39,0,0,-2,-2,-2,-2,51400,0,0,0,0,0,0,0,0,0,0,0,1
230000,2,3,1,36,1,2,0,0,0,0,232115,225086,222286,222884,220876,221496,22,9005,9037,7519,8018,8100,0
30000,2,2,2,53,-1,-1,0,0,0,0,356,15666,16863,7380,8580,10000,15700,2000,2000,1200,2200,0,1
50000,1,2,3,37,0,0,0,0,0,-1,50239,49642,48381,44113,8522,17948,1799,2060,1014,170,17948,188,0
110000,2,2,1,46,0,-1,-1,-1,-1,-1,2359,2410,2151,2161,1719,107591,2410,2151,2161,1719,107591,5000,1
620000,1,2,2,31,-2,-2,-2,-2,-2,-2,5712,11598,21049,13846,3565,7076,11881,21171,13915,3583,7111,1971,0
20000,2,1,2,22,2,0,0,0,0,2,13718,15033,15751,17068,17891,17463,1550,1268,1585,1408,0,1700,1
230000,2,1,1,35,0,0,0,0,0,0,165405,168697,172990,177963,77076,78848,6027,7000,8000,3000,3000,3226,0
380000,2,2,2,38,0,0,0,0,0,0,250755,212839,173199,165476,122496,117726,8339,7032,7986,4170,4205,9335,0
500000,2,3,1,49,-1,-1,-1,2,-1,0,396,396,5792,396,792,396,396,5792,0,792,0,5857,1
70000,1,2,2,40,2,2,2,0,0,0,69164,70938,69248,69366,48998,27863,3500,0,2109,1500,3769,0,1
100000,1,3,2,48,0,0,0,0,0,0,58430,36846,35538,34958,34039,33650,2000,2000,2000,2000,2000,20000,0
260000,2,1,2,30,-2,-2,-2,-2,-2,-2,0,3459,0,0,200,0,3459,0,0,200,0,950,0
60000,1,2,2,26,0,0,0,0,0,0,58072,59040,57416,55736,26958,28847,2282,2324,2049,2000,3000,1120,1
340000,1,3,1,36,0,0,0,0,0,0,362178,303611,92112,75710,63870,52671,10116,3300,5000,10000,10000,30000,1
260000,2,2,1,30,0,0,0,0,0,0,66433,67134,67768,69033,70166,71377,2400,2496,2429,2599,2827,2050,0
320000,2,2,2,26,1,3,2,2,2,0,303926,305625,299382,316898,310361,312581,8100,0,24100,0,11700,12000,1
80000,2,2,1,47,0,0,0,0,0,0,78849,27733,28009,28977,28756,28962,1433,1489,1457,1016,1046,1211,0
140000,1,2,2,29,0,0,0,0,-2,-2,132629,55185,56000,0,0,0,5000,2000,0,0,0,0,0
20000,2,2,2,39,0,0,0,0,0,0,20885,20373,19391,20085,19938,0,2157,1660,1300,541,0,0,0
200000,2,1,2,33,-2,-2,-2,-2,-2,-2,9099,3771,664,0,641,5506,3775,664,0,641,5506,1847,0
190000,2,2,2,26,0,0,2,0,0,0,115608,138097,130898,130950,115342,115657,26500,0,7000,4550,4600,4170,0
20000,2,3,1,52,0,0,0,2,0,0,10248,11271,13513,12999,14456,16313,1501,2743,0,1686,2089,0,1
400000,2,2,2,43,-2,-2,-2,-2,-2,-2,15000,18400,15000,492,14926,7626,18400,15000,492,15000,7725,3000,0
270000,2,2,2,29,0,0,0,0,0,0,39004,28963,23021,17934,13650,12864,1520,1719,1200,1000,2000,3022,0
400000,1,1,1,38,-2,-2,-2,-2,-2,-2,23052,7754,13052,12639,12315,7831,8025,13972,13046,13040,7923,14533,0
280000,2,2,2,28,0,0,0,0,0,0,119587,122015,130286,130705,132964,136400,4411,10282,3006,2659,3436,1000,0
20000,1,3,2,45,0,0,0,0,0,0,5250,7151,9024,10865,12677,14309,2000,2000,2000,2000,2000,2000,1
130000,1,2,2,27,0,0,0,0,0,0,84579,86256,88093,89837,91625,92822,3084,3224,3236,3257,3509,3428,0
180000,2,3,1,31,0,0,0,0,0,0,68450,69818,71298,72729,73627,75086,3100,3200,3210,2700,2800,3000,0
500000,2,1,1,44,-1,-1,-1,-1,-1,-1,29178,26963,33166,48858,66050,43769,26963,33169,48858,66050,43769,37509,0
90000,2,2,1,48,0,0,0,0,0,0,43810,44504,46174,47193,48105,49327,1723,2393,2090,2000,2000,1803,0
230000,2,1,2,41,-1,-1,-1,-1,-1,0,177,0,376,47992,3099,2389,0,376,48042,3099,0,0,0
200000,2,1,2,43,-2,-2,-2,-2,-2,-2,-109,-109,-109,-109,-109,-109,0,0,0,0,0,0,1
50000,1,2,2,29,1,2,0,0,0,0,50845,48750,103486,50590,50248,49387,0,6556,3250,1563,1208,781,0
500000,2,1,2,28,0,0,-1,0,0,0,19543,21788,19323,33146,39741,53516,5110,19623,15000,7000,14122,20000,0
240000,1,2,1,37,0,0,0,0,0,0,11278,14070,15535,17734,19734,8561,3000,2000,3000,2000,2000,0,0
350000,1,3,1,35,0,0,0,0,0,0,218605,166310,166106,100151,50340,51400,6222,7174,4200,2400,2400,2500,0
400000,1,3,1,33,0,0,2,0,0,0,2487,4708,2192,11111,5675,5071,4009,6,10248,4721,4114,1855,1
60000,2,2,2,31,2,2,2,2,0,-1,57880,56355,59327,35305,17655,77775,0,4058,34,3000,40793,4952,1
140000,1,3,1,56,2,0,0,0,0,0,90462,93167,94370,95894,91600,93347,4212,3600,3258,3313,3258,3223,1
210000,1,2,1,30,-1,-1,-1,-1,-1,-1,820,820,820,820,820,820,820,820,820,820,820,970,0
200000,2,5,1,50,-2,-2,-2,-2,-2,-2,0,1882,1312,0,0,0,1882,1325,0,0,0,0,0
70000,2,2,1,53,0,0,0,0,0,0,71219,71110,69843,70834,70405,71004,2900,3200,2800,2458,2800,2901,0
90000,2,2,1,32,-1,2,-1,-1,-2,-1,3682,3472,33784,0,0,256,0,33812,0,0,256,3500,0
50000,1,2,2,44,0,0,0,2,0,0,47674,45472,51447,49895,20317,19460,1764,6739,29,700,704,705,0
110000,2,2,2,33,0,0,0,0,0,0,103195,102713,103034,103112,94403,96072,5200,3804,4500,3400,3500,7700,1
400000,2,1,1,40,-1,-1,-1,-2,-2,-2,3716,4318,273,743,516,200,4318,273,743,516,200,422,0
100000,1,3,2,48,0,0,0,0,0,0,58430,36846,35538,34958,34039,33650,2000,2000,2000,2000,2000,20000,0
60000,1,2,1,31,0,-1,-1,-2,-2,-2,22219,140,0,0,0,0,140,0,0,0,0,0,1
80000,2,2,2,28,0,0,0,0,0,0,77391,78198,78840,79855,79488,80001,2784,2887,3402,2790,2867,2894,0
30000,1,2,3,53,1,-2,-1,2,0,0,0,0,4070,3825,3825,0,0,4070,0,0,0,0,1
50000,1,3,1,30,0,0,0,0,0,0,37208,38204,39243,40255,41057,41914,1615,1654,1666,1468,1517,1528,1
80000,2,1,2,26,-1,-1,-1,-1,-2,-1,4620,2991,1441,1608,1453,4287,2991,1500,1608,1453,4287,6000,0
230000,2,1,1,28,1,2,0,0,0,0,207128,195825,199659,157434,160009,155825,6300,9264,6116,6128,5765,5956,1
120000,1,2,2,27,0,0,0,0,0,0,29344,33474,29029,26523,20554,19348,5053,1789,2037,659,802,640,0
140000,2,2,3,28,0,0,0,0,0,0,138901,140732,140661,100656,49783,49310,5600,5500,2650,36000,1000,620,1
50000,2,3,1,58,1,2,2,2,0,0,24135,23454,26755,26026,27310,29729,0,4000,0,2000,3000,0,1
80000,2,2,2,38,0,0,0,0,0,0,17816,18095,17374,14298,12259,10498,3000,2000,1000,2000,2000,2000,0
280000,2,4,2,29,0,0,0,0,-2,-2,4567,5724,7184,0,0,0,2500,3000,0,0,0,0,0
150000,2,1,2,24,0,0,0,0,0,0,52824,15214,16452,17281,18576,18783,4000,2000,2000,2000,2000,3000,0
350000,1,3,1,35,0,0,0,0,0,0,218605,166310,166106,100151,50340,51400,6222,7174,4200,2400,2400,2500,0
330000,1,2,1,48,-2,-2,-2,-2,-2,-2,6051,8346,8952,2732,2732,2732,8387,8996,2745,2745,2745,2734,0
50000,2,2,1,41,1,2,2,2,0,0,23165,21974,20544,17210,15754,10860,2000,2101,0,2201,1000,0,1
440000,2,1,2,33,0,0,0,0,0,0,164269,160608,150150,139178,123627,48175,5666,5802,3577,2955,12000,1025,0
200000,1,1,2,42,0,0,0,0,0,0,161514,163340,168701,172074,173907,184067,6000,8000,8000,6500,13500,0,1
50000,2,3,3,51,0,0,0,0,0,0,44788,45471,46394,47865,47455,48426,2352,2275,2398,1336,1366,1444,1
450000,2,3,2,44,-2,-2,-2,-2,-1,-1,11150,4281,0,2442,14234,-2988,4281,0,2442,14234,452,0,0
170000,2,2,1,39,0,0,-1,0,0,0,100849,100000,10274,16446,16578,20487,2000,10274,6446,332,10487,5000,0
30000,1,2,3,53,1,-2,-1,2,0,0,0,0,4070,3825,3825,0,0,4070,0,0,0,0,1
60000,1,3,1,34,0,0,0,0,0,0,43293,28305,22298,22161,18667,19381,1368,1396,1287,654,1000,644,0
140000,1,1,2,50,-1,2,-1,-1,-1,-1,780,780,390,0,780,390,0,390,0,780,390,0,1
70000,2,2,1,24,0,0,0,0,0,0,8193,7569,8127,8838,8736,10753,1122,2127,2000,1736,2753,2177,0
30000,1,2,2,32,2,3,2,2,2,0,32704,31895,31091,31002,29879,29382,0,0,2300,0,996,1000,0
200000,2,4,2,27,-2,-2,-2,-2,-2,-2,0,0,0,0,0,0,0,0,0,0,0,0,0
210000,2,2,1,34,0,0,0,0,0,0,205475,206616,212391,208931,146005,145343,9500,9207,8500,5200,5200,5000,0
100000,1,2,1,46,1,2,2,0,0,0,22648,23978,23312,24617,25109,25654,2000,0,2000,1200,1100,1200,1
150000,2,1,2,26,0,-1,-1,-1,-1,-1,7448,2089,174,640,2414,500,2089,174,640,2414,500,3158,0
80000,2,3,1,50,0,0,0,-1,-1,-1,55070,57863,54382,773,-5857,57071,5012,7450,5000,1630,69794,15000,0
300000,1,2,2,47,0,0,0,0,0,0,109274,110453,115453,118522,118586,118179,3000,5000,5013,4514,4220,4008,0
50000,2,1,2,23,0,0,2,0,0,0,9978,12493,10447,12247,9195,4995,3000,0,2020,0,100,2000,0
200000,2,2,1,40,0,0,0,0,0,0,21464,22065,23382,21522,8815,4280,2000,2000,1128,4280,0,0,0
500000,1,2,1,47,-1,-1,-1,-1,-1,-1,18463,17849,12818,5674,11416,36000,18011,12818,5674,11416,36018,14537,0
230000,1,2,2,41,2,0,0,0,0,0,225043,229701,229250,229572,213420,218809,10000,11000,9000,9000,9000,9000,1
80000,2,3,2,43,0,0,0,0,0,0,80707,77532,77492,78362,50001,50035,3332,3051,2600,1877,1767,1797,0
60000,2,1,2,27,0,0,0,0,0,0,62321,61015,58160,51237,29999,28972,3000,3016,5011,1005,1000,14000,0
80000,1,1,2,42,5,4,3,2,0,0,74477,68633,62890,56788,52287,52287,0,0,0,0,0,50771,0
420000,1,1,1,40,-1,-1,-1,2,2,-2,4110,-150,6254,6023,0,0,0,6404,20,0,0,0,0
50000,1,2,2,44,0,0,0,2,0,0,47674,45472,51447,49895,20317,19460,1764,6739,29,700,704,705,0
30000,2,3,2,48,2,2,0,0,0,0,26950,23655,25131,29148,12134,12976,0,3200,5000,1000,1000,1000,1
50000,2,3,1,35,3,2,2,2,0,0,34440,32823,34699,30869,29890,29719,0,3511,0,1045,1066,1134,0
140000,2,1,2,24,2,0,0,0,2,0,778,982,1206,5430,4460,8429,980,1000,5000,0,5000,10000,0
190000,1,1,1,50,2,2,2,2,2,2,36137,37143,38051,38827,39488,40208,1900,1800,1700,1600,1500,1600,1
100000,2,2,1,44,1,-2,-2,-2,-1,2,-1651,-5469,-7292,-10938,5887,3882,0,0,0,16825,0,1823,0
290000,2,1,2,35,-2,-2,-1,-1,0,0,2348,10421,566,12008,19820,17135,10421,566,12008,8012,343,2630,0
40000,1,2,2,28,-1,-1,-2,-2,-2,-2,3333,-167,-5187,-187,-187,113,167,4982,5000,0,3335,27000,0
70000,2,1,2,29,0,0,0,0,0,0,66330,68278,69181,69494,63275,57430,3049,2621,3032,2074,2000,1800,0
230000,2,2,2,40,0,0,-1,-1,-1,-1,164208,161207,1665,1228,8599,3890,7105,1762,1228,8599,3890,6999,0
230000,2,2,1,40,0,0,0,0,0,0,44948,45198,46244,47595,38367,35098,1728,3000,3040,3012,3000,3000,0
230000,1,3,2,34,0,0,0,0,0,0,137122,138268,127797,130490,110153,112253,6700,6500,6513,4601,5000,5000,0
410000,1,2,1,46,2,2,2,2,2,0,71532,73643,72083,76603,74964,76370,3700,0,6147,0,2577,2747,1
10000,1,3,2,23,0,0,0,0,0,0,8604,8594,9259,9733,9528,9513,1600,1351,1215,400,200,166,0
50000,2,3,1,44,1,2,3,2,4,3,13112,14679,15143,16892,16341,15798,2100,1000,2300,0,0,0,1
320000,2,1,2,30,-1,-1,-1,-1,-1,-1,10283,2488,5187,11735,2280,9404,2488,5209,11735,2280,9404,3660,0
260000,2,2,1,30,0,0,0,0,0,0,66433,67134,67768,69033,70166,71377,2400,2496,2429,2599,2827,2050,0
350000,2,1,2,31,-1,2,-1,-1,-1,-1,403,403,1351,4656,0,1190,0,1351,4677,0,1190,150,0
120000,2,2,2,28,0,0,0,0,-2,-2,48499,48684,6344,0,0,0,1621,1000,1326,0,0,0,0
360000,2,1,1,35,-2,-2,-2,-2,-2,-2,3925,5320,1016,7173,10763,4857,5352,1022,7408,10817,5044,27696,0
400000,2,1,1,40,-1,-1,-1,-2,-2,-2,3716,4318,273,743,516,200,4318,273,743,516,200,422,0
180000,2,4,1,28,2,0,0,0,0,0,117328,115140,73730,64600,2500,0,4117,3504,3000,0,0,0,0
440000,1,1,2,33,-2,-2,-2,-2,-2,-2,2380,1750,4697,7502,2249,4532,1750,4697,7502,2249,4532,101750,0
170000,2,2,2,51,0,-1,-1,-1,-1,-1,1606,1420,1420,1420,1420,3464,1420,1420,1420,1420,3464,1420,0
80000,2,2,1,51,0,0,0,0,0,0,42731,23086,23661,24678,25766,26351,1365,1500,1412,1500,1000,1100,1
180000,2,3,1,31,0,0,0,0,0,0,68450,69818,71298,72729,73627,75086,3100,3200,3210,2700,2800,3000,0
90000,2,2,1,36,1,-1,-1,-1,-1,-1,0,950,628,284,1055,2607,950,628,284,1055,2607,0,0
340000,1,2,1,35,0,0,0,0,0,0,38214,39229,40747,41930,43397,44710,1500,2000,2000,2000,2000,2000,0
150000,2,1,2,28,0,0,0,0,0,0,12799,13726,14648,12115,12613,15225,1600,1500,1600,1000,3000,2200,0
100000,2,3,1,50,2,2,2,2,-1,0,117517,110537,99734,99973,71008,66735,4700,0,3000,103000,2500,3000,1
300000,2,1,2,27,0,0,0,0,0,0,131760,132770,130595,132683,128557,125900,4700,4995,4516,4034,4088,3886,0
50000,1,2,2,27,0,0,0,0,0,0,47452,48663,50297,36164,37616,39062,2000,2500,2000,2000,2000,2000,1
60000,2,3,1,47,0,0,0,0,0,0,33867,35303,36032,37431,37863,38954,2000,1601,2000,1354,1700,1010,0
50000,2,3,1,44,0,0,-1,0,0,0,48592,38491,900,1900,2900,3000,1063,900,1000,1000,100,0,1
110000,1,1,2,30,0,0,0,0,2,2,60290,61688,63100,70391,68661,77511,3000,3000,9000,0,10000,3000,0
260000,2,2,1,33,0,0,0,0,0,0,151123,134736,135593,120909,102524,40157,4002,6067,10000,3000,40157,1466,1
160000,2,2,1,31,0,0,0,0,0,0,63780,64675,56561,52338,31133,27590,3518,3015,2128,2000,1000,2473,0
20000,1,2,1,25,0,0,0,0,0,0,14447,15455,17562,17322,17119,17350,1552,2659,1419,606,500,1000,0
20000,2,2,2,46,-1,-1,-1,0,0,-2,189,2249,3551,6180,0,0,2249,3551,5000,0,0,0,1
300000,2,2,2,42,-2,-2,-1,0,0,0,-904,1096,928,2264,3090,5056,2000,1072,1500,1000,2000,1000,0
280000,1,1,2,30,-2,-2,-2,-2,-2,-2,3310,-6,4759,996,0,1199,0,4765,996,0,1199,909,0
420000,2,1,1,44,1,2,0,0,0,0,35545,34332,35097,33025,36945,37276,6,3016,1846,5005,2005,1462,0
50000,2,1,2,24,0,0,0,0,0,2,12986,13994,15020,16335,17040,16625,1230,1256,1571,1276,0,624,0
270000,2,2,1,39,0,0,0,0,0,0,85827,87664,90515,91903,93864,96118,3000,4000,3403,3200,3479,4000,0
50000,1,2,2,23,0,0,0,0,0,0,50175,49798,50795,50150,9658,10011,1796,2193,2040,330,492,332,0
40000,2,1,2,25,-1,-1,-1,-1,-1,-1,20216,8851,17940,31308,12009,32846,8851,18220,31319,12009,33482,13785,0
410000,1,2,1,46,2,2,2,2,2,0,71532,73643,72083,76603,74964,76370,3700,0,6147,0,2577,2747,1
420000,1,1,2,34,0,0,0,0,0,0,131939,136721,140011,141695,144839,147954,7000,7000,5500,5500,5600,5000,0
360000,2,1,1,38,-2,-2,-2,-2,-2,-2,2410,7830,4024,6643,1947,2066,7954,4044,6715,1956,2076,2003,0
30000,1,2,2,23,0,0,-2,-2,-2,-2,41300,0,0,0,0,0,0,0,0,0,0,0,0
20000,1,2,2,23,0,-1,-1,-1,0,0,6321,4813,595,18628,19324,19208,6000,597,21722,1000,697,860,0
50000,2,2,1,36,0,0,0,0,0,0,30803,30578,30362,30764,30065,30179,1477,1546,1453,1039,1066,1421,0
40000,1,2,2,28,-1,-1,-2,-2,-2,-2,3333,-167,-5187,-187,-187,113,167,4982,5000,0,3335,27000,0
150000,2,2,1,30,0,-1,-1,-1,-1,-1,1499,1231,0,1872,0,113,1231,0,1872,0,113,0,0
380000,1,2,2,37,-1,-1,-1,-1,-1,0,2302,7281,2686,2281,5760,9239,7500,2700,2300,6000,6000,3000,0
90000,1,1,1,37,0,0,0,0,0,0,91641,85906,87138,87141,66964,65898,3100,4300,3900,2313,2378,2647,0
390000,1,1,2,27,0,0,0,0,0,0,59917,73806,75614,77358,86007,88601,15000,3000,3000,10000,4000,4000,0
10000,1,2,2,23,-1,0,-1,-1,-1,0,4812,3072,2529,390,9478,8170,1196,2535,390,9478,0,953,1
30000,2,2,2,53,-1,-1,0,0,0,0,356,15666,16863,7380,8580,10000,15700,2000,2000,1200,2200,0,1
280000,1,1,1,30,0,0,0,0,0,0,166037,166291,162992,134154,161057,167490,12126,39102,5000,30000,10000,10000,0
530000,2,2,1,44,0,0,0,0,0,0,562326,532374,537543,541019,468571,478034,20010,25022,21003,18003,20000,20004,1
150000,2,1,2,25,0,0,0,0,0,0,30305,40190,39743,48971,38291,569,10190,10000,10003,0,0,0,0
200000,2,1,2,37,0,0,0,0,0,0,83000,62084,64610,60567,52122,50610,2500,5000,2509,2000,2000,2000,0
200000,2,2,2,33,0,0,0,0,0,0,64932,66223,68261,69133,70689,72201,2365,3100,2600,2700,2800,2700,0
500000,2,1,1,44,-1,-1,-1,-1,-1,-1,29178,26963,33166,48858,66050,43769,26963,33169,48858,66050,43769,37509,0
310000,2,1,2,26,0,0,2,2,-1,2,11683,9624,9022,-422,6214,2360,3000,0,0,6900,0,1300,0
90000,2,2,1,44,2,2,-1,-1,-1,-1,1654,827,827,2040,1279,1292,0,827,2040,1279,1292,1378,0
120000,2,2,1,39,-2,-2,-2,-2,-2,-2,280,6192,2134,0,0,0,6192,2142,0,0,0,0,0
10000,1,2,2,27,0,0,0,0,0,0,9457,9554,7335,9025,7886,8382,1107,1310,2000,269,1000,1100,0
10000,1,2,2,27,0,0,0,0,0,0,9457,9554,7335,9025,7886,8382,1107,1310,2000,269,1000,1100,0
100000,2,1,2,26,1,-1,-1,-1,-1,-1,0,632,0,316,632,0,632,0,316,632,0,316,0
220000,1,1,1,38,-1,-1,3,2,2,-2,1815,743,743,43,-657,-1357,1486,0,0,0,0,0,0
120000,1,2,2,28,0,0,0,0,0,0,92677,92809,93392,93609,95055,96761,4516,5005,5006,5014,5008,4008,0
120000,2,3,1,38,0,0,0,0,0,0,111098,114863,118038,118805,59210,61267,5600,6500,5000,3000,3000,3000,0
100000,2,1,1,49,1,2,0,0,0,2,103307,97590,99560,95952,98744,97896,0,4700,4400,6000,2000,4000,1
140000,2,2,2,32,-1,0,0,0,-1,0,15497,15073,11755,7453,38415,31685,1231,1262,1000,38415,4000,4000,0
200000,2,1,1,40,-2,-2,-2,-2,-2,-2,-50,-50,-50,-50,-50,-50,0,0,0,0,0,2877,0
230000,2,1,1,28,1,2,0,0,0,0,207128,195825,199659,157434,160009,155825,6300,9264,6116,6128,5765,5956,1
160000,1,2,1,43,0,0,0,0,0,0,69554,72390,75521,78987,80891,62113,4000,5000,10000,4000,3000,6000,0
20000,1,2,2,34,0,0,0,0,0,-1,13730,15170,15277,13478,16978,12914,2000,2000,1000,5000,12914,600,0
310000,1,1,1,50,-1,-1,-1,-1,-1,-1,396,396,0,942,1645,1287,396,0,942,1645,1287,2077,0
230000,2,1,2,26,-2,-1,-1,0,0,0,865,221,16601,17833,15708,10013,221,16601,1513,1000,350,500,0
230000,2,1,1,46,-2,-2,-2,-2,-2,-2,266,0,0,0,0,300,0,0,0,0,300,0,0
300000,1,2,2,29,-2,-2,-2,-2,-2,-2,0,0,0,0,0,0,0,0,0,0,0,0,1
30000,2,2,2,31,0,0,0,0,0,0,28651,28716,26570,26829,26839,27449,1800,2000,1600,1000,1000,1000,0
310000,2,1,2,28,-1,-1,2,-1,-1,-1,18877,18379,10327,17252,9917,33776,18417,48,17337,9965,33826,116,0
390000,1,1,1,31,0,0,-1,-1,-1,-1,54007,62761,10373,6803,2601,2979,49188,10411,6830,2608,2987,2236,0
230000,1,2,1,60,0,0,0,0,0,0,131550,132114,133281,123958,124474,120570,6057,4845,4291,4115,4274,4054,0
200000,1,3,2,40,-1,-1,-1,-1,-2,-1,6154,6000,5762,0,0,3117,6000,5762,0,0,3117,2000,0
340000,2,1,1,34,0,0,0,0,0,0,254219,252984,252180,250359,203580,192415,9500,9780,9425,7500,6800,7200,0
50000,1,3,1,48,1,-2,-2,-2,-2,-1,6300,0,0,0,0,5275,0,0,0,0,5275,0,0
90000,2,2,1,33,0,0,0,0,0,-2,3817,8545,8961,11676,1189,0,5000,1285,3000,1189,0,8832,0
80000,2,2,1,47,-2,-2,-2,-2,-2,-1,966,0,647,1988,1049,1466,0,647,1990,1049,1466,6309,1
120000,1,2,2,30,-1,-1,-1,-1,-1,-1,2494,1991,1497,998,697,-103,1997,1506,1001,699,0,897,0
40000,1,2,3,37,0,0,0,0,2,0,20774,21778,22807,24993,24292,24800,1355,1384,2570,0,899,2006,0
140000,1,3,1,56,2,0,0,0,0,0,90462,93167,94370,95894,91600,93347,4212,3600,3258,3313,3258,3223,1
210000,2,1,2,33,-2,-2,-2,-2,-2,-2,1723,0,0,0,0,0,0,0,0,0,0,0,0
200000,2,2,1,27,0,0,0,0,0,0,157222,160320,162140,165431,168726,172430,7200,5888,5990,6031,6415,6301,0
320000,2,2,1,42,-1,-1,-1,-1,-1,-1,2862,18729,23405,16662,38459,2836,18729,23421,16683,38459,2836,1286,0
70000,2,2,1,48,-1,-1,-1,-1,0,-1,3838,1930,6384,4286,2333,930,1930,6384,4292,0,930,1422,0
250000,2,1,2,25,0,0,0,0,0,0,18761,10656,7099,11758,17047,16483,4662,2101,7227,7865,8485,5777,0
10000,1,1,2,23,0,0,0,0,0,0,6927,5313,6264,5970,7175,6032,1500,3500,1000,2000,2500,1000,0
500000,1,3,1,49,0,0,0,0,0,0,260991,214726,230250,188805,192229,2786,7890,20132,20004,7714,3000,1543,0
230000,2,1,2,25,0,0,0,0,0,0,35101,35695,11657,13258,12459,6886,5000,5000,3000,669,5000,19000,0
80000,1,1,2,26,0,0,0,0,0,0,56808,55901,57030,56576,53819,48604,3000,3010,4000,5000,3000,2200,0
60000,2,2,2,26,1,2,0,0,-2,-2,47963,36871,3800,0,0,0,0,1038,0,0,0,0,0
110000,1,1,2,28,0,0,0,0,0,0,107560,100395,79889,70062,70901,72754,4024,3008,3200,2600,3000,3000,1
480000,1,1,1,66,-1,-1,-1,-1,-1,-1,3820,4665,5367,21222,9083,84804,4665,5473,21284,9088,84804,6285,0
260000,2,5,2,39,0,0,0,0,0,0,174591,175093,176088,155624,141976,141305,10000,10000,7619,7000,8000,7000,0
90000,1,2,1,55,0,0,0,0,0,0,15019,19740,25382,27132,31675,37900,5000,6000,5000,5000,8000,2000,0
20000,2,2,2,21,-1,-1,2,2,-2,-2,390,780,780,0,0,0,780,0,0,0,0,0,0
150000,2,3,2,39,0,0,0,0,0,-1,60115,48412,37033,25032,12500,12500,1662,1783,1282,250,12500,12500,0
40000,2,3,1,44,0,0,0,0,0,0,13033,14041,15065,16077,16396,16739,1232,1256,1268,587,607,611,0
30000,1,2,2,32,2,3,2,2,2,0,32704,31895,31091,31002,29879,29382,0,0,2300,0,996,1000,0
500000,2,1,1,39,-2,-2,-1,2,2,-2,3625,0,501,501,902,544,398,501,0,544,544,0,0
440000,2,2,1,44,0,0,0,-2,-2,-2,70548,42651,0,27549,77349,10456,20000,0,27549,50000,18956,9307,0
50000,2,1,2,33,0,0,0,0,0,0,13452,14524,15586,16622,17344,17864,1300,1300,1300,1000,800,1000,0
240000,2,1,2,33,-2,-2,-2,-2,-2,-2,5000,0,5000,0,254,9366,0,5000,0,254,9366,1150,0
50000,2,1,1,27,1,2,0,0,2,0,19029,18431,22782,32304,31519,23724,0,5000,10000,0,6724,13385,0
350000,2,1,2,30,-2,-2,-2,-2,-2,-2,951,601,714,263,900,1271,605,716,263,900,1271,1218,0
360000,2,2,2,40,-1,-1,-1,-1,0,0,9325,10741,45619,37459,31747,26899,10741,46378,46347,0,0,19607,0
260000,2,2,1,41,0,0,0,0,2,0,195465,199338,203651,223837,218383,222960,8400,8800,25000,0,8000,21000,0
220000,1,1,1,38,-1,-1,3,2,2,-2,1815,743,743,43,-657,-1357,1486,0,0,0,0,0,0
250000,1,1,2,32,-1,-1,-1,-1,-1,-1,55741,74048,29381,56372,34020,4575,74081,29403,56692,34055,4575,0,0
150000,2,1,2,34,-1,0,0,0,0,0,7249,4090,36897,35755,16251,7392,1070,35755,2000,0,2000,2931,0
120000,1,1,1,43,-1,-1,-1,-1,-2,-1,165,0,788,0,0,495,0,788,0,0,495,0,0
50000,2,2,1,38,0,0,0,0,-2,-2,6350,3239,4166,0,0,0,1100,1000,0,0,0,0,1
280000,2,2,1,51,2,2,2,2,0,0,258764,279451,280882,218619,201679,195934,25000,7500,0,6500,7000,6000,0
20000,2,3,1,45,-1,-1,-1,-1,-1,-1,1403,6920,10785,390,6210,1040,6990,10785,390,6210,1040,9113,0
80000,2,3,1,48,2,2,2,2,0,0,66321,63695,33283,22442,15553,5593,0,6056,652,517,0,27,0
20000,2,1,2,24,1,-1,-1,-1,-1,-1,0,890,467,500,0,647,890,467,500,0,647,0,0
190000,2,2,1,37,0,0,2,2,2,2,105679,115049,117856,119570,116284,123528,11000,6000,5000,0,9000,4000,0
150000,2,1,2,28,0,0,0,0,0,0,82559,84681,87308,89316,91458,89063,3500,4000,3500,3500,3500,3500,0
310000,2,3,2,38,-2,-2,-2,-1,0,0,-41,8198,342,41726,15051,8663,8239,344,41884,5025,40,3,0
50000,1,3,1,41,0,0,0,0,0,0,49782,50741,48468,39203,28913,26636,1816,1753,1433,990,967,1071,0
20000,1,2,2,25,1,2,0,0,-1,0,20873,20240,20365,19565,9928,12758,4,1378,1203,15460,3000,2000,1
200000,1,1,2,33,-1,-1,-1,0,-1,-1,12202,1964,12181,5908,1114,8314,4994,12181,2000,1114,8314,1114,0
230000,2,3,1,47,0,0,0,0,0,0,182787,173108,163937,90980,91180,90260,7000,5665,4154,3300,3418,3600,0
180000,1,1,2,32,-1,-1,2,-1,-1,-1,291,582,291,291,291,291,582,0,291,291,291,291,1
360000,2,1,2,27,-2,-2,-2,-2,-2,-2,0,0,0,0,0,300,0,0,0,0,300,0,0
180000,1,1,2,26,-1,-1,-1,-1,-1,-1,758,0,1022,2004,0,2051,0,1022,2016,0,2051,0,1
180000,1,2,1,39,1,-2,-2,-2,-2,-2,0,0,0,0,0,0,0,0,0,0,0,0,0
200000,1,2,1,44,0,0,0,0,0,0,71656,63331,54977,45849,32706,23542,1714,1602,1144,786,471,2300,0
150000,2,1,2,29,-1,-1,-1,-1,-1,-1,962,5868,15218,15965,9275,25321,5868,15283,15972,9275,25321,7350,0
140000,1,2,1,38,1,2,2,2,2,2,129497,131877,135309,131671,138771,141146,6000,7000,0,10800,4800,0,1
130000,1,2,2,38,0,0,0,0,2,0,16657,17874,18776,20858,20225,21396,1500,1500,2400,0,1500,1500,0
120000,1,2,2,27,0,0,0,0,0,0,29344,33474,29029,26523,20554,19348,5053,1789,2037,659,802,640,0
50000,1,2,2,34,0,0,-1,-1,-2,-2,4166,0,4166,0,0,0,0,4166,0,0,0,0,0
100000,2,1,2,24,0,0,0,0,0,0,84895,71271,71053,70405,71109,73905,3513,3169,3002,2022,3907,7145,0
450000,2,3,1,56,1,-1,-1,-1,-1,-1,-4,831,-3,646,-2,418,835,0,649,0,420,1204,1
350000,2,2,1,35,-1,-1,2,-1,-1,-1,439,884,421,267,575,932,884,0,267,575,932,0,1
150000,1,2,1,52,2,2,2,2,2,0,131953,136386,140830,146050,142241,145559,8100,8100,9000,0,5578,5304,1
140000,2,1,2,29,0,0,2,0,0,0,135436,144922,141289,137377,93261,95368,13102,17,5547,3242,3512,3333,0
260000,2,2,2,37,-1,-1,-1,-1,-1,-1,188,188,189,192,188,0,188,189,192,188,0,526,0
210000,1,1,2,32,0,0,0,0,0,0,218742,218317,73874,73219,96844,94731,10000,5000,5000,30000,4500,15000,0
180000,2,2,2,46,-2,-2,-2,-2,-2,-2,1905,2453,6997,3064,2158,9331,2453,6997,3064,2158,9331,0,0
110000,1,1,2,30,0,0,0,0,2,2,60290,61688,63100,70391,68661,77511,3000,3000,9000,0,10000,3000,0
240000,2,1,1,50,-2,-2,-2,-2,-2,-2,498,-2,497,-3,-3,-3,0,499,0,0,0,0,0
180000,2,1,2,28,-1,-1,-1,-1,-1,-1,26000,5480,5960,600,6800,12627,5488,5960,600,6800,12627,0,0
150000,2,2,1,27,-1,-1,0,0,0,0,1108,143813,149350,149984,130610,121793,147314,7752,6046,2753,5583,6700,0
500000,1,1,1,37,0,0,2,0,0,0,474934,507062,491956,430637,376657,356636,40024,325,15296,12137,12312,14113,0
150000,2,2,1,38,0,0,0,0,0,0,149957,152224,152208,116763,72325,73273,6000,5440,4000,3000,3000,3000,0
200000,2,1,2,37,0,0,0,0,0,0,83000,62084,64610,60567,52122,50610,2500,5000,2509,2000,2000,2000,0
30000,1,3,2,53,0,0,0,0,0,0,29683,26328,27422,28307,28902,29506,1426,1520,1405,1000,1006,1451,0
100000,2,2,2,35,0,0,0,0,0,0,100207,94080,75428,76450,77503,64119,4026,3100,3050,3000,2300,2700,0
260000,2,3,2,42,-1,-1,-2,-2,-2,-2,6783,0,0,0,0,0,0,0,0,0,0,0,1
50000,2,3,1,53,2,2,2,2,2,2,40926,43236,45250,46003,44193,44838,3000,3000,1800,0,1500,2300,1
230000,2,3,1,36,1,2,0,0,0,0,232115,225086,222286,222884,220876,221496,22,9005,9037,7519,8018,8100,0
270000,2,2,1,43,0,0,0,0,0,0,135068,102743,100360,97583,91849,94824,5000,7000,4049,1000,5003,0,0
140000,2,2,1,32,-1,2,2,-1,-1,0,739,739,-200,8700,1367,1367,0,0,8900,1367,0,0,1
200000,2,3,1,51,1,-1,-1,-2,-2,-2,0,1221,0,0,0,0,1221,0,0,0,0,0,0
160000,2,3,3,36,-1,-1,0,-1,-1,-1,9330,31745,22829,6000,6000,0,31745,1049,6000,6000,0,4345,0
310000,2,1,1,41,-1,2,-1,-1,-1,0,3640,1094,9445,5202,14589,11673,0,9453,5206,14589,0,16563,0
230000,1,1,1,29,2,0,0,0,0,0,306836,295324,303082,307038,116506,19085,9062,10978,10361,2507,490,308,0
340000,1,2,2,36,-2,-2,-2,-2,-2,-2,19628,14586,15018,12062,3894,7957,14594,15047,12064,3894,7957,18191,0
20000,1,2,1,37,0,0,0,0,0,-2,17622,19996,15467,15863,0,0,3000,2000,1000,0,0,0,0
150000,2,1,2,25,0,0,0,0,0,0,30305,40190,39743,48971,38291,569,10190,10000,10003,0,0,0,0
40000,2,3,1,44,0,0,0,0,0,0,13033,14041,15065,16077,16396,16739,1232,1256,1268,587,607,611,0
100000,2,2,1,31,0,0,0,-2,-1,-1,95160,94327,0,0,2743,1782,2000,0,0,2743,1782,0,0
270000,1,3,1,47,0,0,0,0,0,0,161999,165303,168837,172281,175705,179582,6000,6200,6254,6290,6710,8250,0
50000,1,2,2,25,0,0,0,0,0,2,29425,30932,32128,33588,38106,37364,2000,2000,2000,5100,0,4000,0
110000,1,1,2,29,0,0,0,0,0,0,106698,104546,100272,92615,92657,93364,6000,4800,4300,3600,3500,3600,0
500000,2,1,2,29,0,0,0,0,0,0,33252,39078,33086,18304,16604,9505,10000,2014,3030,8006,1000,1000,0
90000,2,2,2,23,0,0,0,0,-1,-1,88015,69701,52046,42541,8571,4653,5640,16021,13280,8571,19653,12000,0
60000,2,2,1,35,2,0,0,2,2,2,49825,45436,42240,38884,34488,28838,1700,2500,2600,1500,0,1500,1
170000,1,2,1,26,0,0,0,0,0,-2,30779,30751,23602,16633,0,51269,1675,1500,1007,0,51269,1865,0
50000,2,3,2,28,0,0,0,0,0,0,52775,54397,55328,42511,31032,34510,2500,2000,2000,5000,4000,3000,1
200000,2,1,2,25,0,0,0,0,0,-2,183516,179534,134572,61450,-200,-200,6700,7000,3000,0,0,0,0
160000,1,1,2,30,0,0,0,0,0,0,143457,134345,77045,69659,70186,75249,5237,3034,3010,5011,10006,8070,0
440000,2,2,1,46,0,0,0,0,0,0,177425,180641,181557,149944,113135,105280,7700,8610,6907,3727,3800,4001,0
30000,1,3,2,35,0,0,0,0,0,0,27224,28359,27458,26539,28556,28621,2001,5101,2002,3031,3095,2175,0
20000,1,2,2,25,-1,-1,-1,-1,0,0,769,1011,628,2198,365,-34,1500,700,2500,0,0,2000,0
140000,2,3,1,33,0,0,0,0,0,0,136302,127178,78950,80457,41150,-10193,6000,5000,4000,2000,0,71000,0
50000,2,2,2,38,-1,-1,-1,-1,-1,-1,390,390,390,390,390,390,390,390,390,390,390,390,0
120000,1,1,2,30,-1,2,2,-1,-1,-1,1500,3010,1700,1125,909,786,1700,0,1125,909,786,1433,0
90000,2,1,2,28,1,2,0,0,0,2,5799,3095,5257,6649,8680,7844,0,3000,2000,3000,0,20000,0
220000,2,2,1,33,0,0,0,0,0,0,41352,43757,46012,47543,48489,49506,3100,3269,2800,1736,1799,1964,0
360000,1,2,1,29,0,0,0,-1,0,0,18454,16419,12932,91329,82929,70047,6028,6032,99578,2507,5376,2000,0
80000,2,2,2,25,0,0,0,0,0,0,47836,49038,53158,48269,48019,46908,2000,5000,2000,2000,2000,2000,0
470000,1,1,2,29,-1,0,0,0,0,0,215666,209106,207970,212373,193628,184908,7395,8037,9048,10000,6115,5750,0
160000,1,2,1,43,0,0,0,0,0,0,69554,72390,75521,78987,80891,62113,4000,5000,10000,4000,3000,6000,0
150000,2,2,1,42,0,0,0,0,2,0,15878,10389,6067,4823,6208,4824,1300,1040,1378,1560,128,239,0
20000,1,2,2,24,2,2,2,0,0,-1,17996,19102,19117,19664,10000,4060,2100,1000,1000,1100,4060,0,1
140000,2,2,2,27,0,0,0,-1,-1,-1,16037,17066,21199,390,0,390,2000,5000,390,0,390,780,0
300000,1,1,1,37,-2,-2,-2,-1,-1,-2,19954,22492,20477,27206,37191,7543,23348,20477,27206,177202,7543,13719,0
360000,2,1,2,27,-2,-2,-2,-2,-2,-2,0,0,0,0,0,300,0,0,0,0,300,0,0
160000,2,2,1,41,1,-1,-1,-1,-1,-1,0,1496,1496,1496,1496,1496,1496,1496,1496,1496,1496,1496,0
160000,2,1,1,38,0,0,0,0,0,0,132932,134384,131724,131767,133195,126064,8005,15000,10000,7000,5000,8000,0
50000,2,3,1,51,0,0,0,0,0,0,22000,20454,21899,20895,11241,-861,2000,2100,2000,1000,0,39500,1
280000,2,2,2,28,0,0,0,0,0,0,119587,122015,130286,130705,132964,136400,4411,10282,3006,2659,3436,1000,0
500000,2,1,2,28,0,0,0,0,0,0,302089,279409,258310,221792,201215,183739,10049,10106,9021,7029,9093,10018,0
30000,2,2,2,53,-1,-1,0,0,0,0,356,15666,16863,7380,8580,10000,15700,2000,2000,1200,2200,0,1
210000,1,1,1,33,0,0,0,0,0,0,154714,150011,139854,138054,136674,136196,4830,4700,4515,4426,4436,4765,0
160000,1,2,1,46,0,0,0,0,0,0,116988,114956,114531,106467,106967,109245,4200,5555,4000,4000,4000,4200,0
60000,2,2,2,24,0,0,0,0,0,0,50840,49592,44412,45402,35704,36524,2100,1847,1837,1139,1254,1387,0
150000,2,1,2,32,-2,-2,-2,-2,-2,-2,1999,3769,1999,1999,1500,1500,3769,1999,1999,1500,1500,1500,0
80000,1,1,2,28,-1,-1,0,0,0,0,198,734,1580,2338,3140,3907,734,1044,1000,2000,1500,800,0
290000,1,2,1,38,-2,-2,-2,-2,-2,-2,24709,291,6161,6200,3892,4072,291,6170,6216,3892,4072,4382,0
360000,1,1,1,39,0,-1,-1,-1,0,-1,167685,3288,75244,6468,3169,3130,3304,75260,6484,24,3144,3458,0
360000,1,2,1,39,0,0,0,0,0,-1,29814,22699,16866,13618,5000,8000,1333,2500,5000,2000,8000,5000,0
260000,1,1,2,31,-1,-1,-1,-1,-1,-1,500,0,832,0,284,463,0,832,0,284,463,0,1
110000,2,1,2,31,0,-1,-1,-2,-2,-2,14268,2491,0,0,0,0,2491,0,0,0,0,0,0
150000,2,2,2,23,0,0,0,0,0,0,167317,166596,165990,161285,156749,151863,10000,10000,6000,6000,5500,5500,0
180000,2,1,1,35,0,0,0,0,0,0,68488,47603,48705,50140,60607,67976,3603,5705,3003,10607,7976,5412,0
50000,2,2,1,45,0,0,0,0,0,0,48153,49073,12630,9215,9215,8011,2000,2022,2000,0,1000,1904,0
80000,2,3,2,25,0,0,0,0,0,0,88786,86391,84871,81813,45094,38121,3200,4000,3000,1500,1500,1300,0
50000,1,1,1,47,1,-2,-1,-1,-2,-2,0,0,1708,0,0,0,0,1708,0,0,0,0,0
30000,2,3,1,43,-1,3,2,2,0,0,10330,10040,10903,10533,10132,10343,0,1149,101,348,359,364,0
500000,2,1,2,37,0,0,0,0,0,0,20181,21197,23839,24869,27437,31957,1358,3000,1432,3000,5000,5000,0
200000,2,5,1,50,-2,-2,-2,-2,-2,-2,0,1882,1312,0,0,0,1882,1325,0,0,0,0,0
10000,1,2,2,27,0,0,0,0,0,0,9457,9554,7335,9025,7886,8382,1107,1310,2000,269,1000,1100,0
230000,2,2,1,48,0,0,0,0,0,0,344458,320215,298031,272103,205797,179247,11000,12500,11000,7000,36700,6650,0
30000,2,2,2,25,0,0,0,0,0,0,30523,30554,30593,30619,29146,29823,2000,2000,1700,1200,1300,1300,0
60000,1,3,1,42,0,0,0,0,0,0,19489,20496,21702,22360,19760,0,1336,1542,1200,500,0,0,0
20000,1,2,1,25,0,0,0,0,0,0,14447,15455,17562,17322,17119,17350,1552,2659,1419,606,500,1000,0
50000,1,2,1,47,-1,-1,-1,2,0,-1,390,390,780,780,390,390,390,780,390,0,390,0,0
210000,2,1,2,33,1,-2,-2,-2,-2,-2,0,0,0,0,0,0,0,0,0,0,0,0,0
80000,1,2,2,26,1,2,0,0,0,-1,27897,24833,23331,21964,19664,2544,0,1527,1500,540,2544,2789,1
50000,2,3,2,49,0,0,0,0,0,0,39803,37595,23250,26293,21508,20971,5007,1602,10002,5000,2000,2000,0
100000,2,1,2,33,-2,-2,-2,-2,-2,-2,3417,7366,12146,752,5931,7855,7400,12146,752,5931,7855,3966,0
420000,2,1,1,32,-1,-1,-2,-2,-2,-2,8871,358,0,0,20,0,358,0,0,20,0,0,0
160000,2,1,2,28,0,0,0,0,0,0,118695,125186,131648,137902,145046,152551,10000,10000,10000,10000,10000,6000,0
190000,2,2,2,26,0,0,2,0,0,0,115608,138097,130898,130950,115342,115657,26500,0,7000,4550,4600,4170,0
50000,2,1,2,23,0,0,2,0,0,0,9978,12493,10447,12247,9195,4995,3000,0,2020,0,100,2000,0
130000,1,2,1,39,0,0,0,0,-2,-2,19698,10058,10833,0,0,0,1500,1000,0,0,0,0,0
500000,2,1,1,35,-1,-1,-1,-1,-1,-1,3290,10881,2517,2957,889,40855,11000,2517,2957,1000,41000,170,1
190000,2,1,2,28,0,0,0,0,0,0,141693,143464,146943,151905,153538,156664,5618,5795,7408,5645,5753,6370,0
280000,2,1,2,29,-1,-1,-1,-1,-1,0,33210,526,9252,21254,1608,407,726,9298,21360,1614,2,4069,0
230000,2,1,2,26,-2,-1,-1,0,0,0,865,221,16601,17833,15708,10013,221,16601,1513,1000,350,500,0
160000,2,1,1,38,0,0,0,0,0,0,132932,134384,131724,131767,133195,126064,8005,15000,10000,7000,5000,8000,0
30000,2,2,1,26,0,0,0,0,2,0,20105,21419,22278,24423,19985,15021,1650,1506,2651,0,2044,550,0
20000,2,2,2,34,0,0,0,0,0,0,18649,19727,20330,20199,19609,19957,1700,2000,1200,0,348,0,0
170000,2,1,2,26,0,0,0,0,0,0,22680,13827,9522,10254,5520,6212,2000,2000,2000,0,2000,1320,0
20000,2,3,1,50,2,0,0,0,0,0,15887,16895,18379,19020,18620,19000,1275,1759,1400,0,380,0,1
30000,2,1,2,46,0,0,0,0,2,0,18910,20592,21949,24116,23430,25044,2000,2000,2535,0,2000,2300,0
220000,2,2,1,40,-2,-2,-2,-2,-2,-2,5785,4164,8553,11652,14968,7898,4183,8603,11709,15823,7937,5302,0
120000,2,3,2,32,-1,0,0,0,0,0,66551,67876,69903,71446,79589,81354,2429,3120,3300,10000,3200,3200,0
300000,2,1,1,31,-1,-1,-1,2,-1,-1,17641,2749,27838,4184,856,6781,2765,28773,0,856,6781,8462,0
180000,1,1,2,26,-1,-1,-2,-1,0,0,189,-2811,-2811,126884,129020,131708,0,0,131453,4209,4350,4099,0
300000,1,1,1,55,0,0,0,0,0,0,127480,130168,134080,126996,127820,130325,4810,6164,6069,4425,4412,4123,0
80000,2,3,2,52,0,0,0,0,0,-1,42635,39508,36060,30470,18306,7432,1623,1740,1200,366,7432,0,0
140000,1,2,2,26,1,3,2,0,0,0,146023,141873,137057,135046,136131,135292,6,233,6342,4800,5100,5000,1
300000,1,2,2,47,0,0,0,0,0,0,109274,110453,115453,118522,118586,118179,3000,5000,5013,4514,4220,4008,0
90000,2,2,2,35,2,2,2,2,2,2,89282,91247,68552,67324,39573,28610,6201,0,25000,0,2235,0,0
300000,2,2,2,28,0,0,0,0,0,0,327724,325970,325020,319750,265136,262378,11250,11877,10487,7831,8092,7634,0
150000,2,2,1,28,0,-1,-1,-1,-1,-1,12780,850,850,430,840,430,850,850,430,840,430,860,1
190000,2,2,2,26,0,0,2,0,0,0,115608,138097,130898,130950,115342,115657,26500,0,7000,4550,4600,4170,0
140000,2,2,1,34,1,-2,-2,-2,-2,-2,0,0,0,0,0,0,0,0,0,0,0,0,0
390000,2,1,1,42,0,0,0,0,0,0,310075,184647,90383,55212,29701,-1429,10021,4000,15046,20000,0,10090,0
30000,1,1,1,35,1,2,2,2,-1,0,18829,19223,20599,15642,23789,20562,1000,2014,6,25700,800,1989,1
80000,2,2,1,34,-1,-1,-1,-1,0,-1,1383,5030,1964,7541,3201,5026,5030,1964,7568,0,5026,2371,0
80000,2,2,1,35,3,2,0,0,0,0,78317,71421,59564,56592,52766,48208,9,2203,3006,3005,2005,2000,1
90000,1,1,2,27,0,0,0,0,0,0,21506,18304,15783,16815,17236,17807,1600,2000,1600,1000,1000,1000,0
180000,2,3,1,39,1,-2,-2,-1,3,2,0,0,0,300,300,150,0,0,300,0,0,645,0
160000,2,3,2,26,-1,-1,-1,-1,-1,-1,390,390,390,390,390,390,390,390,390,390,390,390,0
180000,2,1,1,35,-1,-1,-1,2,-1,-1,3544,-36,163,163,1772,148,0,1000,0,2000,0,5000,0
140000,1,1,2,50,-1,2,-1,-1,-1,-1,780,780,390,0,780,390,0,390,0,780,390,0,1
320000,2,5,1,46,-2,-2,-2,-2,-2,-2,17849,5149,16615,2914,696,740,5149,16654,2914,696,740,6498,0
280000,1,2,2,30,2,2,2,2,2,2,106907,110550,113877,115223,116930,112607,6900,6600,4700,5100,0,4200,0
210000,1,3,1,49,0,0,0,0,0,0,27984,27686,29209,28326,26198,25020,1500,2000,1500,1000,1500,1300,0
20000,1,2,2,24,2,2,2,2,0,0,5266,6026,15855,16295,17023,17388,1000,10000,1000,1000,639,2822,1
280000,1,2,2,30,2,2,2,2,2,2,106907,110550,113877,115223,116930,112607,6900,6600,4700,5100,0,4200,0
80000,2,2,2,36,2,2,2,0,0,0,82177,89893,80774,80082,78545,76742,10096,0,3800,3125,2783,3000,1
150000,2,1,2,40,0,0,0,2,0,0,16986,18693,20885,21738,22080,23558,2000,2500,1500,1000,2000,2000,0
60000,2,3,1,23,2,0,0,0,0,0,60406,57491,59137,59345,29399,29339,2055,2570,1620,1020,1050,1080,0
30000,1,2,2,25,-2,-2,-2,-2,-2,-2,836,836,836,390,390,390,836,836,390,390,390,0,0
360000,1,1,2,30,-1,-1,-1,0,0,0,10821,5559,3272,13756,12852,20893,5586,3364,13132,10034,16104,14348,0
200000,2,1,2,25,0,0,0,-1,0,0,11740,7221,1341,25068,52486,45047,2012,1025,32994,37042,2004,2502,0
50000,2,1,2,23,1,-1,2,0,0,0,-69,7721,3079,7095,7237,6446,7790,0,4095,245,234,266,1
20000,2,3,1,52,0,0,0,2,0,0,10248,11271,13513,12999,14456,16313,1501,2743,0,1686,2089,0,1
10000,1,2,2,29,2,2,0,0,2,2,5948,5716,7132,8477,8292,9861,0,1500,1500,0,1604,212,1
50000,1,1,2,22,0,0,0,0,0,0,38251,34489,32252,6182,17118,8922,4000,1500,1500,2500,500,400,0
130000,1,6,1,37,-1,-1,-1,-1,-1,-1,1390,2196,7533,4656,840,390,2196,7533,4689,840,390,390,0
100000,2,1,1,49,1,2,0,0,0,2,103307,97590,99560,95952,98744,97896,0,4700,4400,6000,2000,4000,1
100000,2,2,1,30,-1,0,0,0,0,0,98048,97585,84514,85496,69656,61532,3903,8000,5000,4000,3000,2300,0
190000,2,1,2,29,0,0,0,0,0,0,28096,29322,30144,31243,32719,33540,2000,1600,1600,2000,1500,1300,0
230000,2,1,2,29,-2,-1,2,-1,-1,-1,3764,10943,6588,4571,2526,5375,11142,1430,4571,2526,5375,3133,0
260000,1,5,2,35,0,0,0,0,0,0,138834,143518,146714,148787,152306,155690,7000,7000,6000,6001,6000,6000,0
440000,1,1,2,39,0,0,0,0,0,0,120448,115977,104887,86807,71641,12420,3939,3506,3589,3061,1031,1044,0
350000,2,1,1,45,-1,-1,-1,-1,-1,-1,291,291,291,291,291,291,291,291,291,291,291,291,0
140000,1,1,2,31,0,0,0,0,0,0,128036,106657,45887,137487,111602,111552,4180,2800,100005,3800,3990,4285,0
10000,2,2,1,29,0,0,0,0,0,0,6176,6512,7447,8777,8956,9731,1265,1200,1500,400,1000,273,0
60000,1,3,2,31,2,2,2,2,0,0,31649,30841,34336,33489,35615,38027,0,4000,0,3000,3000,2000,1
270000,2,1,2,37,-2,-2,-2,-2,-2,-2,7842,6380,16098,1350,558,0,6380,16098,1350,558,0,128934,0
80000,1,2,2,32,-1,-1,-1,-1,-1,-1,2976,13384,2255,1830,2647,11083,13424,2267,1835,2655,11116,4020,0
130000,1,2,1,34,0,0,0,0,0,0,129998,132880,128615,130553,100976,96560,6543,6700,6050,4040,3700,3562,0
100000,2,1,2,24,0,0,0,0,0,0,84895,71271,71053,70405,71109,73905,3513,3169,3002,2022,3907,7145,0
20000,1,1,2,22,0,0,2,0,0,0,17875,20524,17478,18224,18926,19627,3300,0,1500,1000,1000,1000,0
140000,1,2,1,38,1,2,2,2,2,2,129497,131877,135309,131671,138771,141146,6000,7000,0,10800,4800,0,1
450000,2,3,1,56,1,-1,-1,-1,-1,-1,-4,831,-3,646,-2,418,835,0,649,0,420,1204,1
130000,2,3,2,28,1,-1,-1,-1,-1,-1,0,14051,0,1358,1039,164,14051,0,1358,1039,164,167,0
310000,2,1,2,27,0,0,0,0,0,0,134525,115126,105687,102306,93929,87681,6200,5222,5197,4000,5000,3980,0
100000,2,1,2,26,1,-1,-1,-1,-1,-1,0,632,0,316,632,0,632,0,316,632,0,316,0
50000,2,2,1,50,0,0,0,0,0,0,21956,20439,20691,17081,16234,16330,2000,1306,1206,1000,697,532,0
90000,1,2,1,45,-1,3,2,2,-1,-1,3664,3449,1776,-1170,390,390,0,0,0,1560,390,930,1
500000,2,2,1,73,-2,-2,-2,-2,-2,-2,0,2826,2652,2835,8896,3850,2826,2652,2835,8896,3850,711,1
100000,2,3,1,48,-1,-1,-1,-1,-1,-1,390,5333,15798,390,2265,1823,5333,15798,390,2265,1823,780,0
30000,1,1,2,24,-1,0,0,0,0,0,1426,2539,3437,5365,6275,7172,1300,1100,2000,1000,1000,2000,0
80000,2,2,2,23,0,0,0,0,0,0,51980,36668,39291,43476,46115,42129,6670,5000,5002,4003,3000,3002,0
50000,2,3,1,44,0,0,-1,0,0,0,48592,38491,900,1900,2900,3000,1063,900,1000,1000,100,0,1
230000,1,1,2,34,-1,-1,0,0,0,0,23396,25723,49223,66006,47412,29290,25748,30029,27417,1016,640,260,0
210000,2,1,2,33,1,-2,-2,-2,-2,-2,0,0,0,0,0,0,0,0,0,0,0,0,0
50000,1,3,1,31,0,-1,-1,-1,-1,-1,1473,390,390,390,0,780,390,390,390,0,780,0,1
100000,2,1,2,34,0,0,0,0,0,2,66193,63155,50385,31371,54713,28347,3413,5010,10005,30326,0,20000,0
30000,2,3,1,43,-1,3,2,2,0,0,10330,10040,10903,10533,10132,10343,0,1149,101,348,359,364,0
250000,2,3,1,43,-2,-2,-2,-2,-2,-2,278,278,278,278,278,428,278,278,278,278,428,278,0
200000,2,1,1,40,-1,-1,-1,0,0,-1,5853,6549,9389,18475,1016,4934,6567,9421,14068,3,4948,7770,0
50000,2,2,1,44,0,0,0,0,0,0,5358,6221,7241,8249,8414,8590,1109,1129,1137,302,312,313,0
50000,1,2,2,26,0,0,0,0,0,0,47052,47874,40933,16603,16932,17287,1728,2856,1276,605,627,633,0
10000,1,2,2,29,2,2,0,0,2,2,5948,5716,7132,8477,8292,9861,0,1500,1500,0,1604,212,1
20000,1,1,2,27,0,0,0,0,0,0,39628,20571,19089,19658,19453,19108,1610,1323,1600,830,700,674,0
30000,2,2,2,23,2,2,2,2,2,2,12376,13475,12973,15144,14603,15767,1600,0,2700,0,1400,0,1
120000,2,1,2,25,0,0,0,0,0,0,58106,53974,51786,43180,41469,42004,2000,3000,3000,4000,4000,2000,0
400000,1,1,3,31,1,-1,-1,-1,-1,-1,0,1731,499,1487,499,499,1731,499,1487,499,499,36983,0
240000,2,1,1,50,-2,-2,-2,-2,-2,-2,498,-2,497,-3,-3,-3,0,499,0,0,0,0,0
360000,1,2,1,47,-2,-2,-2,-2,-2,-2,1730,2500,0,0,0,0,2500,0,0,0,0,0,0
390000,1,1,2,37,-2,-2,-2,-2,-2,-2,73,10925,0,0,0,0,10952,0,0,0,0,0,1
80000,2,3,1,65,0,0,0,0,0,0,82074,80260,82116,80299,81416,81617,3470,3750,3520,3069,3271,3262,0
160000,2,2,2,38,0,0,0,0,0,0,133017,125321,122044,111799,92039,89536,7008,6300,5000,3000,2606,4006,0
80000,1,2,1,43,0,0,0,0,0,0,78726,78837,76792,61435,26516,27215,3000,3000,3000,1500,1500,1500,0
120000,2,1,2,23,0,0,0,0,0,0,117035,115624,117204,116835,77926,76993,6000,6000,4000,4000,3000,3500,0
80000,2,1,2,54,0,0,0,0,0,0,78294,79247,74954,79356,48981,46848,3500,5608,8000,1205,1500,2000,1
200000,2,3,1,49,2,-1,2,2,2,0,570,52439,51040,56205,54723,58657,52439,0,6000,0,5000,2286,1
200000,1,1,1,41,-1,-1,-1,2,0,-1,1980,1802,5647,3604,1802,1802,1802,5647,0,0,1802,3829,0
300000,2,1,1,34,-1,-1,-1,-1,-2,-2,56,0,849,0,0,112,0,849,0,0,112,550,0
50000,2,3,1,27,2,0,0,0,2,0,11275,37651,38498,40644,39731,35657,27234,1754,2900,0,1265,832,1
80000,2,2,2,25,0,0,0,0,0,0,47836,49038,53158,48269,48019,46908,2000,5000,2000,2000,2000,2000,0
280000,1,2,1,30,-1,3,2,-1,-1,-1,652,652,326,476,2482,-101,0,0,476,2482,101,326,0
360000,1,3,1,46,-2,-2,-2,-2,-2,-2,0,0,0,0,0,0,0,0,0,0,0,0,0
120000,2,3,2,32,-1,0,0,0,0,0,66551,67876,69903,71446,79589,81354,2429,3120,3300,10000,3200,3200,0
460000,1,1,2,29,0,0,0,0,0,0,428369,436349,449078,457587,240651,245605,16833,21000,20000,8000,8000,8100,0
120000,1,1,1,41,0,0,0,0,0,-1,115467,54921,56542,58023,17421,105771,2000,2500,2800,1000,109000,4200,1
260000,2,2,1,33,0,0,0,0,0,0,151123,134736,135593,120909,102524,40157,4002,6067,10000,3000,40157,1466,1
20000,2,3,1,52,0,0,0,2,0,0,10248,11271,13513,12999,14456,16313,1501,2743,0,1686,2089,0,1
50000,1,1,2,24,0,0,0,0,0,0,31292,32766,34426,34725,18049,19593,2000,2500,1353,1500,2000,1501,0
130000,1,2,1,34,0,0,0,0,0,0,129998,132880,128615,130553,100976,96560,6543,6700,6050,4040,3700,3562,0
30000,2,2,1,60,1,-2,-2,-2,-2,-2,0,0,0,0,0,0,0,0,0,0,0,0,0
500000,2,1,1,44,-1,-1,-1,-1,-1,-1,29178,26963,33166,48858,66050,43769,26963,33169,48858,66050,43769,37509,0
150000,2,1,3,30,1,-1,2,-1,-1,-1,6043,50,6527,2168,-7,1373,0,8589,2500,0,1380,0,0
50000,2,2,1,45,0,0,0,0,0,0,39944,41180,41870,8469,8411,8361,2124,2037,1130,295,302,296,0
280000,1,1,2,31,-2,-2,-2,-2,-2,-2,-1,-1,-1,-1,-1,219,0,0,82150,0,220,1124,0
200000,2,1,1,37,-1,-1,-1,-1,0,0,9212,0,261,8203,13203,9691,0,261,8203,5000,0,13185,0
170000,2,1,2,29,-1,0,0,-2,-2,-2,1000,6000,0,0,0,0,5000,0,0,0,0,0,0
500000,1,2,1,33,-1,-1,0,-1,0,0,680,1094,1508,1862,3676,4961,1101,1100,2103,2500,2000,2000,0
140000,1,2,1,38,2,2,2,2,2,2,53797,55007,56128,56713,55796,56251,2700,2600,2100,600,1500,4545,1
50000,2,3,2,44,2,2,2,2,2,2,40985,42115,41164,43658,44644,43798,2100,0,3500,2000,0,2000,1
