360000,2,1,1,48,0,0,0,0,0,0,202783,202036,202918,202197,199002,197781,10000,10000,10000,7500,8000,8000,0
30000,2,2,1,32,1,-2,-2,-2,-2,-2,0,0,0,0,0,0,0,0,0,0,0,0,1
60000,1,2,2,24,0,0,0,0,0,0,58197,47537,46576,41376,36959,35508,3000,3010,3004,3000,3000,3000,0
320000,2,3,1,44,1,-1,2,2,-1,-1,-1,507,507,-900,3750,3216,508,0,0,5330,3216,2041,0
230000,2,2,2,41,-2,-2,-2,-2,-2,-2,24477,23722,4791,3516,7475,5352,23722,4791,3516,7475,5352,2120,0
80000,2,3,1,47,-1,-1,2,-1,-1,-1,390,780,390,390,390,390,780,390,390,390,390,2379,1
360000,1,1,1,32,-1,-1,-1,-1,-1,-1,7462,2708,5562,3906,8413,3079,2721,5588,3924,8454,3093,4095,0
60000,2,3,1,44,-1,0,0,0,0,0,63236,64683,66510,58622,47317,48726,2500,3000,2292,1526,2000,2000,1
210000,2,2,2,32,-2,-2,-2,-2,-2,-2,355,975,410,0,0,0,979,412,0,0,0,0,0
50000,1,2,1,49,0,0,0,0,0,0,48321,48890,30272,31080,15315,15238,1839,1640,1901,526,537,577,1
100000,2,2,2,31,-2,-2,-2,-2,-2,-2,4576,1872,2511,3333,2765,900,1872,2517,3339,2765,900,2575,1
190000,2,2,1,40,0,0,0,0,0,0,124082,125032,129167,130331,132958,135814,4500,6147,4800,4800,5000,10600,0
330000,1,2,1,48,-2,-2,-2,-2,-2,-2,6051,8346,8952,2732,2732,2732,8387,8996,2745,2745,2745,2734,0
350000,2,1,1,33,0,-1,-1,-1,-1,-1,82964,68532,17926,17966,30741,31088,68940,18018,18058,30897,31244,88461,1
210000,2,2,1,41,-1,0,-1,-1,-1,-1,13340,42862,9584,7978,6728,6728,42000,9600,7978,6728,6728,6728,0
260000,2,1,2,37,-1,-1,-1,2,-1,-1,1050,1050,2287,1050,1050,1050,1050,2287,0,1050,1050,2174,1
330000,1,4,1,33,0,0,0,0,0,0,26586,23818,24164,25042,25665,24059,1700,1522,1400,1000,820,770,0
200000,1,1,2,28,-1,-1,2,-1,-1,-1,5765,12386,2662,6023,8303,171059,12453,12,6053,8337,171074,5036,0
360000,2,1,2,39,-1,-1,-2,-2,-1,-1,1070,0,0,0,906,0,0,0,0,906,0,4341,1
120000,2,1,2,29,-2,-2,-2,-2,-2,-2,0,0,0,0,0,0,0,0,0,0,0,0,0
310000,2,1,1,39,-1,-1,-1,-1,0,0,3803,678,3050,9080,4990,4940,681,3072,9100,23,4964,1676,0
20000,1,2,1,33,1,2,0,0,2,2,4481,4261,5272,6685,6429,7225,0,1087,1500,0,900,0,0
310000,2,1,1,39,-1,-1,-1,-1,0,0,3803,678,3050,9080,4990,4940,681,3072,9100,23,4964,1676,0
230000,2,2,2,24,0,0,2,0,0,0,64929,65093,59349,56418,52950,49439,6000,0,3000,2000,1500,3000,0
500000,2,3,1,40,0,0,0,0,0,-1,38322,38913,27489,27053,-9,14863,1284,1231,1154,0,14872,121,0
120000,2,3,1,38,0,0,0,0,0,0,111098,114863,118038,118805,59210,61267,5600,6500,5000,3000,3000,3000,0
240000,1,1,1,34,0,0,-2,-1,0,0,102650,0,0,4557,7557,9275,0,0,4557,3000,4000,2282,0
500000,2,1,1,44,0,0,0,0,0,0,111937,104203,96617,97437,185322,179697,4000,4009,17446,100000,10000,20000,0
220000,2,2,1,33,0,0,0,0,0,0,41352,43757,46012,47543,48489,49506,3100,3269,2800,1736,1799,1964,0
260000,1,1,2,37,-2,-2,-2,-2,-2,-2,256,188,188,198,217,1825,188,188,198,217,1825,198,0
90000,2,1,2,32,-1,-1,-2,-1,-1,-1,7563,-12,-12,3230,387,1642,0,0,3242,387,1642,0,0
130000,2,3,2,46,0,0,0,0,0,0,131996,132177,132927,131866,130707,129174,5000,5000,4600,5000,4614,5139,0
300000,1,2,2,29,-2,-2,-2,-2,-2,-2,0,0,0,0,0,0,0,0,0,0,0,0,1
150000,2,2,2,29,-1,-1,-1,-1,-1,-1,933,598,1062,0,1810,0,598,1062,0,1810,0,3163,0
20000,2,2,2,33,0,0,0,0,0,0,11635,12604,12870,12726,13336,2496,2000,1308,1000,1000,50,0,0
360000,2,1,2,27,1,-2,-2,-2,-2,-2,0,0,0,0,0,0,0,0,0,0,0,0,0
310000,1,2,2,46,2,0,0,0,0,0,102064,104072,105063,107113,109263,120347,5030,4000,3633,3671,12600,0,1
100000,1,1,1,35,1,2,-1,-1,0,0,3515,2975,2342,12016,10203,5323,10,3141,12021,135,507,6,0
140000,1,2,2,26,1,3,2,0,0,0,146023,141873,137057,135046,136131,135292,6,233,6342,4800,5100,5000,1
20000,2,2,2,39,0,0,0,0,0,0,20885,20373,19391,20085,19938,0,2157,1660,1300,541,0,0,0
20000,2,2,2,28,1,2,0,0,0,0,20583,19942,16614,15941,13205,6009,0,1358,1065,327,187,325,0
150000,2,2,2,28,0,0,0,0,0,0,22943,18989,19961,16549,14227,15380,1335,1307,1178,1500,1500,1000,0
90000,2,2,1,32,-1,2,-1,-1,-2,-1,3682,3472,33784,0,0,256,0,33812,0,0,256,3500,0
80000,2,2,1,47,-2,-2,-2,-2,-2,-1,966,0,647,1988,1049,1466,0,647,1990,1049,1466,6309,1
140000,1,2,2,39,1,-1,0,-1,0,0,10091,18324,8808,27319,19278,11505,18539,1000,27329,386,1000,16215,0
140000,2,2,1,27,0,0,0,0,0,0,125792,126771,132730,124689,105447,106704,5000,10000,5000,5000,5000,5000,0
200000,1,2,2,25,1,2,0,0,0,0,124652,109401,63518,14607,16399,18026,6,5000,2000,2000,2000,20000,0
150000,2,2,1,49,1,-1,-1,-1,-1,-1,0,970,8867,0,600,0,970,8867,0,600,0,0,0
210000,1,3,2,32,0,0,0,0,0,0,204157,211065,206043,181945,52712,3574,10059,10120,8256,5000,4036,153904,0
50000,2,3,1,34,0,0,0,0,0,0,24203,23708,23609,22675,21628,20576,1367,1741,1280,706,700,776,0
50000,1,3,1,41,0,0,0,0,0,0,49782,50741,48468,39203,28913,26636,1816,1753,1433,990,967,1071,0
110000,2,1,2,27,0,0,0,0,0,0,52426,45107,44310,34820,36005,25976,1772,1900,1815,2000,1500,2000,0
500000,2,2,1,34,-2,-2,-2,-2,-2,-2,17172,34674,6229,11534,12482,18192,35454,6229,11534,12564,18192,32550,0
340000,2,2,1,57,-1,-1,-1,-1,-1,-1,16729,8942,10301,20793,14817,4614,8942,10321,20793,14817,4614,7005,0
500000,2,2,1,50,0,0,0,2,0,0,290301,296479,306661,306438,298068,293489,11000,15000,10000,10003,10000,11000,0
160000,2,3,2,26,-1,-1,-1,-1,-1,-1,390,390,390,390,390,390,390,390,390,390,390,390,0
50000,2,1,2,33,0,0,0,0,0,0,13452,14524,15586,16622,17344,17864,1300,1300,1300,1000,800,1000,0
310000,2,1,2,27,0,0,0,0,0,0,134525,115126,105687,102306,93929,87681,6200,5222,5197,4000,5000,3980,0
20000,2,2,1,42,0,0,0,0,0,3,6336,7350,8370,9380,10078,10072,1125,1145,1154,852,150,0,1
30000,2,2,2,25,0,0,0,0,-2,-2,15767,16083,6115,0,0,0,1488,1000,0,0,0,0,0
360000,1,2,1,47,-2,-2,-2,-2,-2,-2,1730,2500,0,0,0,0,2500,0,0,0,0,0,0
320000,2,2,1,37,2,2,2,2,2,2,289260,297888,304025,308421,315291,310339,14500,12001,10500,13000,1,120021,0
50000,1,2,1,26,1,4,3,2,2,3,13294,12799,12311,11816,14014,13506,0,0,0,2394,0,0,1
70000,2,2,2,24,0,0,0,0,0,0,67897,62826,62595,40327,48673,46158,3000,2916,2004,15006,3000,2200,0
200000,1,3,1,49,0,0,0,0,0,0,51437,52580,53732,54837,56025,59511,2000,2000,2000,2100,4400,0,0
140000,1,3,1,56,2,0,0,0,0,0,90462,93167,94370,95894,91600,93347,4212,3600,3258,3313,3258,3223,1
340000,1,2,2,36,-2,-2,-2,-2,-2,-2,19628,14586,15018,12062,3894,7957,14594,15047,12064,3894,7957,18191,0
450000,2,3,2,44,-2,-2,-2,-2,-1,-1,11150,4281,0,2442,14234,-2988,4281,0,2442,14234,452,0,0
500000,2,2,1,73,-2,-2,-2,-2,-2,-2,0,2826,2652,2835,8896,3850,2826,2652,2835,8896,3850,711,1
50000,2,2,2,35,0,0,-1,0,0,0,50521,50466,49821,43945,29669,28469,1649,51869,1884,1023,1173,1193,0
210000,2,2,2,54,0,0,0,0,0,0,197324,201977,205800,205590,98572,90521,8000,11000,6000,4098,3500,3000,0
240000,1,1,1,34,0,0,-2,-1,0,0,102650,0,0,4557,7557,9275,0,0,4557,3000,4000,2282,0
20000,2,3,1,46,0,0,2,2,2,2,11691,14179,13662,15518,14972,16925,3000,0,2088,0,2200,0,1
140000,1,1,2,31,0,0,0,0,0,0,128036,106657,45887,137487,111602,111552,4180,2800,100005,3800,3990,4285,0
290000,2,1,2,35,-2,-2,-1,-1,0,0,2348,10421,566,12008,19820,17135,10421,566,12008,8012,343,2630,0
280000,2,1,2,46,-1,-1,-1,-1,-1,-1,2475,1236,2726,10898,1050,812,1236,2726,10916,1056,812,9109,0
220000,1,1,2,38,0,0,0,0,0,0,159322,164176,167028,170480,173818,177556,7500,7000,6500,6000,6000,10000,0
200000,1,1,2,28,-1,-1,-1,-1,-1,-1,5838,2256,9552,4215,3400,3286,2256,9588,5135,3487,3295,7791,0
80000,2,2,1,27,0,0,0,0,0,0,77039,78746,79757,40498,29212,29621,2984,2449,1612,798,1307,359,1
20000,1,2,1,40,0,0,0,0,0,0,10288,9276,5622,19263,18433,26132,3010,2010,15000,4000,2000,2000,0
150000,2,3,1,34,0,0,0,-1,-1,-1,28210,19130,10000,8000,0,10000,1130,1000,8000,2000,10000,0,0
160000,1,1,2,30,0,0,0,0,0,0,143457,134345,77045,69659,70186,75249,5237,3034,3010,5011,10006,8070,0
50000,2,2,1,41,1,2,2,2,0,0,23165,21974,20544,17210,15754,10860,2000,2101,0,2201,1000,0,1
110000,1,1,2,29,0,0,0,0,0,0,106698,104546,100272,92615,92657,93364,6000,4800,4300,3600,3500,3600,0
50000,1,2,2,22,0,0,0,0,0,0,38311,52702,50639,53052,47335,32489,20052,16216,8734,1018,9421,10055,0
50000,2,2,1,28,0,0,0,0,0,0,45797,47226,48065,49158,50646,12927,2500,1900,1898,2386,629,792,1
240000,2,2,1,28,2,2,2,2,2,0,191137,210333,206332,214981,194817,186895,24000,0,12014,0,5307,5001,1
20000,2,2,2,28,1,2,0,0,0,0,20583,19942,16614,15941,13205,6009,0,1358,1065,327,187,325,0
140000,2,2,2,26,0,0,0,0,0,2,271896,141057,144306,141949,141345,136379,14000,7200,19000,10400,0,4931,1
500000,1,3,1,55,2,0,0,0,0,0,613860,512526,334227,145482,125936,91382,37300,11000,4500,4000,4000,100000,1
50000,1,1,2,24,0,0,0,0,0,0,31292,32766,34426,34725,18049,19593,2000,2500,1353,1500,2000,1501,0
130000,2,2,1,29,0,0,0,0,0,0,67260,69269,72276,74347,77259,78403,4000,5000,4347,5000,3038,2135,0
30000,2,2,1,26,0,0,0,0,2,0,20105,21419,22278,24423,19985,15021,1650,1506,2651,0,2044,550,0
30000,2,2,1,35,0,0,0,0,0,0,30471,30578,29846,28631,27359,21750,1472,2000,1064,1000,1223,0,0
150000,2,2,2,23,0,0,0,0,0,0,167317,166596,165990,161285,156749,151863,10000,10000,6000,6000,5500,5500,0
170000,2,2,1,39,0,0,-1,0,0,0,100849,100000,10274,16446,16578,20487,2000,10274,6446,332,10487,5000,0
200000,2,2,2,24,0,0,0,0,0,0,52143,53186,55929,194441,146190,141550,1910,3600,141000,5100,5200,5100,0
350000,1,2,2,40,0,0,0,0,-1,-1,28194,29334,30900,0,223,223,1500,2000,0,223,223,223,0
100000,2,1,2,30,-1,-1,-1,-1,-2,-2,430,35993,2772,0,0,0,35993,2772,0,0,0,0,0
30000,2,2,2,35,2,2,0,0,0,0,25368,24662,26001,27012,27241,27812,0,1739,1750,975,1010,3226,1
100000,2,1,2,28,-2,-2,-2,-2,-2,-2,-177,-207,1050,0,0,0,0,1257,0,0,0,0,0
520000,2,3,1,54,0,0,0,0,0,0,653062,671563,689627,706864,383160,294641,28500,30500,30000,15000,15000,0,0
50000,2,3,1,33,0,0,-2,-2,-2,-2,23500,0,0,0,0,0,0,0,0,0,0,0,0
310000,1,1,2,32,-2,-2,-2,-2,-2,-2,8242,32447,17314,8639,12862,4553,32617,17417,8702,12926,4575,1990,0
20000,2,1,2,24,0,0,0,2,0,0,19335,20094,19495,18845,19023,17928,1415,3600,0,700,4500,1900,0
30000,1,2,2,29,0,0,0,2,2,2,19363,20723,22492,22819,24441,23910,2000,2100,1000,2000,0,1000,1
490000,1,2,1,57,0,0,0,0,0,0,59056,60236,62268,63264,62928,66334,2153,3000,2112,2124,6004,3024,0
200000,2,2,1,36,0,0,0,0,0,0,184697,186660,77221,110294,68214,72103,8001,5000,35000,6000,5000,5000,0
230000,2,2,2,28,0,0,0,0,0,0,111295,112425,95155,72983,70329,69340,4473,5000,2624,2360,3100,1600,0
30000,1,2,2,23,0,0,-2,-2,-2,-2,41300,0,0,0,0,0,0,0,0,0,0,0,0
30000,2,2,2,30,0,0,0,0,0,0,24482,25571,26294,27308,27853,28504,1800,1441,1455,1000,1100,2500,1
200000,2,2,2,34,0,0,2,2,0,0,189490,204278,207559,202518,164682,168224,18000,8000,0,6000,6200,7000,1
60000,2,3,1,47,0,0,0,0,0,0,33867,35303,36032,37431,37863,38954,2000,1601,2000,1354,1700,1010,0
90000,2,2,1,34,0,0,0,0,0,0,18358,14764,8374,29525,28333,27879,1300,1300,22000,1000,1012,1400,0
90000,1,2,1,31,0,0,0,0,0,0,70329,69073,70561,72021,73912,58301,2471,2600,2633,3108,2052,1858,0
270000,1,3,1,47,0,0,0,0,0,0,161999,165303,168837,172281,175705,179582,6000,6200,6254,6290,6710,8250,0
170000,1,2,1,40,0,0,0,2,2,2,148211,149659,155442,162471,158294,166836,5400,8200,11400,0,10800,0,0
30000,1,1,1,37,1,2,2,0,0,2,20829,22689,22043,23367,24983,25437,2500,0,2000,2000,1000,0,1
360000,1,1,1,32,-1,-1,-2,-2,-2,-2,2500,0,0,0,0,0,0,0,0,0,0,0,0
120000,2,1,2,23,0,0,0,0,0,0,117035,115624,117204,116835,77926,76993,6000,6000,4000,4000,3000,3500,0
50000,2,3,2,50,1,-2,-2,-2,-2,-2,0,0,0,0,0,0,0,0,0,0,0,0,1
500000,1,5,1,53,0,0,0,0,0,0,431243,415022,421996,426103,125218,126650,11000,12602,11000,4711,6000,11000,0
230000,2,1,1,35,0,0,0,0,0,0,165405,168697,172990,177963,77076,78848,6027,7000,8000,3000,3000,3226,0
50000,2,2,1,40,0,0,0,0,0,0,31934,32711,34061,32672,32479,33431,2000,3000,3000,3000,2000,1000,1
360000,2,1,1,48,0,0,0,0,0,0,202783,202036,202918,202197,199002,197781,10000,10000,10000,7500,8000,8000,0
80000,2,3,2,52,0,0,0,0,0,-1,42635,39508,36060,30470,18306,7432,1623,1740,1200,366,7432,0,0
150000,2,2,2,44,0,0,0,0,0,0,37050,39471,41515,43879,44446,45394,3000,2636,3000,1528,1600,2000,0
150000,1,1,2,39,-2,-1,-1,-1,-2,-2,8766,5890,1000,0,0,0,5950,1010,0,0,0,0,0
80000,2,1,2,43,0,0,0,-2,-1,-1,80958,77783,-478,-1739,1261,1261,1556,0,0,4261,1261,540,0
140000,2,2,1,40,0,0,0,0,0,0,98221,97548,98457,102811,104605,106917,3600,5000,6000,5000,4000,10000,0
320000,2,1,1,42,0,0,0,0,0,0,212883,197352,201913,103278,62891,64948,9000,9000,6000,3000,3000,3000,0
20000,2,2,1,42,2,3,2,2,2,2,18162,18464,19465,19649,19978,20512,900,1600,800,950,1000,800,1
50000,1,3,1,31,1,1,-2,-2,-2,-2,43200,0,0,0,0,0,6000,0,0,0,0,0,0
50000,2,2,2,35,0,0,-1,0,0,0,50521,50466,49821,43945,29669,28469,1649,51869,1884,1023,1173,1193,0
200000,2,1,2,35,0,0,0,0,0,0,65503,66805,68726,70586,72409,73926,2394,3000,3000,3000,2685,2100,0
50000,2,2,1,37,0,0,0,0,0,0,50664,49163,49811,49978,20062,20259,3000,2500,2000,1102,2000,2900,0
120000,1,2,2,27,0,0,0,0,0,0,29344,33474,29029,26523,20554,19348,5053,1789,2037,659,802,640,0
220000,2,1,1,41,8,7,6,5,4,3,246915,243234,238172,232446,227800,225044,0,0,0,0,0,0,1
200000,1,1,2,28,-1,-1,2,-1,-1,-1,5765,12386,2662,6023,8303,171059,12453,12,6053,8337,171074,5036,0
20000,1,2,2,22,0,0,0,0,0,0,16439,17140,18269,38082,19923,6825,1279,1408,1180,1000,500,500,0
80000,2,2,2,22,0,0,0,0,0,0,76405,77043,79524,75773,29126,8671,2780,3745,1628,596,173,2114,0
200000,2,1,1,41,1,-1,0,-1,2,0,2217,61328,2877,160944,156864,160066,61634,2877,160944,0,5900,13000,1
360000,2,1,1,48,0,0,0,0,0,0,202783,202036,202918,202197,199002,197781,10000,10000,10000,7500,8000,8000,0
220000,1,1,2,38,0,0,0,0,0,0,159322,164176,167028,170480,173818,177556,7500,7000,6500,6000,6000,10000,0
180000,2,1,2,30,0,0,0,0,0,-2,7808,4511,3435,5345,2018,164,1198,1099,2009,2024,164,2159,0
500000,2,1,2,35,0,0,0,0,0,0,3994,11230,10925,11795,14384,15806,11160,1244,1114,2703,3435,402,0
310000,1,4,1,46,-1,-1,-1,-1,-1,-1,15431,10414,21209,91238,18293,14332,10414,21229,91254,18293,14332,15785,0
60000,2,3,2,44,2,2,2,2,2,2,11847,62478,55887,70562,71322,58821,55887,0,20783,2500,0,3000,1
180000,2,2,2,37,1,2,0,0,0,0,37095,32881,33627,128051,106834,105551,0,3042,109470,4000,4000,7028,0
50000,1,2,2,25,0,0,0,0,0,2,29425,30932,32128,33588,38106,37364,2000,2000,2000,5100,0,4000,0
380000,1,2,2,37,-1,-1,-1,-1,-1,0,2302,7281,2686,2281,5760,9239,7500,2700,2300,6000,6000,3000,0
90000,2,1,2,27,0,0,0,0,0,0,61799,62561,63069,62643,59265,59046,2400,2518,2514,2100,2500,2500,0
50000,2,5,1,33,1,2,0,-1,2,0,26358,24890,25440,26191,25193,25742,4,1925,28293,0,1100,2030,0
50000,2,2,1,28,0,0,0,0,0,0,45797,47226,48065,49158,50646,12927,2500,1900,1898,2386,629,792,1
230000,2,2,2,40,0,0,-1,-1,-1,-1,164208,161207,1665,1228,8599,3890,7105,1762,1228,8599,3890,6999,0
640000,2,2,2,39,0,0,0,0,0,0,119887,123223,119211,118722,105197,93921,10000,10000,10535,15000,5000,13627,0
210000,2,2,2,36,1,-2,-2,-2,-1,0,0,0,212,3066,13206,10583,0,212,3066,13206,212,0,0
200000,1,3,2,30,-2,-2,-2,-2,-2,-2,0,680,1100,1500,1402,0,680,1100,1500,1402,0,0,0
400000,2,3,2,49,1,-1,-1,-1,-1,-1,0,877,33508,9506,8967,4326,877,33508,9506,8967,4326,5420,0
100000,1,2,1,38,0,0,0,0,0,0,15788,8242,10095,11636,6649,8649,2000,2000,2007,2000,2000,5000,0
20000,2,2,1,42,1,3,2,0,0,0,21001,20372,19376,20295,19505,19964,0,0,1400,390,459,241,0
200000,2,2,2,27,-1,-1,-1,-1,-1,-1,6369,5830,7254,7164,4576,5792,5830,7254,7164,4675,5792,5196,0
50000,2,3,2,49,0,0,0,0,0,0,39803,37595,23250,26293,21508,20971,5007,1602,10002,5000,2000,2000,0
20000,1,3,1,40,3,2,2,2,2,2,300,300,300,300,300,300,0,0,0,0,0,0,1
360000,2,3,2,45,-2,-2,-2,-2,-2,-2,0,0,0,0,0,0,0,0,0,0,0,0,1
200000,2,2,1,27,0,0,0,0,0,0,157222,160320,162140,165431,168726,172430,7200,5888,5990,6031,6415,6301,0
230000,2,1,2,31,-1,-1,-1,-1,-1,-1,2274,7398,5537,1247,0,1000,7398,5537,1259,0,1000,4134,0
20000,1,1,2,24,1,-1,-1,-2,-1,-1,255,541,275,329,544,190,541,275,329,544,190,241,0
310000,2,1,2,31,0,0,0,0,0,0,175357,168933,163384,164700,142767,125972,6006,7006,10000,9000,5000,4500,0
50000,2,2,1,38,0,0,0,0,-2,-2,6350,3239,4166,0,0,0,1100,1000,0,0,0,0,1
80000,2,2,2,36,2,2,2,0,0,0,82177,89893,80774,80082,78545,76742,10096,0,3800,3125,2783,3000,1
260000,2,2,1,30,0,0,0,0,0,0,66433,67134,67768,69033,70166,71377,2400,2496,2429,2599,2827,2050,0
50000,2,2,1,27,0,0,0,0,0,0,47254,43583,35245,27520,25928,26470,1720,3100,1723,1100,1111,1200,1
90000,2,2,3,36,0,0,0,0,0,0,91552,88751,54704,37660,32074,18372,55000,5023,5030,11000,9765,10000,0
60000,2,3,1,23,2,0,0,0,0,0,60406,57491,59137,59345,29399,29339,2055,2570,1620,1020,1050,1080,0
170000,1,3,1,46,-1,-1,-1,-1,-1,0,1804,1804,1804,1804,3608,1804,1804,1804,1804,3608,0,1804,1
360000,2,1,2,35,-1,-1,-1,-1,0,0,1475,13466,17584,17354,37703,22490,14200,17631,17741,25203,10000,216,0
260000,2,2,2,37,-1,-1,-1,-1,-1,-1,188,188,189,192,188,0,188,189,192,188,0,526,0
360000,2,1,2,27,1,-2,-2,-2,-2,-2,0,0,0,0,0,0,0,0,0,0,0,0,0
730000,1,3,1,56,0,0,0,0,0,0,746814,374028,351588,86927,66111,38491,20500,16500,3000,2000,2000,5000,0
80000,2,2,2,56,0,0,0,0,0,0,49350,49533,49339,50415,45859,43152,2000,2000,2000,2007,1600,1900,0
290000,2,2,2,25,0,0,0,0,0,0,78719,71559,66658,68627,61578,59274,2510,2500,3000,3000,3000,3000,0
140000,2,2,1,46,0,0,0,0,0,0,82497,83206,85862,86676,88948,54312,2978,3997,3140,3707,2104,1946,0
110000,1,1,2,28,0,0,0,0,0,0,107560,100395,79889,70062,70901,72754,4024,3008,3200,2600,3000,3000,1
20000,1,3,2,48,-1,-1,-2,-1,-1,-1,170,-220,-610,390,0,19993,0,0,1390,0,20773,400,0
10000,1,3,2,41,0,0,-2,-2,-1,-1,10400,0,0,0,400,0,5275,0,0,400,0,2400,0
50000,1,3,1,50,-1,-1,-1,-1,-1,-1,7056,2840,1413,2890,4715,1262,2840,1413,2890,4715,1262,5483,0
170000,2,2,2,36,-2,-2,-2,-2,-2,-2,2848,1941,0,0,0,0,1941,0,0,0,0,0,0
80000,2,2,1,24,2,2,-1,0,0,0,3177,-13,4229,4161,4042,6807,0,4242,1032,1000,2812,2248,1
280000,2,1,2,37,-1,2,-1,-1,-1,-1,2560,2343,4689,2289,1700,803,0,4689,2300,1725,803,129,1
390000,1,1,2,47,-1,-1,-2,-1,-1,-1,898,0,0,2582,128,6273,0,0,2582,128,6273,0,0
20000,1,3,1,53,3,4,3,2,3,2,15507,14974,14449,15116,14582,14206,0,0,1200,0,0,2230,1
500000,1,1,1,31,0,0,0,0,0,0,400780,408982,373137,316654,324049,294926,30000,25025,20000,15010,20000,0,0
20000,1,2,2,24,0,0,0,0,0,0,17172,18179,19061,20182,19982,19482,1597,1479,1600,400,0,298,0
500000,1,1,1,51,1,2,2,0,0,0,231300,235865,230713,235401,238828,243477,9838,0,10018,8845,8800,9000,0
500000,2,2,1,45,1,-1,-1,-1,-2,-2,0,1376,3719,-200,-200,-200,1376,3723,1319,0,0,0,1
80000,1,2,2,30,0,0,0,0,0,0,64330,65813,66282,67285,68309,71830,2934,2500,2500,2500,5000,3000,0
300000,2,2,1,38,-2,-2,-2,-2,-2,-2,0,0,0,0,0,0,0,0,0,0,0,0,0
480000,1,1,1,41,1,-2,-2,-2,-2,-2,0,0,0,0,0,0,0,0,0,0,0,0,0
180000,2,2,1,34,0,-1,-1,-1,-1,-2,13954,5589,4312,2490,0,0,5589,4312,2490,0,0,150,0
130000,1,3,2,30,0,0,0,-1,-1,-1,29344,3268,6186,700,1680,0,1107,3025,707,1680,0,0,0
20000,1,2,1,40,1,2,3,2,3,3,14829,17267,16706,18694,19049,18459,3000,0,2560,955,0,661,0
310000,2,1,2,36,0,0,0,0,0,0,67940,45746,46979,42045,40334,49542,2000,2000,2000,2000,13000,2000,0
50000,2,2,2,32,0,0,0,0,0,0,12513,13595,14570,15523,15964,16554,1600,1500,1500,1000,1000,1000,0
30000,2,2,1,60,1,-2,-2,-2,-2,-2,0,0,0,0,0,0,0,0,0,0,0,0,0
260000,1,5,2,35,0,0,0,0,0,0,138834,143518,146714,148787,152306,155690,7000,7000,6000,6001,6000,6000,0
220000,2,1,1,30,2,2,0,0,0,0,150682,139629,136020,115942,54611,42363,0,6824,2726,1239,2953,112742,0
160000,2,1,1,38,0,0,0,0,0,0,132932,134384,131724,131767,133195,126064,8005,15000,10000,7000,5000,8000,0
20000,2,2,2,38,1,4,3,2,0,0,21769,21139,20521,19817,14932,10812,0,0,0,448,380,345,0
320000,2,2,2,26,1,3,2,2,2,0,303926,305625,299382,316898,310361,312581,8100,0,24100,0,11700,12000,1
350000,1,2,1,38,1,2,0,0,2,0,70845,69318,71301,75129,71313,68046,0,3500,5500,0,2500,2000,0
160000,1,1,1,41,1,-2,-2,-2,-2,-2,0,0,0,0,0,0,0,0,0,0,0,0,1
230000,1,1,2,39,-1,-1,-1,-1,2,-1,260,834,-150,517,53,603,1000,0,667,0,700,10200,0
50000,2,3,1,34,0,0,0,0,0,0,24203,23708,23609,22675,21628,20576,1367,1741,1280,706,700,776,0
290000,1,2,1,46,0,0,-1,0,0,-1,31824,20578,13505,13386,12536,5850,1529,13505,6000,5000,6000,0,0
220000,2,1,1,39,-1,-1,-1,-1,-1,-1,2342,1120,5707,2021,15441,7661,1122,5738,2041,15516,7697,2916,0
20000,2,2,2,35,0,0,0,0,0,0,15852,16861,17884,18590,18959,19347,1579,1602,1308,677,692,1577,1
250000,1,2,2,26,0,0,0,0,0,0,123148,135439,42090,61558,80894,93938,15447,12004,21558,20894,15000,20000,0
320000,2,2,1,42,-1,-1,-2,-2,-2,-2,8144,0,0,0,0,0,0,0,0,0,0,0,1
240000,2,1,2,29,0,-1,0,0,0,0,10747,30380,15579,20496,15296,24332,30439,10023,10000,5000,15000,15000,0
130000,2,2,1,29,0,0,0,0,0,0,67260,69269,72276,74347,77259,78403,4000,5000,4347,5000,3038,2135,0
50000,2,2,1,29,0,0,0,0,0,0,48529,42955,50543,49032,19830,18299,3000,9000,2000,2000,700,4000,0
50000,2,2,2,24,2,0,0,0,0,0,23497,24197,25226,26238,26760,27318,1395,1424,1436,958,989,1128,0
320000,2,2,2,30,-1,-1,-1,-1,-1,0,3690,3720,4206,15610,10556,11863,3720,4206,15610,10556,8000,5600,0
150000,2,2,1,50,-2,-2,-2,-2,-2,-2,0,0,0,0,0,0,0,0,0,0,0,0,1
120000,2,3,2,31,1,2,0,0,0,0,122806,119325,112976,63658,38495,38226,15,3500,2000,1500,1500,5000,0
470000,2,2,1,45,0,0,0,0,0,0,212948,188435,182687,153366,114451,122489,30000,15000,5052,5000,10000,15000,0
50000,2,3,1,44,0,0,2,0,0,0,13881,11494,5847,4871,3007,2136,3483,0,1000,0,993,0,0
180000,1,1,2,26,-1,-1,-2,-1,0,0,189,-2811,-2811,126884,129020,131708,0,0,131453,4209,4350,4099,0
300000,1,1,1,37,-2,-2,-2,-1,-1,-2,19954,22492,20477,27206,37191,7543,23348,20477,27206,177202,7543,13719,0
50000,1,2,2,27,0,0,0,0,0,0,49321,47912,39421,40165,41198,43766,1700,2000,1700,1700,3400,1000,0
110000,1,1,2,29,0,0,0,0,0,0,47982,43735,41840,40199,39612,27926,1809,2012,1504,1502,1514,1007,0
120000,2,3,1,38,0,0,0,0,0,0,111098,114863,118038,118805,59210,61267,5600,6500,5000,3000,3000,3000,0
80000,2,2,2,56,0,0,0,0,0,0,49350,49533,49339,50415,45859,43152,2000,2000,2000,2007,1600,1900,0
330000,1,3,1,39,-2,-2,-2,-2,-2,-2,2184,2184,2184,2184,2184,2184,2184,2184,2184,2184,2184,2184,0
20000,1,2,1,37,0,0,0,0,0,0,11551,9181,7266,11282,3303,2350,1102,2100,1000,132,47,0,0
80000,2,2,2,36,2,2,2,0,0,0,82177,89893,80774,80082,78545,76742,10096,0,3800,3125,2783,3000,1
100000,2,1,2,27,0,0,0,0,0,0,43599,45865,54424,56032,59475,47491,3000,10000,2647,5000,2000,4000,0
180000,2,1,1,39,-1,-1,-1,-1,-1,-1,892,6809,18390,13999,933,933,6846,18399,13999,933,933,993,0
10000,1,2,2,28,1,2,2,2,2,2,3717,3659,5640,5401,6811,6567,150,2200,0,1500,0,6000,1
50000,2,3,1,33,0,0,-2,-2,-2,-2,23500,0,0,0,0,0,0,0,0,0,0,0,0
80000,1,1,2,26,0,0,0,0,0,0,56808,55901,57030,56576,53819,48604,3000,3010,4000,5000,3000,2200,0
70000,2,2,1,57,0,0,0,0,0,0,18379,19571,22729,24346,24940,25539,1500,3500,2000,1000,1000,1500,0
100000,2,3,1,50,2,2,2,2,-1,0,117517,110537,99734,99973,71008,66735,4700,0,3000,103000,2500,3000,1
200000,2,2,1,37,0,0,0,0,0,0,114480,117791,123108,124327,127011,134519,5000,7000,4500,4500,9500,5000,0
60000,1,1,2,27,0,0,0,0,0,0,5370,7268,10131,11644,14430,17180,2000,3000,2000,3000,3000,2000,0
310000,2,3,1,37,-2,-2,-2,-2,-2,-2,4052,6514,-3484,-3484,-3484,13833,6514,0,0,0,17317,0,0
230000,2,1,1,32,-2,-2,-2,-2,-2,-2,2774,0,0,0,0,5347,0,0,0,0,5347,0,0
160000,1,1,2,30,0,0,0,0,0,0,143457,134345,77045,69659,70186,75249,5237,3034,3010,5011,10006,8070,0
300000,2,1,2,28,0,0,0,0,-1,-1,10291,19617,19326,10662,10162,10250,19326,10000,1940,10200,10500,10000,0
310000,2,2,1,44,-1,0,0,0,0,0,67423,67729,113788,106919,100656,93846,10000,56000,5000,4000,3300,5000,0
40000,1,2,1,55,1,-2,-2,-2,-2,-2,-150,-540,-930,-1320,-1710,-2100,0,0,0,0,0,0,1
50000,1,2,2,37,0,0,0,0,0,0,16029,17039,18064,19076,19453,19862,1281,1306,1318,695,721,1018,1
210000,2,2,2,54,0,0,0,0,0,0,197324,201977,205800,205590,98572,90521,8000,11000,6000,4098,3500,3000,0
50000,2,2,1,34,-2,-1,0,0,0,0,50680,50655,50710,50503,40140,-21364,50702,2033,1776,2000,29000,59901,0
30000,2,3,2,28,-1,-1,-1,-1,-1,2,8432,25460,557,1299,600,450,25460,1000,1306,600,0,11961,0
160000,2,3,3,36,-1,-1,0,-1,-1,-1,9330,31745,22829,6000,6000,0,31745,1049,6000,6000,0,4345,0
100000,2,1,2,42,0,0,2,0,0,0,93256,99710,97051,98342,56639,57388,8300,0,4100,3000,2500,2233,0
20000,1,2,2,37,1,2,0,0,0,0,14440,13916,15376,18075,18830,20423,0,2000,3000,1000,2000,0,1
120000,2,1,2,32,-1,2,0,-1,-1,-1,1192,696,1210,1799,1594,1255,0,1179,1799,1594,1255,1133,0
150000,2,1,2,40,0,0,0,2,0,0,16986,18693,20885,21738,22080,23558,2000,2500,1500,1000,2000,2000,0
80000,2,2,2,38,0,0,0,0,0,0,17816,18095,17374,14298,12259,10498,3000,2000,1000,2000,2000,2000,0
140000,1,1,1,50,0,0,0,0,0,0,83957,87160,89365,91005,94651,97132,5000,4000,3618,5481,5000,5000,0
60000,2,2,1,29,-1,-1,-1,-1,-1,-1,1033,2076,26,3742,3352,3570,2081,26,4822,3352,3570,1799,0
50000,1,2,1,49,0,0,0,0,0,0,48321,48890,30272,31080,15315,15238,1839,1640,1901,526,537,577,1
60000,2,3,1,48,0,0,0,0,0,0,49890,51060,52236,54362,55458,56767,2000,2000,3000,2000,2200,2500,0
20000,1,2,2,23,1,2,2,0,0,2,17081,16809,17541,18250,19463,19010,300,1305,1305,1518,0,1861,1
390000,1,1,1,31,0,0,-1,-1,-1,-1,54007,62761,10373,6803,2601,2979,49188,10411,6830,2608,2987,2236,0
170000,2,1,2,26,0,0,0,0,0,0,22680,13827,9522,10254,5520,6212,2000,2000,2000,0,2000,1320,0
400000,1,2,1,35,0,0,0,0,-1,0,212647,148816,129580,50790,49106,40591,6000,9353,10000,49106,2000,2000,0
200000,2,1,2,45,-1,-1,-1,-2,-2,-2,2377,221,0,0,0,0,221,0,0,0,0,0,0
440000,1,1,2,33,-2,-2,-2,-2,-2,-2,2380,1750,4697,7502,2249,4532,1750,4697,7502,2249,4532,101750,0
140000,1,3,1,56,2,0,0,0,0,0,90462,93167,94370,95894,91600,93347,4212,3600,3258,3313,3258,3223,1
180000,2,1,2,30,0,0,0,0,0,-2,7808,4511,3435,5345,2018,164,1198,1099,2009,2024,164,2159,0
280000,2,2,2,47,-2,-2,-1,0,0,0,12477,13915,67119,53044,66668,61466,13987,69805,1711,26743,10057,54318,0
20000,2,1,2,24,-1,-1,-1,-1,-1,-1,440,4023,440,440,440,440,4023,440,440,440,440,440,0
210000,2,1,2,31,-1,-1,-1,-1,-1,-1,1983,422,815,191,-174,472,422,815,191,0,646,1125,0
20000,1,2,2,22,1,2,2,2,0,0,14542,14011,16899,16335,16509,17590,0,3132,0,742,1501,0,1
210000,2,2,1,41,-1,0,-1,-1,-1,-1,13340,42862,9584,7978,6728,6728,42000,9600,7978,6728,6728,6728,0
180000,2,2,1,41,-1,-1,-1,-1,-1,-1,4351,11953,9380,3070,8263,12663,12069,9443,3262,8302,12668,5502,0
170000,2,2,2,51,0,-1,-1,-1,-1,-1,1606,1420,1420,1420,1420,3464,1420,1420,1420,1420,3464,1420,0
100000,1,3,2,44,0,0,0,0,0,0,90128,91542,92686,94122,53720,54866,4200,3900,3854,2000,2000,2000,1
30000,2,2,1,44,0,0,0,0,0,0,28467,29792,29739,24950,25248,25109,1814,1459,1373,871,890,1375,1
130000,1,2,1,37,0,0,0,2,2,2,25991,28053,30891,30096,32169,31520,2500,3300,0,2578,0,3225,1
100000,2,3,1,39,-1,-1,0,-1,-1,-1,380,1357,1977,380,380,1253,1357,1000,380,380,1253,2434,0
630000,1,2,1,46,0,0,0,0,0,0,125975,91247,81317,146005,146207,106467,3416,4300,84700,4211,4470,3600,0
30000,2,2,2,35,2,2,0,0,0,0,25368,24662,26001,27012,27241,27812,0,1739,1750,975,1010,3226,1
230000,2,1,2,29,1,-2,-1,-1,-1,-1,0,0,249,0,449,1530,0,249,0,449,1530,0,0
30000,2,1,1,32,0,0,0,0,0,0,27764,29276,28637,29325,30004,30506,2000,2000,1500,1100,1300,1000,1
260000,1,1,2,33,2,2,2,2,2,2,128352,131768,128251,142480,145630,150147,7000,0,18000,7000,7000,5500,0
100000,2,2,1,48,0,0,0,0,0,0,109033,97041,80993,72751,67146,68490,3641,3782,5000,5000,3000,3000,0
230000,2,1,2,26,-2,-1,-1,0,0,0,865,221,16601,17833,15708,10013,221,16601,1513,1000,350,500,0
140000,1,2,1,38,1,2,2,2,2,2,129497,131877,135309,131671,138771,141146,6000,7000,0,10800,4800,0,1
50000,1,2,2,26,1,2,0,0,2,2,16412,15851,16889,19909,19291,20675,0,1294,3314,0,1700,0,0
210000,1,3,2,32,0,0,0,0,0,0,204157,211065,206043,181945,52712,3574,10059,10120,8256,5000,4036,153904,0
50000,1,2,2,26,0,0,0,0,0,0,47052,47874,40933,16603,16932,17287,1728,2856,1276,605,627,633,0
440000,2,2,1,39,0,0,0,0,0,0,58639,66698,43399,44534,25341,20000,30000,2000,24534,5000,20000,20839,0
400000,2,3,2,49,1,-1,-1,-1,-1,-1,0,877,33508,9506,8967,4326,877,33508,9506,8967,4326,5420,0
80000,2,1,2,31,0,0,0,0,0,0,68613,69744,70313,71636,52471,53316,2600,3000,3000,2000,2000,2454,0
180000,2,1,2,33,1,-1,-1,-1,-2,-1,0,4163,7683,0,0,9500,4163,7683,200,0,9500,0,0
130000,2,3,2,40,0,0,0,0,-2,-2,98874,99363,101618,-32,-32,-32,5000,5000,3000,0,0,1000,0
330000,2,3,1,50,-1,-1,-2,-2,-2,-1,2064,0,0,0,0,324,0,0,0,0,324,0,0
160000,1,1,1,41,1,-2,-2,-2,-2,-2,0,0,0,0,0,0,0,0,0,0,0,0,1
80000,2,2,2,34,1,-2,-1,-1,-1,0,-3,-3,1266,1347,2495,1248,0,1269,1351,2498,3,0,0
230000,2,1,2,26,-2,-1,-1,0,0,0,865,221,16601,17833,15708,10013,221,16601,1513,1000,350,500,0
250000,2,2,2,55,-2,-2,-1,-1,0,0,603,1867,2470,3887,4731,8710,1867,2661,3887,1000,4000,1000,0
230000,2,4,2,34,0,0,0,-1,-1,-1,2223,2233,159,1772,28704,19474,1000,159,1778,28704,19474,650,0
170000,2,1,2,34,-2,-2,-1,0,0,-2,1088,1088,5425,5223,1084,1084,1088,5425,1000,2172,1084,1189,0
100000,2,1,2,34,0,0,0,0,0,2,66193,63155,50385,31371,54713,28347,3413,5010,10005,30326,0,20000,0
220000,1,1,2,30,-2,-2,-2,-2,-2,-2,2895,-1,-1,300,90,2194,0,0,301,90,2204,547,0
150000,1,1,2,41,-1,2,-1,-1,-1,-1,1980,990,990,990,990,1980,0,990,990,990,1980,0,0
60000,2,3,1,33,1,2,0,0,2,0,56326,54833,56105,59338,57870,57884,0,2750,4850,0,2180,2400,0
80000,2,3,1,37,2,2,2,2,0,0,93050,99396,100495,97982,100261,102147,8840,3560,0,3912,3832,3508,1
70000,2,2,2,24,0,0,0,0,0,0,67897,62826,62595,40327,48673,46158,3000,2916,2004,15006,3000,2200,0
150000,1,3,1,47,0,0,0,-1,-1,-2,250475,123543,52598,3218,0,0,5772,2424,3218,0,0,0,0
160000,2,2,1,41,1,2,0,0,0,0,99496,97013,98427,102250,102734,104901,0,3879,5459,3675,3821,8256,0
100000,2,2,2,37,-1,-1,-1,-1,-2,-2,390,0,780,0,0,0,0,780,0,0,0,0,0
80000,2,2,2,22,0,0,0,0,0,0,76405,77043,79524,75773,29126,8671,2780,3745,1628,596,173,2114,0
70000,1,2,1,37,0,0,0,0,0,0,68144,69548,70985,64905,48542,48525,2538,2607,2137,1714,1751,2153,0
50000,2,3,1,39,0,0,0,0,0,0,49575,48208,47619,19929,15693,13766,2067,3000,1171,2000,2000,2500,0
70000,2,1,2,29,0,0,0,0,0,0,66330,68278,69181,69494,63275,57430,3049,2621,3032,2074,2000,1800,0
290000,2,2,1,49,0,0,0,0,0,0,282538,281749,238490,86202,83155,84927,10711,12915,2962,2863,2996,3257,1
80000,2,2,1,52,1,2,2,2,2,0,82904,80954,80070,74172,68002,58032,0,7000,4007,0,3000,3000,0
20000,1,3,2,49,1,2,2,-1,0,0,19481,18756,-3744,17105,17250,0,0,0,21200,345,0,0,1
80000,2,1,2,28,0,0,0,0,0,0,39663,40664,42742,43730,44721,45764,1664,2742,2000,1720,1764,1762,0
400000,2,2,2,50,-1,-1,2,-1,-1,-1,15986,4359,1783,129,3170,657,4359,0,129,3170,657,1160,0
470000,2,2,1,45,0,0,0,0,0,0,212948,188435,182687,153366,114451,122489,30000,15000,5052,5000,10000,15000,0
120000,1,1,1,48,2,-1,-1,-1,-1,-1,360,360,360,360,150,870,360,360,360,150,870,510,1
40000,2,1,2,27,0,0,0,0,0,0,9663,10696,11855,13424,14018,14493,1200,1337,1906,1500,475,0,0
100000,2,3,1,43,2,2,0,0,0,0,100792,91738,88883,90710,92471,79318,0,4107,4204,4200,3071,3106,0
500000,1,1,1,37,0,0,2,0,0,0,474934,507062,491956,430637,376657,356636,40024,325,15296,12137,12312,14113,0
50000,1,2,2,29,0,0,2,0,0,0,13778,15837,16285,17009,18223,18778,2600,1000,1300,1500,1000,1000,0
270000,2,2,1,39,0,0,0,0,0,0,85827,87664,90515,91903,93864,96118,3000,4000,3403,3200,3479,4000,0
20000,1,2,2,33,0,0,0,0,0,0,18330,17797,18731,19610,18980,38766,1291,1324,1302,672,701,788,0
150000,2,2,1,35,0,0,0,0,0,0,216793,198866,193870,188045,178892,167419,4818,5024,4051,3788,3622,1215,0
200000,2,2,2,35,0,0,0,-1,-1,-1,6512,4312,0,2412,1396,0,2000,0,2412,1396,0,396,0
50000,2,3,1,44,1,2,3,2,4,3,13112,14679,15143,16892,16341,15798,2100,1000,2300,0,0,0,1
240000,2,2,1,43,-1,-1,-2,-1,-1,-1,54,0,0,177,199,559,0,0,177,200,559,0,0
250000,1,2,2,26,0,0,0,0,0,0,123148,135439,42090,61558,80894,93938,15447,12004,21558,20894,15000,20000,0
290000,2,1,2,30,0,0,0,0,0,-1,288033,260683,190012,36223,-4724,225276,10784,10295,2082,4724,230000,10000,0
150000,2,3,1,43,0,0,0,0,0,0,18308,19973,21000,22013,22449,22922,1973,1353,1366,802,833,837,1
140000,1,1,2,31,0,0,0,0,0,0,128036,106657,45887,137487,111602,111552,4180,2800,100005,3800,3990,4285,0
390000,1,2,1,34,-2,-2,-2,-2,-2,-2,-702,-808,-1141,-1247,-1353,-1459,0,0,0,0,0,0,0
100000,2,1,2,27,-1,-1,-2,-2,-1,-1,4829,0,0,0,5330,0,0,0,0,5330,1274,2100,0
30000,1,2,2,32,2,3,2,2,2,0,32704,31895,31091,31002,29879,29382,0,0,2300,0,996,1000,0
500000,1,2,1,33,-1,-1,0,-1,0,0,680,1094,1508,1862,3676,4961,1101,1100,2103,2500,2000,2000,0
200000,2,1,2,27,-2,-2,-2,-2,-2,-2,4941,5555,15546,1665,3370,-36,5610,15616,1673,3385,0,95456,0
140000,1,2,1,36,1,-1,0,0,0,0,119279,6771,13380,18415,20135,27390,10000,10000,8000,5000,22000,42000,0
300000,1,3,1,45,-1,-1,-1,2,-1,0,836,390,780,390,780,780,390,780,0,780,0,0,0
150000,2,1,2,40,0,0,0,2,0,0,16986,18693,20885,21738,22080,23558,2000,2500,1500,1000,2000,2000,0
80000,2,2,3,29,-1,-1,2,-1,-1,-1,6441,14342,6187,7757,8451,6625,14349,5,7761,8460,6630,6218,0
150000,2,2,1,42,0,0,0,0,2,0,15878,10389,6067,4823,6208,4824,1300,1040,1378,1560,128,239,0
320000,2,5,1,46,-2,-2,-2,-2,-2,-2,17849,5149,16615,2914,696,740,5149,16654,2914,696,740,6498,0
50000,2,3,1,51,0,0,0,0,0,0,22000,20454,21899,20895,11241,-861,2000,2100,2000,1000,0,39500,1
500000,2,1,2,45,-2,-2,-2,-2,-2,-2,0,0,1742,27291,0,0,0,1742,27291,0,0,6386,0
90000,1,4,2,26,-2,-2,-2,-2,-2,-2,2862,0,0,1000,326,326,0,0,1000,326,326,1178,1
420000,2,1,2,31,0,0,0,0,0,0,233413,241503,277447,287781,294010,319257,12000,40000,15000,11000,30000,15000,1
260000,1,3,1,48,0,0,0,0,0,0,154927,158848,160654,155059,141570,134143,8000,6000,7100,5300,5000,5000,0
160000,2,2,1,34,-2,-2,-2,-2,-2,-2,390,390,390,390,390,584,390,390,390,390,584,91,0
30000,1,2,2,29,0,0,0,2,2,2,19363,20723,22492,22819,24441,23910,2000,2100,1000,2000,0,1000,1
100000,1,1,1,40,2,2,0,0,0,0,27002,26274,27045,28598,30131,32356,0,1500,2000,2000,2700,1300,1
240000,2,1,2,39,0,-1,0,0,0,0,52595,238861,198351,195242,187710,171828,238861,6678,7537,10555,5223,5829,0
90000,2,1,2,28,0,0,0,2,2,2,38355,39413,41181,41701,44000,45651,1700,2404,1500,3000,2500,600,0
210000,2,2,2,54,0,0,0,0,0,0,197324,201977,205800,205590,98572,90521,8000,11000,6000,4098,3500,3000,0
360000,2,3,2,39,1,-2,-2,-2,-2,-2,0,0,271,-1,560,0,0,271,0,561,0,0,0
360000,1,1,1,36,-2,-2,-2,-2,-2,-2,1814,6545,0,0,0,0,6545,0,0,0,0,259,0
50000,1,2,2,31,0,0,0,0,0,-1,47533,48640,49483,40850,0,800,2200,2000,3000,0,400,20000,0
120000,1,2,2,29,1,-1,-1,-1,0,-1,0,326,326,652,326,326,652,326,652,0,326,326,1
230000,2,2,2,37,0,0,2,0,0,0,29087,30589,20958,21637,19846,12770,2100,1000,1252,500,1000,1000,0
500000,2,3,2,29,0,0,0,0,0,0,110651,94609,95607,95276,90310,91229,3005,3027,6024,3003,2334,4087,0
140000,2,2,2,26,0,0,0,0,0,2,271896,141057,144306,141949,141345,136379,14000,7200,19000,10400,0,4931,1
430000,2,1,1,46,-2,-2,-2,-2,-2,-2,9270,43717,4153,4196,447,0,43717,4153,4196,447,0,3566,0
160000,2,2,1,31,0,0,0,0,0,0,63780,64675,56561,52338,31133,27590,3518,3015,2128,2000,1000,2473,0
80000,2,2,1,47,-2,-2,-2,-2,-2,-1,966,0,647,1988,1049,1466,0,647,1990,1049,1466,6309,1
20000,1,1,2,25,0,0,0,0,0,0,18069,17905,18712,19682,18384,18768,2180,1400,1300,1000,680,1100,0
50000,2,2,2,46,1,3,2,0,0,0,52308,51194,50101,49527,10147,9965,0,0,1200,400,400,400,0
60000,2,3,2,44,2,2,2,2,2,2,11847,62478,55887,70562,71322,58821,55887,0,20783,2500,0,3000,1
250000,2,2,2,31,0,0,0,0,0,0,171006,167192,46332,40974,26683,26887,5004,3330,2000,2000,2000,3000,0
360000,1,2,1,40,-1,-1,-2,-1,-1,-1,12663,0,0,2455,6447,0,0,0,2455,6447,0,0,0
520000,1,1,2,29,0,0,0,0,0,0,464541,388685,280101,184081,108330,89199,15521,10423,7215,4012,3017,3028,0
170000,2,3,1,30,0,0,0,0,0,0,136639,138223,140964,138064,131845,128827,7200,7405,6022,4606,5006,4809,0
120000,1,2,2,27,0,0,0,0,0,0,29344,33474,29029,26523,20554,19348,5053,1789,2037,659,802,640,0
40000,2,3,2,43,0,0,0,0,0,-2,26449,22072,19085,17550,0,0,1303,1665,1000,0,0,0,0
240000,2,1,2,39,0,-1,0,0,0,0,52595,238861,198351,195242,187710,171828,238861,6678,7537,10555,5223,5829,0
170000,1,2,1,40,0,0,0,2,2,2,148211,149659,155442,162471,158294,166836,5400,8200,11400,0,10800,0,0
50000,2,3,1,37,0,0,0,0,0,0,49080,49240,48751,30250,29570,26969,2228,2000,1370,949,922,2500,0
260000,2,2,1,31,0,0,0,0,0,0,82156,83083,85346,87620,89566,91502,3611,3712,3800,3500,3400,3100,0
50000,1,2,2,34,0,0,-1,-1,-2,-2,4166,0,4166,0,0,0,0,4166,0,0,0,0,0
450000,2,1,1,33,-2,-2,-2,-2,-2,-2,3485,2989,2278,4714,768,1069,3004,2289,4737,771,1074,370,0
80000,1,1,2,29,0,0,0,-2,-2,-2,58246,61650,0,0,0,0,5000,0,0,0,0,0,0
50000,1,2,1,26,0,0,0,0,0,0,38189,28440,23228,21482,18029,18705,3000,1436,1162,2184,871,500,0
230000,2,4,2,34,0,0,0,-1,-1,-1,2223,2233,159,1772,28704,19474,1000,159,1778,28704,19474,650,0
300000,1,1,2,32,2,0,0,0,0,0,255299,255607,258394,261024,260672,263894,9106,11000,11009,10000,10000,10000,1
20000,1,3,1,29,0,0,0,0,0,0,14576,16318,17388,17850,17737,27240,2000,1354,2113,1000,1000,1000,0
200000,2,2,2,33,0,0,0,0,0,0,64932,66223,68261,69133,70689,72201,2365,3100,2600,2700,2800,2700,0
320000,2,2,1,42,-1,-1,-1,-1,-1,-1,2862,18729,23405,16662,38459,2836,18729,23421,16683,38459,2836,1286,0
450000,2,2,1,38,-2,-2,-2,-2,-2,-2,390,390,390,390,390,390,390,780,390,390,390,390,1
120000,2,1,2,28,-1,-1,-1,-1,-1,-1,2494,1394,780,470,-170,180,2000,780,470,0,500,1335,0
30000,1,2,2,25,0,0,0,0,0,0,30274,30517,30485,30533,29148,29782,1932,3900,1700,1200,1180,2500,0
230000,2,3,1,33,0,0,0,0,0,0,233314,222220,210778,211132,179564,176949,8005,10002,15037,6500,16002,8002,0
190000,2,2,2,35,0,0,0,0,0,0,66859,68204,70009,65845,67347,70096,3054,3529,3000,2600,4000,3000,0
20000,2,3,1,50,2,0,0,0,0,0,15887,16895,18379,19020,18620,19000,1275,1759,1400,0,380,0,1
200000,1,2,2,30,0,0,0,0,0,0,183464,184391,169311,165686,162639,165627,7197,7035,7032,6008,7002,6523,0
230000,2,1,2,42,-2,-2,-2,-2,-2,-2,107,529,135,108,830,2536,529,135,108,830,2536,0,0
220000,1,1,2,31,0,0,2,2,2,2,119810,129821,126311,151588,147656,157276,12000,0,27500,0,12000,0,1
140000,2,2,1,24,0,0,0,0,0,0,62755,64001,65341,66674,68003,69424,2285,2365,2413,2431,2514,3000,0
280000,2,2,2,35,0,0,0,0,0,0,259637,259593,261595,267359,236734,231064,10028,12500,13106,231064,15004,8004,0
240000,2,2,1,43,-1,-1,-2,-1,-1,-1,54,0,0,177,199,559,0,0,177,200,559,0,0
20000,1,1,1,41,0,0,0,0,0,0,19796,18510,16077,16389,11286,12833,1507,4011,5066,1003,7000,3000,0
220000,2,1,1,41,8,7,6,5,4,3,246915,243234,238172,232446,227800,225044,0,0,0,0,0,0,1
100000,1,2,1,44,-1,-1,-1,-1,-1,-1,390,390,390,390,390,390,390,390,390,390,390,390,0
20000,2,3,1,45,-1,-1,-1,-1,-1,-1,1403,6920,10785,390,6210,1040,6990,10785,390,6210,1040,9113,0
90000,2,2,2,35,2,2,2,2,2,2,89282,91247,68552,67324,39573,28610,6201,0,25000,0,2235,0,0
260000,2,1,1,32,-2,-2,-2,-2,-2,-2,0,0,0,0,0,1150,0,0,0,0,1150,0,1
170000,2,1,2,34,-2,-2,-1,0,0,-2,1088,1088,5425,5223,1084,1084,1088,5425,1000,2172,1084,1189,0
280000,2,3,1,45,0,0,0,0,0,0,294995,316345,334612,262625,172344,182776,26345,24612,22625,12344,12776,11852,0
310000,2,1,2,29,0,0,0,0,0,0,29906,14780,18261,41540,50803,59927,14750,5000,24000,10000,10000,30000,0
80000,2,2,2,24,0,0,2,2,2,2,70411,75874,76710,74792,79636,77757,6657,2629,0,6000,0,3000,0
500000,2,1,2,28,-2,-2,-2,-2,-2,-1,4428,-31,-31,3963,3418,858,0,0,3994,3435,860,0,0
130000,1,2,1,44,1,2,2,2,2,2,5230,4998,7898,7021,46431,45891,0,3000,0,40200,0,780,1
20000,1,3,1,29,0,0,0,0,0,0,14576,16318,17388,17850,17737,27240,2000,1354,2113,1000,1000,1000,0
50000,1,3,1,31,0,-1,-1,-1,-1,-1,1473,390,390,390,0,780,390,390,390,0,780,0,1
100000,2,2,2,28,0,0,0,0,0,0,50697,51813,53416,32422,33177,42560,1959,2545,1513,1268,10000,10000,0
80000,2,2,2,34,1,-2,-1,-1,-1,0,-3,-3,1266,1347,2495,1248,0,1269,1351,2498,3,0,0
200000,2,2,2,34,0,-1,-1,-1,-2,-2,13112,13011,12000,0,0,0,13011,12000,0,0,0,107918,0
200000,2,1,1,40,-1,-1,-1,0,0,-1,5853,6549,9389,18475,1016,4934,6567,9421,14068,3,4948,7770,0
220000,1,3,1,39,0,0,0,0,0,0,188948,192815,208365,88004,31237,15980,8500,20000,5003,3047,5000,1000,0
50000,2,2,1,45,0,0,0,0,0,0,15240,16252,17678,18658,18784,18779,1574,2000,1290,806,824,697,0
340000,2,1,2,26,1,2,2,2,2,0,17211,19262,20012,19728,19042,11728,2637,1353,531,14,235,1400,0
50000,2,1,2,23,0,0,0,2,2,2,15252,16885,18500,18864,19807,19407,2200,2200,1000,1500,0,3000,0
460000,2,2,1,50,0,0,0,0,0,0,581319,552144,523423,493548,429966,427216,19141,19141,20141,14642,31549,15522,1
20000,1,3,1,53,3,4,3,2,3,2,15507,14974,14449,15116,14582,14206,0,0,1200,0,0,2230,1
300000,1,2,1,41,0,0,0,0,0,0,66132,67445,68856,69392,70798,72252,2412,2496,1678,1702,1746,1772,0
100000,2,1,2,28,-2,-2,-2,-2,-2,-2,-177,-207,1050,0,0,0,0,1257,0,0,0,0,0
190000,2,1,2,28,0,0,0,0,0,0,141693,143464,146943,151905,153538,156664,5618,5795,7408,5645,5753,6370,0
30000,1,3,1,42,0,0,-1,-1,-1,-1,1946,1473,390,390,390,0,1000,390,390,390,0,780,0
500000,2,2,1,38,0,0,0,0,0,0,80460,79689,74664,70270,66053,63924,3527,3030,3028,2513,2100,2524,0
300000,2,3,2,36,-2,-2,-2,-2,-1,-1,0,3958,0,0,6536,1400,1979,0,0,6536,1400,50000,0
100000,2,1,2,27,-1,-1,-2,-2,-1,-1,4829,0,0,0,5330,0,0,0,0,5330,1274,2100,0
80000,2,2,2,30,0,0,2,0,0,0,80681,84064,79988,79291,53876,49513,6900,0,4382,1822,2000,2000,0
180000,2,3,1,36,0,0,0,-1,0,0,8911,5838,-2,120442,90430,92325,1034,2,120444,3236,3352,3897,0
280000,1,1,2,31,2,0,0,-1,0,0,278510,279845,0,189841,193313,192742,6996,0,189841,6022,6078,5300,1
50000,1,3,1,48,1,-2,-2,-2,-2,-1,6300,0,0,0,0,5275,0,0,0,0,5275,0,0
320000,2,2,1,42,-1,-1,-2,-2,-2,-2,8144,0,0,0,0,0,0,0,0,0,0,0,1
30000,2,2,2,30,0,0,0,0,0,0,24482,25571,26294,27308,27853,28504,1800,1441,1455,1000,1100,2500,1
400000,1,1,1,30,0,0,0,0,0,-2,12820,15463,50040,22072,6712,5286,5427,37505,10077,233,5312,6991,0
90000,1,2,1,42,0,0,0,0,-2,-2,87104,90651,92400,0,0,0,5000,4500,0,0,0,0,1
210000,1,2,1,31,-1,-1,2,-1,-1,-1,1748,2488,740,2048,740,740,2488,0,2048,740,740,740,0
120000,2,2,2,38,-1,2,2,-1,-1,0,652,652,0,326,652,326,0,0,326,652,0,326,0
150000,1,3,2,39,0,0,0,0,0,0,42029,42678,11413,12418,12415,13211,2100,1500,1500,500,1000,2300,0
200000,2,3,1,28,-2,-2,-2,-2,-2,-2,86,7024,1466,1466,479,2448,7066,1473,1473,486,3442,12,1
140000,2,2,2,27,0,0,0,-1,-1,-1,16037,17066,21199,390,0,390,2000,5000,390,0,390,780,0
30000,2,2,2,22,0,0,0,0,0,0,29449,30308,26186,27698,28987,29568,1402,2000,2000,2000,2500,2000,0
30000,2,3,1,23,0,0,0,0,0,0,26117,27028,27510,27817,28130,27141,1737,1609,1306,1455,857,1087,0
100000,1,2,1,38,0,0,0,0,0,0,15788,8242,10095,11636,6649,8649,2000,2000,2007,2000,2000,5000,0
450000,1,1,1,37,1,2,0,0,0,0,387192,379442,387398,395655,403568,418182,0,14062,14700,14500,21077,12575,1
200000,1,2,2,25,1,2,0,0,0,0,124652,109401,63518,14607,16399,18026,6,5000,2000,2000,2000,20000,0
150000,2,2,1,30,0,-1,-1,-1,-1,-1,1499,1231,0,1872,0,113,1231,0,1872,0,113,0,0
20000,1,2,2,23,3,2,2,7,7,6,2400,2400,2400,2400,2400,1800,0,0,0,0,0,0,1
60000,2,1,2,25,0,0,0,0,0,0,59228,59961,59824,47655,27298,28303,2300,3572,2169,6000,4000,4000,0
180000,1,1,1,30,1,1,-2,-2,-2,-2,143900,0,0,0,0,0,10000,0,0,0,0,0,0
210000,1,2,1,44,1,-2,-2,-2,-2,-2,0,0,0,0,0,0,0,0,0,0,0,0,0
80000,1,3,2,27,0,0,2,2,2,0,10100,59714,62163,62756,61149,62464,50000,4000,2200,0,2300,5108,0
100000,1,2,2,28,-1,-1,-1,-1,-1,-1,942,390,390,390,0,780,390,390,390,0,780,0,0
280000,2,2,1,42,-2,-2,-2,-2,-2,-2,396,396,396,396,10948,61123,396,396,396,10948,61123,54802,0
80000,2,3,1,42,-2,-2,-2,-2,-2,-2,0,0,0,0,0,0,0,0,0,0,0,0,0
310000,2,1,2,27,0,0,0,0,0,0,134525,115126,105687,102306,93929,87681,6200,5222,5197,4000,5000,3980,0
200000,1,1,2,28,-1,-1,2,-1,-1,-1,5765,12386,2662,6023,8303,171059,12453,12,6053,8337,171074,5036,0
180000,1,1,1,75,1,-2,-2,-2,-2,-2,0,0,0,0,0,0,0,0,0,0,0,0,1
360000,1,2,1,39,0,0,0,0,0,-1,29814,22699,16866,13618,5000,8000,1333,2500,5000,2000,8000,5000,0
50000,2,3,1,35,3,2,2,2,0,0,34440,32823,34699,30869,29890,29719,0,3511,0,1045,1066,1134,0
200000,2,2,1,33,0,0,0,0,0,0,15126,14633,14918,16992,8967,8494,3000,2000,5000,2000,1000,2000,0
180000,2,1,2,35,-2,-2,-2,-2,-2,-2,7210,370,8479,792,3826,1997,370,8875,792,3826,1997,396,0
200000,2,1,2,45,-1,-1,-1,-2,-2,-2,2377,221,0,0,0,0,221,0,0,0,0,0,0
290000,2,2,1,49,0,0,0,0,0,0,282538,281749,238490,86202,83155,84927,10711,12915,2962,2863,2996,3257,1
340000,1,3,1,36,0,0,0,0,0,0,362178,303611,92112,75710,63870,52671,10116,3300,5000,10000,10000,30000,1
90000,2,2,1,44,2,2,-1,-1,-1,-1,1654,827,827,2040,1279,1292,0,827,2040,1279,1292,1378,0
230000,2,4,2,34,0,0,0,-1,-1,-1,2223,2233,159,1772,28704,19474,1000,159,1778,28704,19474,650,0
150000,2,2,2,44,0,0,0,0,0,0,37050,39471,41515,43879,44446,45394,3000,2636,3000,1528,1600,2000,0
180000,2,3,1,31,0,0,0,0,0,0,68450,69818,71298,72729,73627,75086,3100,3200,3210,2700,2800,3000,0
170000,2,1,1,50,-1,-1,-1,-1,-1,-1,1978,2191,3185,0,582,3779,2191,3185,0,582,3779,75,0
50000,1,2,2,37,0,0,0,0,0,0,16029,17039,18064,19076,19453,19862,1281,1306,1318,695,721,1018,1
50000,2,3,2,44,2,2,2,2,2,2,40985,42115,41164,43658,44644,43798,2100,0,3500,2000,0,2000,1
50000,1,1,1,49,1,2,0,0,0,0,27231,26500,27533,28569,28901,31095,0,1764,3400,1100,2660,0,1
160000,2,2,2,33,0,0,0,0,0,0,140122,140225,140745,139923,140815,139935,6500,5211,5000,5000,5000,5000,0
400000,2,2,1,39,-2,-2,-2,-2,-2,-2,52306,3638,11649,24140,5803,5937,3656,11713,24265,7832,5966,9363,0
110000,2,2,2,40,0,0,0,0,0,0,111720,86877,133187,65025,62777,62105,3406,2357,2239,3617,2247,2500,1
100000,2,1,2,29,2,2,2,2,2,2,57214,58666,58643,58589,62586,64519,3000,1500,1500,5600,3100,2000,1
410000,1,1,1,38,-1,-1,-1,-1,-2,-2,499,0,35509,0,0,0,0,35509,0,0,0,0,0
100000,2,2,2,30,1,2,0,0,2,2,31708,30904,31953,34308,34951,34261,0,1850,3200,1500,0,1500,1
30000,2,2,2,22,1,2,0,0,0,0,16549,17085,17003,7150,6508,8459,1500,1396,2000,178,2000,2000,0
310000,2,2,2,36,0,0,0,0,0,0,298221,303251,270591,252989,225814,231165,10500,9672,8826,8100,9000,8619,1
50000,1,3,1,42,0,0,2,2,0,0,18838,22834,23553,22876,23328,24955,4650,1380,0,832,2000,0,0
210000,2,1,2,33,1,-2,-2,-2,-2,-2,0,0,0,0,0,0,0,0,0,0,0,0,0
30000,2,3,2,48,2,2,0,0,0,0,26950,23655,25131,29148,12134,12976,0,3200,5000,1000,1000,1000,1
60000,2,2,2,26,1,2,0,0,-2,-2,47963,36871,3800,0,0,0,0,1038,0,0,0,0,0
20000,2,2,2,33,0,0,0,0,0,0,11635,12604,12870,12726,13336,2496,2000,1308,1000,1000,50,0,0
120000,2,3,2,31,1,2,0,0,0,0,122806,119325,112976,63658,38495,38226,15,3500,2000,1500,1500,5000,0
340000,1,3,1,36,0,0,0,0,0,0,362178,303611,92112,75710,63870,52671,10116,3300,5000,10000,10000,30000,1
300000,2,2,2,28,0,0,0,0,0,0,327724,325970,325020,319750,265136,262378,11250,11877,10487,7831,8092,7634,0
80000,2,2,1,49,0,0,0,0,0,0,83888,83503,82265,81974,81253,78343,3900,3000,3500,3200,3800,3300,0
50000,1,2,2,24,1,-2,-2,-2,-2,-2,-1000,0,0,0,0,0,1000,0,0,0,2000,0,0
200000,2,3,1,51,1,-1,-1,-2,-2,-2,0,1221,0,0,0,0,1221,0,0,0,0,0,0
500000,2,1,2,44,-2,-2,-2,-2,-2,-2,522,17643,1462,6224,0,0,20007,5000,7000,0,0,0,0
80000,1,1,2,26,-1,-1,-1,-1,-1,-1,7412,945,1096,162,6600,1780,945,1096,163,6600,1780,0,0
460000,2,2,1,50,0,0,0,0,0,0,581319,552144,523423,493548,429966,427216,19141,19141,20141,14642,31549,15522,1
30000,2,2,2,31,0,0,0,0,0,0,28651,28716,26570,26829,26839,27449,1800,2000,1600,1000,1000,1000,0
640000,2,2,2,39,0,0,0,0,0,0,119887,123223,119211,118722,105197,93921,10000,10000,10535,15000,5000,13627,0
50000,2,3,1,44,1,2,3,2,4,3,13112,14679,15143,16892,16341,15798,2100,1000,2300,0,0,0,1
100000,2,2,2,37,-1,-1,-1,-1,-2,-2,390,0,780,0,0,0,0,780,0,0,0,0,0
50000,2,3,1,33,0,0,-2,-2,-2,-2,23500,0,0,0,0,0,0,0,0,0,0,0,0
340000,2,1,2,26,1,2,2,2,2,0,17211,19262,20012,19728,19042,11728,2637,1353,531,14,235,1400,0
100000,2,3,1,44,2,2,0,0,0,2,12724,12228,13255,13959,14921,14539,0,1529,1233,1195,0,1300,1
80000,2,3,1,37,2,2,2,2,0,0,93050,99396,100495,97982,100261,102147,8840,3560,0,3912,3832,3508,1
20000,1,3,2,24,2,0,0,2,2,2,8295,9310,12130,11644,12250,11910,1160,2980,0,1100,0,1000,1
290000,2,1,2,46,0,0,-1,-1,-1,-1,113618,289002,1332,21429,2228,156721,34507,1343,21542,2239,156733,7219,0
720000,2,2,2,38,1,-2,-2,-2,-2,-2,5065,2184,1744,7323,711,970,2184,1744,7323,711,970,491,0
80000,1,1,2,34,2,2,2,2,2,2,61231,62423,63827,64682,65614,67007,2800,3000,2500,2600,2600,2600,1
140000,1,2,1,38,2,2,2,2,2,2,53797,55007,56128,56713,55796,56251,2700,2600,2100,600,1500,4545,1
210000,2,2,1,45,0,0,0,0,0,0,203273,188955,183774,152509,136376,131656,6515,7113,6011,4471,4513,4261,0
570000,1,1,2,33,0,0,0,0,0,-2,388897,253793,261176,266800,0,0,9083,11472,12000,0,0,0,0
260000,2,1,1,35,-2,-2,-2,-2,-1,-1,-124,-124,-124,1599,360,882,0,0,1723,366,882,0,1
180000,2,3,1,31,0,0,0,0,0,0,68450,69818,71298,72729,73627,75086,3100,3200,3210,2700,2800,3000,0
380000,1,2,2,37,-1,-1,-1,-1,-1,0,2302,7281,2686,2281,5760,9239,7500,2700,2300,6000,6000,3000,0
60000,2,3,1,48,0,0,0,0,0,0,49890,51060,52236,54362,55458,56767,2000,2000,3000,2000,2200,2500,0
250000,2,2,2,55,-2,-2,-1,-1,0,0,603,1867,2470,3887,4731,8710,1867,2661,3887,1000,4000,1000,0
230000,2,1,2,33,1,-1,-1,-1,0,0,-3,4532,0,6264,6392,2538,4535,0,6264,128,0,407,0
300000,2,1,2,27,0,0,0,0,0,0,131760,132770,130595,132683,128557,125900,4700,4995,4516,4034,4088,3886,0
140000,1,1,2,31,0,0,0,0,0,0,128036,106657,45887,137487,111602,111552,4180,2800,100005,3800,3990,4285,0
270000,1,1,1,39,0,0,0,-1,0,0,18221,5973,6511,49873,44658,40703,3005,3027,49935,5021,2004,5008,0
70000,2,2,1,51,2,2,2,2,2,2,42815,43913,44911,45772,46611,47508,2100,2000,1900,1900,1800,1900,1
30000,1,3,1,42,0,0,-1,-1,-1,-1,1946,1473,390,390,390,0,1000,390,390,390,0,780,0
50000,2,2,1,36,0,0,0,0,0,0,46714,47404,48786,49768,27838,84810,1766,2148,2130,1200,1012,2034,0
140000,1,2,1,38,1,2,2,2,2,2,129497,131877,135309,131671,138771,141146,6000,7000,0,10800,4800,0,1
570000,2,1,2,28,0,0,0,0,0,0,33675,29865,33337,32646,30465,31126,3000,5000,3016,3000,4000,4000,0
230000,2,1,1,35,0,0,-2,-2,-2,-2,22909,0,0,0,0,0,0,0,0,0,0,0,0
30000,2,3,2,24,1,-2,-1,0,0,0,0,0,1469,2432,827,0,0,1469,1008,300,0,0,0
180000,1,1,1,75,1,-2,-2,-2,-2,-2,0,0,0,0,0,0,0,0,0,0,0,0,1
300000,2,3,1,30,0,0,0,0,0,0,25936,26008,26324,27249,46007,46764,1500,1800,2000,20000,2160,2400,0
160000,1,2,1,32,1,2,0,0,0,0,5525,4039,3656,3801,2540,2279,0,1094,1500,0,1000,0,1
150000,2,1,2,28,0,0,0,0,0,0,12799,13726,14648,12115,12613,15225,1600,1500,1600,1000,3000,2200,0
140000,2,2,1,34,1,-2,-2,-2,-2,-2,0,0,0,0,0,0,0,0,0,0,0,0,0
150000,1,3,1,47,0,0,0,-1,-1,-2,250475,123543,52598,3218,0,0,5772,2424,3218,0,0,0,0
200000,2,2,2,27,-1,-1,-1,0,-1,-1,13285,2150,14122,27413,35377,29922,2155,14122,23007,7212,29922,37790,0
50000,1,1,1,46,0,0,0,0,2,2,13176,15945,17180,18811,18380,19086,3000,1500,2000,0,2000,0,0
30000,2,3,2,28,-1,-1,-1,-1,-1,2,8432,25460,557,1299,600,450,25460,1000,1306,600,0,11961,0
230000,2,1,1,35,0,0,-2,-2,-2,-2,22909,0,0,0,0,0,0,0,0,0,0,0,0
260000,1,2,1,31,-1,2,-1,-1,-1,-1,7559,4860,1350,4645,4625,12209,0,1350,4645,4625,12209,4365,0
410000,1,2,1,36,0,0,0,0,0,0,421227,416160,419988,359736,358471,360557,15050,16000,13100,12700,13000,13100,0
490000,2,1,1,36,-2,-2,-2,-2,-2,-2,1886,9444,3180,7715,6507,3424,9480,3182,7779,6517,3434,5132,0
250000,2,3,1,43,-2,-2,-2,-2,-2,-2,278,278,278,278,278,428,278,278,278,278,428,278,0
170000,2,2,2,26,2,0,0,0,2,0,111170,113387,115807,119857,117100,118079,4065,5727,7500,2000,4200,5000,1
90000,2,1,2,32,-1,-1,-2,-1,-1,-1,7563,-12,-12,3230,387,1642,0,0,3242,387,1642,0,0
140000,1,2,2,26,1,3,2,0,0,0,146023,141873,137057,135046,136131,135292,6,233,6342,4800,5100,5000,1
100000,2,1,2,24,0,0,0,-1,-1,-1,27753,28306,14320,180,2500,12411,1632,1000,180,2500,10000,0,0
100000,1,2,1,38,0,0,0,0,0,0,15788,8242,10095,11636,6649,8649,2000,2000,2007,2000,2000,5000,0
260000,1,5,2,35,0,0,0,0,0,0,138834,143518,146714,148787,152306,155690,7000,7000,6000,6001,6000,6000,0
220000,2,2,1,36,2,2,2,2,0,0,192654,195725,197466,189149,187531,187856,8500,8200,0,7000,7000,7200,1
40000,1,1,1,47,2,2,2,2,2,2,10555,11084,12605,13102,12595,14386,1000,2000,1000,0,2000,0,1
150000,2,1,2,25,0,0,0,0,0,0,30305,40190,39743,48971,38291,569,10190,10000,10003,0,0,0,0
80000,2,1,2,23,0,0,0,0,0,0,74464,69584,66342,60514,48965,29648,3117,2519,1838,1434,1015,1505,0
120000,2,1,1,35,-1,-1,-1,-1,-1,-1,525,2458,8067,802,2706,3597,2458,8152,802,2706,3597,1400,0
50000,1,2,2,49,1,2,0,0,0,0,47360,45915,46686,47084,14253,15479,0,2200,2000,1000,2000,2000,0
100000,2,1,2,27,0,0,0,0,0,0,43599,45865,54424,56032,59475,47491,3000,10000,2647,5000,2000,4000,0
240000,2,2,1,28,2,2,2,2,2,0,191137,210333,206332,214981,194817,186895,24000,0,12014,0,5307,5001,1
50000,2,3,1,44,0,0,0,0,0,0,47497,47122,46789,37465,27450,28025,2306,2400,2000,983,1018,1030,0
40000,1,2,2,28,-1,-1,-2,-2,-2,-2,3333,-167,-5187,-187,-187,113,167,4982,5000,0,3335,27000,0
70000,2,3,1,29,0,0,0,0,0,0,22438,24055,25359,26434,26993,28551,2000,2000,1500,1000,2000,1500,0
380000,1,1,2,40,0,0,0,0,0,0,245069,251731,257028,266487,269786,265312,12000,10600,15000,9800,10000,10000,0
100000,2,2,1,39,-2,-2,-2,-2,-2,-2,518,0,0,0,0,0,0,0,0,0,0,0,0
260000,1,1,2,33,-2,-2,-2,-2,-2,-2,0,263,0,1368,101,955,263,0,1368,101,955,0,0
100000,1,2,1,39,0,0,-2,-2,-2,-2,91300,0,0,0,0,0,0,0,0,0,0,0,0
340000,1,2,1,30,-2,-1,0,0,0,0,326,7132,16684,25749,30085,30406,7132,10000,10000,5000,1007,6000,0
190000,2,1,2,28,0,0,0,0,0,0,141693,143464,146943,151905,153538,156664,5618,5795,7408,5645,5753,6370,0
60000,2,3,1,33,1,2,0,0,2,0,56326,54833,56105,59338,57870,57884,0,2750,4850,0,2180,2400,0
10000,1,3,2,43,0,0,0,0,0,0,9545,10443,7329,8343,8508,8686,1117,1125,2139,304,315,345,0
60000,2,2,2,25,0,0,0,0,0,0,75932,60693,50324,58688,30099,16810,3121,3000,12000,30000,12000,28618,1
100000,1,1,1,40,2,2,0,0,0,0,27002,26274,27045,28598,30131,32356,0,1500,2000,2000,2700,1300,1
250000,1,1,2,32,-1,-1,-1,-1,-1,-1,55741,74048,29381,56372,34020,4575,74081,29403,56692,34055,4575,0,0
80000,1,2,2,32,-1,-1,-1,-1,-1,-1,2976,13384,2255,1830,2647,11083,13424,2267,1835,2655,11116,4020,0
80000,2,1,2,23,2,2,2,0,0,0,84052,84787,77572,77123,49823,50680,7100,0,3500,2500,2000,2000,1
230000,2,1,2,31,-1,-1,-1,-1,-1,-1,2274,7398,5537,1247,0,1000,7398,5537,1259,0,1000,4134,0
260000,2,1,1,32,1,-2,-2,-2,-1,-1,0,0,0,0,238,0,0,0,0,238,0,0,0
480000,2,1,2,34,-1,-1,-1,0,-1,-1,19810,3478,7782,4720,4440,96628,3495,8037,4523,4462,96665,6865,0
160000,2,3,3,36,-1,-1,0,-1,-1,-1,9330,31745,22829,6000,6000,0,31745,1049,6000,6000,0,4345,0
120000,2,1,1,35,-1,-1,-1,-1,-1,-1,525,2458,8067,802,2706,3597,2458,8152,802,2706,3597,1400,0
160000,2,3,2,32,-1,-1,-1,-1,-1,-1,1375,3503,2688,2142,7139,1872,3645,2688,2142,7139,1872,10573,1
60000,2,3,1,47,0,0,0,0,0,0,33867,35303,36032,37431,37863,38954,2000,1601,2000,1354,1700,1010,0
210000,2,2,1,34,0,0,0,0,0,0,205475,206616,212391,208931,146005,145343,9500,9207,8500,5200,5200,5000,0
140000,1,2,2,39,1,-1,0,-1,0,0,10091,18324,8808,27319,19278,11505,18539,1000,27329,386,1000,16215,0
200000,2,1,2,33,-2,-2,-2,-2,-2,-2,9099,3771,664,0,641,5506,3775,664,0,641,5506,1847,0
370000,1,1,1,45,0,0,0,0,0,0,123485,129885,134782,141002,145637,149281,10000,7000,10000,7000,6000,6000,0
150000,2,3,1,48,0,0,0,2,0,0,36717,37800,40874,39922,40953,42136,2000,4000,0,2000,2000,2000,0
80000,2,3,1,41,-1,-1,-1,-1,-1,-1,3526,10129,6100,6420,606,7228,10129,6100,6434,606,7228,14387,0
50000,2,3,1,44,1,2,3,2,4,3,13112,14679,15143,16892,16341,15798,2100,1000,2300,0,0,0,1
20000,1,3,2,48,-1,-1,-2,-1,-1,-1,170,-220,-610,390,0,19993,0,0,1390,0,20773,400,0
220000,2,2,1,36,2,2,2,2,0,0,192654,195725,197466,189149,187531,187856,8500,8200,0,7000,7000,7200,1
200000,1,3,2,27,-1,-1,0,0,0,0,4484,192047,191248,191678,182676,181568,195316,7019,7493,5275,5786,20031,0
120000,2,3,1,38,0,0,0,0,0,0,111098,114863,118038,118805,59210,61267,5600,6500,5000,3000,3000,3000,0
200000,2,3,1,42,-1,-1,-1,-1,-1,-1,858,1406,3673,0,150,609,1406,3673,0,150,609,939,0
30000,2,2,2,34,0,0,0,0,0,0,23336,24642,25382,26351,25165,25536,1700,1440,1409,1048,927,932,0
80000,2,1,1,32,-1,-1,-2,-2,-1,-1,1784,871,3179,3344,3552,0,871,3381,3384,3958,0,0,0
30000,1,1,2,24,-1,0,0,0,0,0,1426,2539,3437,5365,6275,7172,1300,1100,2000,1000,1000,2000,0
150000,2,1,2,25,0,0,0,0,0,0,30305,40190,39743,48971,38291,569,10190,10000,10003,0,0,0,0
160000,2,1,2,32,-1,-1,-1,-1,-1,-1,9441,5714,5030,3181,4998,1250,5726,5037,3182,5000,1252,749,0
110000,1,2,1,44,0,0,0,0,0,0,82503,84214,90877,92986,49901,49649,3083,9563,4000,1800,2000,2000,0
160000,2,2,2,28,-1,-1,-1,-1,-1,-1,5171,3634,4436,1978,3781,1732,3634,4436,1978,3781,1732,715,0
20000,2,1,2,24,-1,-1,-1,-1,-1,-1,440,4023,440,440,440,440,4023,440,440,440,440,440,0
150000,2,1,2,29,-1,-1,-1,-1,-1,-1,962,5868,15218,15965,9275,25321,5868,15283,15972,9275,25321,7350,0
50000,1,1,2,22,0,0,0,0,0,0,38251,34489,32252,6182,17118,8922,4000,1500,1500,2500,500,400,0
20000,2,2,1,28,0,0,0,0,0,0,6064,7076,8169,8956,8956,0,1120,1213,1000,0,0,0,0
540000,2,3,2,38,1,-2,-2,-2,-2,-2,736,736,736,736,0,-736,736,736,736,0,0,2965,0
210000,1,2,1,31,-1,-1,2,-1,-1,-1,1748,2488,740,2048,740,740,2488,0,2048,740,740,740,0
60000,1,2,2,24,0,0,0,0,0,0,58197,47537,46576,41376,36959,35508,3000,3010,3004,3000,3000,3000,0
80000,2,3,1,65,0,0,0,0,0,0,82074,80260,82116,80299,81416,81617,3470,3750,3520,3069,3271,3262,0
310000,2,2,2,36,0,0,0,0,0,0,298221,303251,270591,252989,225814,231165,10500,9672,8826,8100,9000,8619,1
220000,2,2,1,33,0,0,0,0,0,0,41352,43757,46012,47543,48489,49506,3100,3269,2800,1736,1799,1964,0
210000,1,2,1,30,-1,-1,-1,-1,-1,-1,820,820,820,820,820,820,820,820,820,820,820,970,0
200000,2,1,1,34,-2,-2,-2,-2,-2,-2,0,0,0,0,0,0,0,0,0,0,0,0,0
500000,2,1,2,28,0,0,-1,0,0,0,19543,21788,19323,33146,39741,53516,5110,19623,15000,7000,14122,20000,0
150000,2,4,2,31,-2,-2,-2,-2,-1,2,9846,5345,0,0,1493,159,5345,0,0,1493,0,1119,0
30000,2,2,1,35,0,0,0,0,0,0,30471,30578,29846,28631,27359,21750,1472,2000,1064,1000,1223,0,0
90000,2,1,2,28,0,0,0,2,2,2,38355,39413,41181,41701,44000,45651,1700,2404,1500,3000,2500,600,0
20000,1,3,2,49,1,2,2,-1,0,0,19481,18756,-3744,17105,17250,0,0,0,21200,345,0,0,1
400000,2,2,2,50,-1,-1,2,-1,-1,-1,15986,4359,1783,129,3170,657,4359,0,129,3170,657,1160,0
450000,2,3,1,56,1,-1,-1,-1,-1,-1,-4,831,-3,646,-2,418,835,0,649,0,420,1204,1
110000,1,2,2,26,0,0,0,0,0,0,61167,60549,55400,10711,10868,11079,2721,2422,1132,289,341,327,0
20000,2,3,2,26,1,2,0,0,0,0,18025,17443,18117,17040,17763,17666,0,1277,1300,1000,799,2000,0
160000,2,2,1,37,0,0,0,0,0,0,138594,134736,97629,100398,102606,104864,3755,3676,3637,3000,3040,2938,0
50000,2,2,1,38,0,0,0,0,-2,-2,6350,3239,4166,0,0,0,1100,1000,0,0,0,0,1
50000,1,2,2,29,0,0,2,0,0,0,13778,15837,16285,17009,18223,18778,2600,1000,1300,1500,1000,1000,0
90000,2,2,2,24,0,0,-2,-1,-1,-2,3386,-63,0,1176,0,0,0,780,1176,0,0,0,0
240000,2,1,2,38,-2,-2,-2,-2,-2,-2,3816,3816,3816,3816,816,3816,3816,3816,3816,816,3816,816,0
10000,1,2,2,32,2,0,0,0,0,0,9299,9576,9028,9644,9790,9990,1132,1384,1000,196,200,0,0
50000,1,2,2,30,-1,0,0,2,0,0,1382,2496,4533,4279,4592,0,1300,2254,0,313,0,0,0
200000,2,3,1,47,1,-2,-2,-2,-2,-2,0,0,0,0,0,0,0,0,0,0,0,0,0
240000,2,2,1,37,1,-2,-2,-2,-2,-2,0,0,0,0,0,0,0,0,0,0,0,0,0
30000,2,2,1,35,0,0,0,0,0,0,30471,30578,29846,28631,27359,21750,1472,2000,1064,1000,1223,0,0
240000,2,1,2,29,0,-1,0,0,0,0,10747,30380,15579,20496,15296,24332,30439,10023,10000,5000,15000,15000,0
20000,2,2,2,29,0,0,0,0,0,0,17648,13580,14204,15345,17764,20049,3000,5007,3000,3000,3000,3000,0
120000,1,2,2,28,0,0,0,0,0,0,8022,9493,11612,12438,13099,15926,2000,3000,3000,3000,3000,3000,0
340000,1,3,1,43,0,0,2,2,0,0,251135,268949,283400,277335,282890,304280,22000,20251,0,10176,26000,12000,0
100000,2,3,1,43,2,2,0,0,0,0,100792,91738,88883,90710,92471,79318,0,4107,4204,4200,3071,3106,0
210000,1,2,2,47,-2,-2,-2,-2,-2,-2,-163,-163,-163,-65167,-168,2999,0,0,5530,84332,21500,30000,1
340000,1,2,2,36,-2,-2,-2,-2,-2,-2,19628,14586,15018,12062,3894,7957,14594,15047,12064,3894,7957,18191,0
220000,1,1,2,37,-2,-2,-2,-2,-2,-2,0,0,0,0,0,0,0,0,0,0,0,0,1
210000,1,2,1,44,1,-2,-2,-2,-2,-2,0,0,0,0,0,0,0,0,0,0,0,0,0
200000,2,1,2,26,0,0,0,0,2,2,71574,74755,76945,82914,83733,80498,5000,4000,8000,2900,0,5700,1
200000,2,1,2,43,1,-1,-1,-1,2,-1,0,2112,723,150,150,2478,2112,981,150,0,2478,5377,0
80000,2,2,1,35,1,2,2,2,0,0,78959,76699,81477,79035,28503,29711,0,6800,0,1000,2000,1500,1
370000,1,6,1,28,0,-1,-1,-1,-1,-1,64268,2868,3788,9424,2468,2468,2868,100332,9456,2468,2468,2468,0
20000,1,2,2,23,3,2,2,7,7,6,2400,2400,2400,2400,2400,1800,0,0,0,0,0,0,1
70000,1,3,2,39,0,0,0,0,0,0,18219,19606,20980,22320,22650,23136,2000,2000,2000,1000,1000,2100,0
370000,1,6,1,28,0,-1,-1,-1,-1,-1,64268,2868,3788,9424,2468,2468,2868,100332,9456,2468,2468,2468,0
130000,2,1,2,26,0,0,0,-1,0,0,13700,18670,21362,1469,7370,12554,10008,6196,1470,6501,5784,6030,0
410000,1,1,2,28,0,0,0,0,0,0,82735,90847,74122,72363,68703,66710,10000,6000,4000,5000,6000,3000,0
200000,2,3,1,49,2,-1,2,2,2,0,570,52439,51040,56205,54723,58657,52439,0,6000,0,5000,2286,1
60000,2,2,1,35,2,0,0,2,2,2,49825,45436,42240,38884,34488,28838,1700,2500,2600,1500,0,1500,1
290000,2,1,2,31,0,0,0,0,0,0,82939,82814,71541,59493,67821,71546,5017,4033,2828,10000,5000,3000,0
350000,1,3,2,36,-1,-1,-1,-1,-1,-1,9189,6080,12622,18103,13547,38868,6088,12635,18119,13547,38868,4650,0
30000,2,2,2,23,0,0,0,0,0,0,24607,24430,23881,24234,24853,7814,1700,1600,1287,1296,500,1550,0
420000,1,1,1,32,0,0,0,0,0,0,387143,24830,25419,10951,8126,8313,1585,1174,1133,291,318,277,0
160000,2,2,2,28,-1,-1,-1,-1,-1,-1,5171,3634,4436,1978,3781,1732,3634,4436,1978,3781,1732,715,0
30000,1,2,2,40,0,0,0,0,0,0,21617,24133,25239,26314,27074,28723,3200,1800,1800,1500,2250,600,0
130000,2,1,2,32,0,0,0,0,0,0,126164,126080,129104,130745,127344,127809,6500,7000,8000,5000,4500,4500,0
70000,2,3,1,48,1,2,0,0,0,0,9518,9217,10557,11576,12383,13180,0,1500,1200,1000,1000,500,1
50000,2,2,1,40,0,0,0,0,0,0,31934,32711,34061,32672,32479,33431,2000,3000,3000,3000,2000,1000,1
360000,2,3,2,45,-2,-2,-2,-2,-2,-2,0,0,0,0,0,0,0,0,0,0,0,0,1
100000,2,3,1,39,-1,-1,0,-1,-1,-1,380,1357,1977,380,380,1253,1357,1000,380,380,1253,2434,0
310000,1,1,1,33,2,2,-2,-2,-2,-2,2500,0,0,0,0,0,0,0,0,0,0,0,1
20000,2,2,2,29,0,0,0,0,0,0,12742,8438,9792,10990,13990,10000,1500,1500,1500,3000,2000,0,0
90000,1,4,2,26,-2,-2,-2,-2,-2,-2,2862,0,0,1000,326,326,0,0,1000,326,326,1178,1
360000,1,1,2,33,0,0,0,0,-1,-1,206597,211687,198245,217320,2500,0,10022,25045,33124,5180,0,0,0
20000,1,2,1,40,1,2,0,0,0,2,8201,8912,10110,10817,11637,11307,1000,1500,1180,1000,0,1000,1
500000,1,1,1,31,1,-2,-2,-2,-1,0,0,0,0,0,881,881,0,0,0,881,0,0,1
30000,2,2,1,51,-2,-2,-2,-2,-2,-2,1724,1222,4952,6693,22761,10044,1222,4972,7629,22817,10056,298,1
210000,1,1,2,32,0,0,0,0,0,0,218742,218317,73874,73219,96844,94731,10000,5000,5000,30000,4500,15000,0
10000,2,2,1,29,0,0,0,0,0,0,6176,6512,7447,8777,8956,9731,1265,1200,1500,400,1000,273,0
120000,2,2,2,28,0,0,0,0,-2,-2,48499,48684,6344,0,0,0,1621,1000,1326,0,0,0,0
40000,1,2,3,37,0,0,0,0,2,0,20774,21778,22807,24993,24292,24800,1355,1384,2570,0,899,2006,0
130000,2,2,2,44,0,0,0,0,0,0,128854,111896,116183,115034,88163,87388,4000,6097,4085,3007,3028,3000,0
160000,2,2,1,41,1,2,0,0,0,0,99496,97013,98427,102250,102734,104901,0,3879,5459,3675,3821,8256,0
160000,2,2,1,42,1,-2,-1,-1,-1,-1,0,0,369,0,522,0,0,369,0,522,0,978,0
180000,1,2,1,39,1,-2,-2,-2,-2,-2,0,0,0,0,0,0,0,0,0,0,0,0,0
200000,2,2,1,36,0,0,0,0,0,0,184697,186660,77221,110294,68214,72103,8001,5000,35000,6000,5000,5000,0
80000,2,2,1,24,2,2,-1,0,0,0,3177,-13,4229,4161,4042,6807,0,4242,1032,1000,2812,2248,1
210000,1,3,2,32,0,0,0,0,0,0,204157,211065,206043,181945,52712,3574,10059,10120,8256,5000,4036,153904,0
210000,1,2,2,30,-1,-1,-1,-1,0,-1,4206,3980,7509,1252,626,626,3980,7509,1252,0,626,626,0
20000,1,2,2,27,0,0,0,0,0,0,12546,13830,14599,15650,15964,17204,1500,1300,1300,574,1500,0,1
260000,1,1,2,33,2,2,2,2,2,2,128352,131768,128251,142480,145630,150147,7000,0,18000,7000,7000,5500,0
180000,2,3,2,27,-1,-1,-1,-1,-1,-1,3578,3898,0,715,4079,0,3898,0,715,6942,0,213,0
150000,1,1,1,36,-2,-2,-2,-2,-2,-2,2750,2424,27498,1213,26636,2547,2424,27498,1213,26636,2704,1800,0
180000,2,1,1,33,-1,-1,-1,-1,-1,-1,7017,14824,19692,13115,24623,485,14824,19713,13117,24630,485,33283,0
50000,1,2,2,34,0,0,-1,-1,-2,-2,4166,0,4166,0,0,0,0,4166,0,0,0,0,0
50000,2,2,2,27,1,2,2,2,2,2,11966,12967,13962,13440,14416,14043,1500,1500,0,1200,0,1500,0
20000,1,2,2,44,0,0,0,-1,-1,-1,19157,20011,18768,1261,390,390,1500,1768,1261,390,390,390,0
350000,1,3,2,36,-1,-1,-1,-1,-1,-1,9189,6080,12622,18103,13547,38868,6088,12635,18119,13547,38868,4650,0
170000,2,1,2,30,0,0,0,0,0,0,171992,168531,171440,174643,165584,169230,6027,6300,8451,6000,6320,6700,0
200000,2,3,1,49,2,-1,2,2,2,0,570,52439,51040,56205,54723,58657,52439,0,6000,0,5000,2286,1
50000,1,2,2,31,0,0,0,0,0,-1,47533,48640,49483,40850,0,800,2200,2000,3000,0,400,20000,0
310000,2,1,2,28,-1,-1,2,-1,-1,-1,18877,18379,10327,17252,9917,33776,18417,48,17337,9965,33826,116,0
400000,2,2,2,43,-2,-2,-2,-2,-2,-2,15000,18400,15000,492,14926,7626,18400,15000,492,15000,7725,3000,0
280000,1,1,2,31,2,0,0,-1,0,0,278510,279845,0,189841,193313,192742,6996,0,189841,6022,6078,5300,1
150000,1,2,1,36,2,2,2,2,2,2,47529,40605,39394,37686,38810,31548,17,3105,2,2020,36,1048,1
320000,2,2,2,30,-1,-1,-1,-1,-1,0,3690,3720,4206,15610,10556,11863,3720,4206,15610,10556,8000,5600,0
20000,2,2,2,38,1,4,3,2,0,0,21769,21139,20521,19817,14932,10812,0,0,0,448,380,345,0
200000,2,2,2,34,0,-1,-1,-1,-2,-2,13112,13011,12000,0,0,0,13011,12000,0,0,0,107918,0
20000,2,1,2,24,0,0,0,2,0,0,19335,20094,19495,18845,19023,17928,1415,3600,0,700,4500,1900,0
300000,2,1,2,32,0,0,0,0,0,0,169223,179223,199223,202486,200935,-6,10000,20000,11022,4935,6,2844,0
140000,1,2,1,38,2,2,2,2,2,2,53797,55007,56128,56713,55796,56251,2700,2600,2100,600,1500,4545,1
550000,1,3,1,50,2,2,2,0,0,2,491810,534289,494690,504929,501474,446605,51500,0,19067,35696,0,18169,1
70000,2,2,1,48,-1,-1,-1,-1,0,-1,3838,1930,6384,4286,2333,930,1930,6384,4292,0,930,1422,0
310000,1,1,1,50,-1,-1,-1,-1,-1,-1,396,396,0,942,1645,1287,396,0,942,1645,1287,2077,0
150000,2,1,2,40,0,0,0,2,0,0,16986,18693,20885,21738,22080,23558,2000,2500,1500,1000,2000,2000,0
80000,2,2,2,28,0,0,0,0,0,0,77391,78198,78840,79855,79488,80001,2784,2887,3402,2790,2867,2894,0
70000,2,2,1,37,0,0,0,0,2,0,66447,66759,68200,72972,71248,50610,2391,2518,5950,0,1782,1985,1
200000,2,3,1,49,2,-1,2,2,2,0,570,52439,51040,56205,54723,58657,52439,0,6000,0,5000,2286,1
50000,2,2,1,31,0,0,-2,-2,-1,0,4468,0,0,0,3251,3484,0,0,0,3251,274,500,0
90000,2,2,1,34,0,0,0,0,0,0,18358,14764,8374,29525,28333,27879,1300,1300,22000,1000,1012,1400,0
60000,2,2,3,29,0,0,0,-1,-1,-1,4134,3596,3801,694,531,531,1200,1000,2694,531,531,681,0
30000,2,2,1,51,0,0,-1,-1,-1,-1,11860,6846,7090,2680,390,0,1000,7090,2680,390,0,780,0
150000,1,1,2,39,-2,-1,-1,-1,-2,-2,8766,5890,1000,0,0,0,5950,1010,0,0,0,0,0
310000,1,1,2,45,0,0,0,0,0,0,313268,278821,283847,290135,293350,300623,10010,11500,11015,11000,12000,23035,0
240000,1,2,1,37,0,0,0,0,0,0,11278,14070,15535,17734,19734,8561,3000,2000,3000,2000,2000,0,0
280000,1,1,2,31,0,0,0,0,0,0,148186,150724,153762,155242,143679,145615,5000,5006,4408,4117,4600,4600,0
320000,1,2,1,39,0,0,0,0,0,0,103918,93768,91523,91579,91193,92837,9203,3317,3506,4218,5000,6080,0
50000,2,2,1,44,0,0,0,0,0,0,5358,6221,7241,8249,8414,8590,1109,1129,1137,302,312,313,0
230000,2,1,1,43,-1,-1,-1,-1,-1,-2,390,390,0,780,0,0,390,0,780,0,0,0,1
80000,2,2,1,27,0,0,0,0,0,0,77039,78746,79757,40498,29212,29621,2984,2449,1612,798,1307,359,1
420000,1,4,2,36,1,-2,-1,-1,0,0,944,1819,1133,10415,7792,-3,1819,1143,10429,194,556,0,0
370000,2,2,1,41,-2,-2,-2,-2,-2,-2,1442,9750,0,30100,0,0,9750,0,30100,0,0,0,0
210000,2,1,2,31,-1,-1,-1,-1,-1,-1,1983,422,815,191,-174,472,422,815,191,0,646,1125,0
140000,1,1,2,50,-1,2,-1,-1,-1,-1,780,780,390,0,780,390,0,390,0,780,390,0,1
40000,2,1,2,23,0,0,0,0,0,0,10389,11410,12970,13246,11024,9798,1200,1751,1027,250,385,1000,0
150000,1,1,1,36,1,-2,-2,-2,-1,-1,0,-316,-632,-1264,316,782,0,0,0,1580,782,638,0
360000,1,2,1,40,-1,-1,-2,-1,-1,-1,12663,0,0,2455,6447,0,0,0,2455,6447,0,0,0
60000,1,2,1,31,0,-1,-1,-2,-2,-2,22219,140,0,0,0,0,140,0,0,0,0,0,1
200000,2,2,2,29,0,0,0,0,0,0,204134,194949,153646,137087,134995,135953,8000,5542,5308,4587,4750,4935,1
110000,2,3,1,64,0,0,0,0,0,0,83050,85550,76793,13062,12609,12638,4000,3275,3028,3000,2000,2000,0
30000,1,2,1,33,0,0,0,0,0,0,59867,28357,29312,26404,25806,26325,1500,1433,1500,920,929,0,1
20000,1,1,2,27,0,0,0,0,0,0,39628,20571,19089,19658,19453,19108,1610,1323,1600,830,700,674,0
280000,1,1,2,31,-2,-2,-2,-2,-2,-2,8383,8797,8741,8178,-4,-4,9044,8844,8247,0,0,0,0
170000,2,2,2,26,2,0,0,0,2,0,111170,113387,115807,119857,117100,118079,4065,5727,7500,2000,4200,5000,1
40000,2,1,2,25,-1,-1,-1,-1,-1,-1,20216,8851,17940,31308,12009,32846,8851,18220,31319,12009,33482,13785,0
350000,1,2,2,40,0,0,0,0,-1,-1,28194,29334,30900,0,223,223,1500,2000,0,223,223,223,0
20000,1,2,1,40,0,0,0,0,0,0,10288,9276,5622,19263,18433,26132,3010,2010,15000,4000,2000,2000,0
20000,2,1,2,25,0,0,0,0,0,0,17977,17776,18886,19551,18964,19676,2000,1700,1300,662,1000,747,0
400000,2,2,2,32,0,0,0,0,0,0,234779,240496,247813,253726,258120,10002,5784,7395,7506,6000,2000,2000,0
50000,1,2,2,34,0,0,-1,-1,-2,-2,4166,0,4166,0,0,0,0,4166,0,0,0,0,0
240000,2,2,1,43,-1,-1,-2,-1,-1,-1,54,0,0,177,199,559,0,0,177,200,559,0,0
300000,1,2,1,43,-2,-2,-2,-2,-2,-2,0,0,0,0,0,0,0,0,0,0,0,0,1
330000,1,2,1,48,-2,-2,-2,-2,-2,-2,6051,8346,8952,2732,2732,2732,8387,8996,2745,2745,2745,2734,0
240000,2,1,2,30,1,-2,-2,-2,-2,-2,0,0,0,0,0,0,0,0,0,0,0,0,0
500000,1,2,1,40,-2,-2,-2,-2,-2,-2,22520,1110,79243,0,4580,0,1110,79243,0,4580,0,1380,0
50000,1,2,2,43,0,0,0,0,0,0,12661,13743,14777,12404,10777,16597,1600,1605,2000,500,6000,6000,1
180000,2,2,3,48,-1,-1,-1,-1,-2,-1,860,102,851,0,346,1592,102,851,0,346,1592,1098,1
230000,2,2,1,30,0,-1,0,-1,0,0,4942,2554,1249,2959,7079,1880,2554,1000,2959,5000,1000,0,0
450000,2,1,1,35,-1,-1,-2,2,-1,-1,403,0,0,390,390,390,0,0,390,390,390,390,0
210000,2,1,2,33,1,-2,-2,-2,-2,-2,0,0,0,0,0,0,0,0,0,0,0,0,0
500000,1,2,1,40,-2,-2,-2,-2,-2,-2,22520,1110,79243,0,4580,0,1110,79243,0,4580,0,1380,0
320000,2,2,2,36,-1,-1,-1,-1,-1,-1,396,396,396,596,13386,396,396,396,596,13386,396,396,0
150000,1,1,1,36,1,-2,-2,-2,-1,-1,0,-316,-632,-1264,316,782,0,0,0,1580,782,638,0
360000,1,1,1,53,-2,-2,-2,-2,-2,-2,826,4741,6336,937,766,1065,4765,6395,941,769,1070,1088,0
40000,1,2,3,37,0,0,0,0,2,0,20774,21778,22807,24993,24292,24800,1355,1384,2570,0,899,2006,0
500000,2,2,1,38,0,0,0,0,0,0,80460,79689,74664,70270,66053,63924,3527,3030,3028,2513,2100,2524,0
20000,2,2,2,35,0,0,0,0,0,0,15852,16861,17884,18590,18959,19347,1579,1602,1308,677,692,1577,1
260000,2,2,1,41,0,0,0,0,2,0,195465,199338,203651,223837,218383,222960,8400,8800,25000,0,8000,21000,0
200000,1,1,2,39,1,-2,-2,-2,-2,-2,0,0,0,0,0,0,0,0,0,0,0,0,0
200000,1,1,2,29,-1,-1,-1,-1,-1,-1,3773,3990,9048,4700,800,4082,4029,9048,4700,800,4082,0,0
50000,1,2,2,26,1,2,0,0,2,2,16412,15851,16889,19909,19291,20675,0,1294,3314,0,1700,0,0
410000,1,1,2,28,0,0,0,0,0,0,82735,90847,74122,72363,68703,66710,10000,6000,4000,5000,6000,3000,0
360000,1,1,2,31,1,-1,-1,-1,0,0,0,4260,3278,580,580,0,4260,3278,580,0,0,0,0
150000,1,1,2,27,0,0,0,0,0,0,85500,86009,86108,89006,89775,87725,3956,4031,10006,3266,4040,1698,0
280000,1,1,2,31,2,0,0,-1,0,0,278510,279845,0,189841,193313,192742,6996,0,189841,6022,6078,5300,1
10000,1,1,2,27,0,0,0,0,0,0,8907,6599,7736,8492,8138,4990,1500,1400,1000,1009,1000,1598,0
200000,2,2,1,40,0,0,0,0,0,0,21464,22065,23382,21522,8815,4280,2000,2000,1128,4280,0,0,0
110000,1,1,2,26,0,0,0,0,0,0,65215,130746,69834,71245,72199,73711,2375,10000,3170,2735,2829,3138,0
80000,1,1,2,29,0,0,0,-2,-2,-2,58246,61650,0,0,0,0,5000,0,0,0,0,0,0
440000,2,2,1,44,0,0,0,-2,-2,-2,70548,42651,0,27549,77349,10456,20000,0,27549,50000,18956,9307,0
90000,2,1,2,25,0,0,0,0,0,0,33336,39009,47657,52372,52112,56257,10000,10000,6000,1570,5000,1363,0
20000,2,2,2,33,0,0,0,0,0,0,11635,12604,12870,12726,13336,2496,2000,1308,1000,1000,50,0,0
320000,2,5,1,46,-2,-2,-2,-2,-2,-2,17849,5149,16615,2914,696,740,5149,16654,2914,696,740,6498,0
200000,2,1,2,29,-1,-1,-1,0,0,-1,2116,0,9781,29313,49113,732,0,9781,20000,20000,732,1005,0
650000,2,1,2,29,1,-1,-1,-1,0,0,21289,518,216,2482,5178,5506,3000,1000,2500,3500,4000,3000,0
50000,1,1,2,31,0,0,0,0,0,0,49139,49281,42472,44810,45699,46675,1707,1948,11746,1635,1712,4000,1
50000,1,2,2,22,0,0,0,0,0,2,49718,50362,49904,50405,29795,28383,1786,2000,1500,2200,0,1100,0
50000,2,2,1,37,2,2,2,2,2,3,19068,19947,21124,21480,22822,22171,1500,1800,1000,2000,0,1000,1
100000,2,2,2,30,1,2,0,0,2,2,31708,30904,31953,34308,34951,34261,0,1850,3200,1500,0,1500,1
110000,1,1,2,28,0,0,0,0,0,0,107800,105820,104780,98139,72176,74011,4000,4000,4100,3000,3000,3000,0
260000,2,2,1,33,0,0,0,0,0,0,151123,134736,135593,120909,102524,40157,4002,6067,10000,3000,40157,1466,1
210000,2,2,1,46,0,0,0,0,0,0,134700,132799,111335,114037,67224,69177,6149,4100,4547,2500,3000,2500,0
360000,2,2,2,33,0,0,0,0,0,0,7157,8446,9034,8340,3144,0,2000,1501,1000,900,0,0,0
260000,2,3,2,27,0,0,0,0,0,0,106164,105133,100606,93022,61746,47819,3834,4523,3154,2025,1709,2011,0
100000,2,1,2,27,0,0,0,0,0,0,43599,45865,54424,56032,59475,47491,3000,10000,2647,5000,2000,4000,0
320000,2,2,1,27,-2,-2,-2,-2,-2,-2,1175,0,0,0,5210,0,0,0,0,5210,0,0,0
200000,2,2,1,37,0,0,0,0,0,0,114480,117791,123108,124327,127011,134519,5000,7000,4500,4500,9500,5000,0
20000,1,2,1,37,0,0,0,0,0,0,11551,9181,7266,11282,3303,2350,1102,2100,1000,132,47,0,0
140000,2,1,2,27,0,0,0,0,0,0,128656,126785,129752,132554,268084,137061,6000,6500,6500,5000,5000,5568,0
20000,2,2,2,39,0,0,0,0,0,0,20885,20373,19391,20085,19938,0,2157,1660,1300,541,0,0,0
20000,2,2,1,35,1,2,2,2,0,0,16335,15780,18411,17809,18009,16595,0,3200,0,765,700,774,1
90000,2,2,1,33,0,0,0,0,0,0,77379,67092,61071,44821,24653,25254,2500,3908,2100,884,1000,1000,0
360000,2,2,1,34,-1,0,0,-1,-1,-2,4874,9561,5866,1297,0,0,5000,1166,1297,0,0,0,0
500000,1,1,1,37,0,0,2,0,0,0,474934,507062,491956,430637,376657,356636,40024,325,15296,12137,12312,14113,0
290000,1,1,1,37,-2,-2,-2,-2,-2,-2,-17,3465,10069,4225,-4,871,3482,10194,4276,0,875,3852,0
50000,1,2,2,27,0,0,0,0,0,0,47452,48663,50297,36164,37616,39062,2000,2500,2000,2000,2000,2000,1
230000,2,1,2,28,-1,0,0,0,0,0,48144,51966,44477,39998,23278,27775,12000,2353,5000,0,8000,643,0
80000,2,1,1,32,-1,-1,-2,-2,-1,-1,1784,871,3179,3344,3552,0,871,3381,3384,3958,0,0,0
360000,2,1,2,27,-2,-2,-2,-2,-2,-2,0,0,0,0,0,300,0,0,0,0,300,0,0
160000,2,2,2,44,1,-2,-1,-1,-1,-1,-4,-4,3454,0,3312,0,0,3458,0,3312,0,0,0
140000,1,1,2,28,-2,-2,-2,-2,-2,-2,933,1768,3169,5041,389,3065,1768,3169,5041,389,3065,1112,0
60000,2,2,1,35,2,0,0,2,2,2,49825,45436,42240,38884,34488,28838,1700,2500,2600,1500,0,1500,1
230000,2,3,1,33,0,0,0,0,0,0,233314,222220,210778,211132,179564,176949,8005,10002,15037,6500,16002,8002,0
180000,1,2,1,28,0,0,0,0,2,0,148735,150771,156334,165696,165582,168952,6000,8000,13500,4110,6200,13600,0
130000,1,2,1,44,1,2,2,2,2,2,5230,4998,7898,7021,46431,45891,0,3000,0,40200,0,780,1
150000,2,2,1,49,1,-1,-1,-1,-1,-1,0,970,8867,0,600,0,970,8867,0,600,0,0,0
130000,2,2,2,40,2,0,0,2,0,0,8539,9559,12394,11883,9826,10167,1165,3000,0,500,500,2700,1
320000,2,2,2,26,1,3,2,2,2,0,303926,305625,299382,316898,310361,312581,8100,0,24100,0,11700,12000,1
360000,2,1,2,32,0,0,0,0,0,0,272112,272444,256974,241226,241673,233157,10130,12649,8916,7725,8900,6956,0
80000,2,3,2,52,0,0,0,0,0,-1,42635,39508,36060,30470,18306,7432,1623,1740,1200,366,7432,0,0
300000,2,5,2,37,-2,-2,-1,-1,0,0,-1244,3751,54478,10424,13762,11428,6425,54478,10424,3762,229,1423,0
250000,2,2,2,36,0,0,0,0,0,0,71012,60816,59328,57692,52811,49067,2200,3003,2800,1834,1850,3000,0
130000,2,3,2,28,1,-1,-1,-1,-1,-1,0,14051,0,1358,1039,164,14051,0,1358,1039,164,167,0
120000,2,2,1,39,-2,-2,-2,-2,-2,-2,280,6192,2134,0,0,0,6192,2142,0,0,0,0,0
110000,2,2,1,31,-1,2,2,-1,-1,-1,832,832,416,416,416,416,416,0,416,416,416,416,1
300000,2,3,1,37,1,-2,-1,-1,0,0,43459,26115,26283,16624,6316,8394,26137,26443,16624,6166,8078,25763,0
260000,1,2,2,29,-1,2,2,-2,-1,2,8832,1528,0,0,5987,5837,15,0,0,5987,0,27887,1
490000,1,2,2,42,0,0,0,0,0,0,455520,464727,477884,488808,427064,436172,16100,20000,19000,16000,16000,15000,0
140000,2,2,1,32,-1,2,2,-1,-1,0,739,739,-200,8700,1367,1367,0,0,8900,1367,0,0,1
310000,2,1,2,26,0,0,2,2,-1,2,11683,9624,9022,-422,6214,2360,3000,0,0,6900,0,1300,0
160000,2,2,1,36,-1,-1,-1,-1,-1,-1,2447,206,805,666,740,539,206,886,679,740,539,0,0
310000,2,1,2,26,0,0,2,2,-1,2,11683,9624,9022,-422,6214,2360,3000,0,0,6900,0,1300,0
200000,2,1,2,31,-2,-2,-2,-2,-2,-2,0,0,0,0,0,0,0,0,0,0,0,0,0
150000,2,3,1,34,0,0,0,-1,-1,-1,28210,19130,10000,8000,0,10000,1130,1000,8000,2000,10000,0,0
120000,2,2,2,28,0,0,0,0,-2,-2,48499,48684,6344,0,0,0,1621,1000,1326,0,0,0,0
10000,1,1,2,27,0,0,0,0,0,0,8907,6599,7736,8492,8138,4990,1500,1400,1000,1009,1000,1598,0
360000,1,1,2,33,-1,-1,-1,-1,0,-1,5484,4307,12004,21810,13807,2960,4317,12006,21810,0,2960,1810,1
300000,2,2,2,42,-2,-2,-1,0,0,0,-904,1096,928,2264,3090,5056,2000,1072,1500,1000,2000,1000,0
210000,1,2,2,30,-1,-1,-1,-1,0,-1,4206,3980,7509,1252,626,626,3980,7509,1252,0,626,626,0
150000,1,2,1,36,2,2,2,2,2,2,47529,40605,39394,37686,38810,31548,17,3105,2,2020,36,1048,1
30000,2,2,1,35,0,0,0,0,0,0,25485,26503,27486,25663,26979,24306,1447,1430,1684,2000,892,2000,0
30000,1,1,1,35,1,2,2,2,-1,0,18829,19223,20599,15642,23789,20562,1000,2014,6,25700,800,1989,1
50000,2,2,2,23,2,0,0,0,0,0,49441,45880,42621,21734,18775,19590,1998,2198,1300,655,1100,654,0
20000,1,2,1,40,1,2,3,2,3,3,14829,17267,16706,18694,19049,18459,3000,0,2560,955,0,661,0
210000,2,2,2,38,0,0,0,0,0,0,76418,78798,82525,84353,87835,79481,5000,5000,3200,5000,3000,2500,0
50000,2,1,2,30,-2,-2,-2,-2,-2,-2,0,2070,0,0,0,0,2070,0,0,0,0,0,0
50000,2,1,2,27,2,0,0,0,2,0,48064,47691,49140,49423,48377,48158,3000,2525,3900,0,2000,4500,1
100000,1,3,1,35,0,0,0,0,0,0,94467,96521,98728,74239,75704,55704,3627,3938,2515,2516,4022,2032,0
60000,1,2,2,24,0,0,0,0,0,0,58197,47537,46576,41376,36959,35508,3000,3010,3004,3000,3000,3000,0
500000,2,1,2,37,0,0,0,0,0,0,43643,46586,48832,49568,46939,49147,4000,3000,2000,2000,3000,7000,0
180000,2,1,2,26,-1,-1,-1,-1,-1,-1,17517,27856,16285,9632,15025,53941,28000,16370,9676,15098,54207,87358,0
630000,1,2,1,46,0,0,0,0,0,0,125975,91247,81317,146005,146207,106467,3416,4300,84700,4211,4470,3600,0
30000,2,2,2,35,2,2,0,0,0,0,25368,24662,26001,27012,27241,27812,0,1739,1750,975,1010,3226,1
140000,1,2,1,37,0,0,0,0,0,0,64372,64937,59133,53193,47352,41627,2300,2200,2000,2000,2000,1500,0
30000,2,3,1,44,0,0,0,0,0,0,29263,27516,28133,28780,28756,29566,1441,1597,1634,1000,1124,1223,0
400000,2,2,2,42,-1,-1,-1,-1,0,0,3608,4032,9885,65207,59247,53752,4052,9939,65243,1239,5366,10435,0
500000,2,2,1,40,0,0,0,0,0,0,215508,214460,220047,217920,159393,149626,10004,10025,10294,6046,5076,5000,0
220000,2,1,1,49,-2,-2,-2,-2,-2,-2,0,0,0,0,4488,540,0,0,0,4488,540,0,1
150000,2,1,2,26,0,0,0,0,0,0,151812,145411,132560,121003,69091,55543,7005,6612,4540,2426,1854,2424,0
570000,1,1,2,33,0,0,0,0,0,-2,388897,253793,261176,266800,0,0,9083,11472,12000,0,0,0,0
50000,1,3,2,44,0,0,0,0,0,0,48322,49057,48059,48097,8107,6934,3000,3000,3000,3000,3600,4800,0
150000,2,1,2,29,0,0,0,0,0,0,78044,43437,45132,39180,31422,32410,2000,2500,3300,2150,1500,6200,0
60000,2,2,2,25,0,0,0,0,0,0,75932,60693,50324,58688,30099,16810,3121,3000,12000,30000,12000,28618,1
50000,1,2,2,24,0,0,0,0,0,0,19267,23553,21507,17827,7655,7881,5000,1700,2000,500,500,500,0
280000,2,2,1,44,0,0,-1,-1,-2,-2,390,0,780,0,0,0,0,780,0,0,0,0,1
140000,1,1,1,36,0,0,0,0,0,0,127496,128675,131640,134183,91772,94290,5000,5041,5000,4000,4000,4000,0
20000,2,1,2,23,-1,0,0,0,0,0,19364,19082,19286,19637,18826,19522,1358,1321,1400,1000,1000,2583,0
100000,2,1,2,26,1,-1,-1,-1,-1,-1,0,632,0,316,632,0,632,0,316,632,0,316,0
290000,1,2,1,38,-2,-2,-2,-2,-2,-2,24709,291,6161,6200,3892,4072,291,6170,6216,3892,4072,4382,0
160000,2,3,3,36,-1,-1,0,-1,-1,-1,9330,31745,22829,6000,6000,0,31745,1049,6000,6000,0,4345,0
60000,2,3,1,33,1,2,0,0,2,0,56326,54833,56105,59338,57870,57884,0,2750,4850,0,2180,2400,0
30000,1,3,2,35,0,0,0,0,0,0,27224,28359,27458,26539,28556,28621,2001,5101,2002,3031,3095,2175,0
160000,2,2,1,55,0,0,0,0,0,0,86179,83960,61589,58702,56853,56002,4000,3000,2000,2000,3000,5000,0
290000,2,2,1,49,0,0,0,0,0,0,282538,281749,238490,86202,83155,84927,10711,12915,2962,2863,2996,3257,1
10000,1,3,2,23,0,0,0,0,0,0,8604,8594,9259,9733,9528,9513,1600,1351,1215,400,200,166,0
320000,2,5,1,46,-2,-2,-2,-2,-2,-2,17849,5149,16615,2914,696,740,5149,16654,2914,696,740,6498,0
30000,2,2,1,32,1,-2,-2,-2,-2,-2,0,0,0,0,0,0,0,0,0,0,0,0,1
340000,2,2,1,31,0,0,0,0,0,0,192860,189272,137255,137180,135783,135201,7332,5008,6367,4800,4941,4696,0
440000,2,1,2,33,0,0,0,0,0,0,164269,160608,150150,139178,123627,48175,5666,5802,3577,2955,12000,1025,0
110000,1,1,2,29,0,0,0,0,0,0,47982,43735,41840,40199,39612,27926,1809,2012,1504,1502,1514,1007,0
10000,2,2,1,29,0,0,0,0,0,0,6176,6512,7447,8777,8956,9731,1265,1200,1500,400,1000,273,0
310000,2,3,2,38,-2,-2,-2,-1,0,0,-41,8198,342,41726,15051,8663,8239,344,41884,5025,40,3,0
90000,2,3,1,41,0,0,0,0,0,0,2833,6003,7598,5036,4750,3007,5000,3500,4500,4300,0,1500,0
550000,1,3,1,50,2,2,2,0,0,2,491810,534289,494690,504929,501474,446605,51500,0,19067,35696,0,18169,1
80000,1,1,2,23,-1,-1,-1,-1,0,0,444,444,444,888,888,444,444,444,888,444,0,1038,0
500000,2,2,1,38,0,0,0,0,0,0,80460,79689,74664,70270,66053,63924,3527,3030,3028,2513,2100,2524,0
40000,2,2,1,37,0,0,0,0,2,0,5366,6541,16390,9891,9594,9798,1273,2000,3538,0,500,500,0
530000,2,2,1,44,0,0,0,0,0,0,562326,532374,537543,541019,468571,478034,20010,25022,21003,18003,20000,20004,1
80000,1,2,1,47,2,2,2,0,0,2,68250,73424,71691,72507,76841,74336,6325,0,2612,5520,0,2998,1
220000,2,1,1,30,2,2,0,0,0,0,150682,139629,136020,115942,54611,42363,0,6824,2726,1239,2953,112742,0
10000,2,2,2,37,-1,-1,-1,-1,0,0,6993,4165,5794,9576,7818,7580,6495,5794,9585,7580,152,390,0
120000,1,1,1,44,1,2,2,2,2,2,75294,76465,74675,79629,77748,82497,3000,0,6200,0,6000,0,1
20000,1,1,1,33,0,0,0,0,0,0,20276,20134,20298,19269,19254,19484,1326,1326,1287,662,903,500,0
20000,2,2,1,38,1,-1,-1,-2,-2,-2,0,2000,0,0,0,0,2000,0,0,0,0,0,1
120000,1,2,2,27,0,0,0,0,0,0,29344,33474,29029,26523,20554,19348,5053,1789,2037,659,802,640,0
20000,1,2,2,24,2,2,2,0,0,-1,17996,19102,19117,19664,10000,4060,2100,1000,1000,1100,4060,0,1
100000,2,1,2,24,0,0,0,0,0,0,84895,71271,71053,70405,71109,73905,3513,3169,3002,2022,3907,7145,0
20000,2,2,2,44,0,0,0,0,0,0,18578,19928,18677,18503,17231,15410,2000,2000,2000,1100,1586,506,0
20000,1,2,2,22,1,2,2,2,0,0,14542,14011,16899,16335,16509,17590,0,3132,0,742,1501,0,1
300000,1,1,2,32,2,0,0,0,0,0,255299,255607,258394,261024,260672,263894,9106,11000,11009,10000,10000,10000,1
110000,1,1,2,35,3,2,2,3,3,2,450,450,450,450,450,300,0,0,0,0,0,288,1
280000,2,2,2,35,0,0,0,0,0,0,259637,259593,261595,267359,236734,231064,10028,12500,13106,231064,15004,8004,0
140000,1,1,2,30,0,0,0,0,0,0,132970,136435,138696,139673,141573,140474,6334,6600,5500,4821,5188,5600,0
370000,2,2,1,47,-2,-2,-2,-2,-2,-1,1859,2232,4556,4333,2504,3431,2243,4578,4354,2516,3438,37467,0
290000,1,1,1,37,-2,-2,-2,-2,-2,-2,-17,3465,10069,4225,-4,871,3482,10194,4276,0,875,3852,0
50000,1,1,1,46,0,0,0,0,2,2,13176,15945,17180,18811,18380,19086,3000,1500,2000,0,2000,0,0
80000,1,1,2,43,0,0,0,0,0,0,84437,85065,77727,73713,74328,75649,3093,8000,3000,3000,3000,4000,0
130000,2,2,2,31,0,0,0,0,0,0,95292,97544,99208,102946,103750,105818,4600,4000,5300,3700,3600,3700,0
210000,1,2,1,38,2,0,0,0,0,0,196426,194724,193397,195027,199236,203241,8405,8495,7800,7378,7800,6900,1
230000,2,2,2,28,-1,-1,-1,-1,-1,-1,2454,1197,4556,4316,4316,4316,1197,4566,4316,4316,4316,4316,0
200000,2,2,2,27,0,0,0,0,0,0,125854,127843,131352,130884,132142,118084,4775,6579,4734,4368,4183,4227,0
50000,2,1,2,26,2,0,0,2,2,2,25875,27132,29695,30908,30112,32123,2000,3000,2000,0,2500,0,1
20000,1,1,2,28,0,0,0,0,0,0,19262,34729,18808,18302,18995,19400,1310,3190,1500,1000,860,900,0
290000,1,1,1,37,-2,-2,-2,-2,-2,-2,-17,3465,10069,4225,-4,871,3482,10194,4276,0,875,3852,0
490000,2,1,1,36,-2,-2,-2,-2,-2,-2,1886,9444,3180,7715,6507,3424,9480,3182,7779,6517,3434,5132,0
100000,2,1,2,27,-1,-1,-2,-2,-1,-1,4829,0,0,0,5330,0,0,0,0,5330,1274,2100,0
160000,2,2,2,29,0,0,0,0,0,0,36370,35996,35275,34873,35677,34942,4002,5390,6000,5000,5000,4000,0
230000,1,1,1,29,2,0,0,0,0,0,306836,295324,303082,307038,116506,19085,9062,10978,10361,2507,490,308,0
60000,2,2,1,31,0,0,0,0,0,0,49581,35465,29732,29411,28859,28309,1500,1600,1394,1000,1000,1500,0
360000,1,1,1,32,-1,-1,-2,-2,-2,-2,2500,0,0,0,0,0,0,0,0,0,0,0,0
70000,1,2,2,29,0,0,0,0,-1,-1,58305,61710,64114,66775,161,5746,5000,4000,5000,161,5800,1500,0
200000,2,3,2,29,-1,-1,-1,-1,-1,-1,326,326,326,326,326,326,326,326,326,326,326,326,0
130000,1,2,1,39,0,0,0,0,-2,-2,19698,10058,10833,0,0,0,1500,1000,0,0,0,0,0
120000,2,1,1,35,-1,-1,-1,-1,-1,-1,525,2458,8067,802,2706,3597,2458,8152,802,2706,3597,1400,0
20000,2,1,2,23,-1,0,0,0,0,0,19364,19082,19286,19637,18826,19522,1358,1321,1400,1000,1000,2583,0
150000,2,3,2,28,-2,-2,-2,-2,-2,-2,0,0,0,0,0,0,0,0,0,0,0,0,0
20000,1,1,2,22,0,0,2,0,0,0,17875,20524,17478,18224,18926,19627,3300,0,1500,1000,1000,1000,0
70000,2,2,1,24,0,0,0,0,0,0,8193,7569,8127,8838,8736,10753,1122,2127,2000,1736,2753,2177,0
50000,1,2,2,24,1,2,2,0,-1,0,59197,55551,54083,50000,10135,9952,2000,0,1000,10135,358,403,1
200000,2,1,1,38,-1,-1,-1,-1,-1,-1,3824,6115,11950,7311,18517,6787,6115,11950,7311,18567,6787,6653,0
150000,1,3,2,39,0,0,0,0,0,0,42029,42678,11413,12418,12415,13211,2100,1500,1500,500,1000,2300,0
10000,1,1,2,23,0,0,0,0,0,0,6927,5313,6264,5970,7175,6032,1500,3500,1000,2000,2500,1000,0
430000,2,1,2,30,0,0,0,0,0,0,62774,68284,74806,82241,80298,53289,10284,10806,12241,1606,1119,52319,0
300000,2,1,1,34,-1,-1,-1,-1,-2,-2,56,0,849,0,0,112,0,849,0,0,112,550,0
50000,2,1,2,26,2,0,0,2,2,2,25875,27132,29695,30908,30112,32123,2000,3000,2000,0,2500,0,1
50000,2,3,1,58,0,0,0,0,0,0,7308,7987,8582,9719,9692,9663,1200,1500,1300,500,500,500,0
260000,2,1,2,30,-2,-2,-2,-2,-2,-2,0,3459,0,0,200,0,3459,0,0,200,0,950,0
500000,2,2,1,37,0,0,0,0,0,0,58448,60182,67153,64079,64120,61295,5000,10000,5169,2322,5174,0,0
110000,1,2,2,26,0,0,0,0,0,0,61167,60549,55400,10711,10868,11079,2721,2422,1132,289,341,327,0
500000,2,2,1,38,0,0,0,0,0,0,80460,79689,74664,70270,66053,63924,3527,3030,3028,2513,2100,2524,0
180000,1,2,1,39,1,-2,-2,-2,-2,-2,0,0,0,0,0,0,0,0,0,0,0,0,0
360000,2,1,2,39,-1,-1,-2,-2,-1,-1,1070,0,0,0,906,0,0,0,0,906,0,4341,1
230000,1,1,1,41,1,-1,-1,-1,-1,-1,0,1482,2140,2360,2620,0,1482,2140,2560,2620,0,0,1
30000,1,2,2,23,0,0,-2,-2,-2,-2,41300,0,0,0,0,0,0,0,0,0,0,0,0
120000,1,1,1,43,-1,-1,-1,-1,-2,-1,165,0,788,0,0,495,0,788,0,0,495,0,0
210000,2,2,2,54,0,0,0,0,0,0,197324,201977,205800,205590,98572,90521,8000,11000,6000,4098,3500,3000,0
150000,2,2,2,31,1,2,2,2,0,0,22723,22060,25195,24497,24791,25462,0,3500,0,1000,1071,950,0
260000,1,1,2,29,0,0,0,0,0,0,56050,52079,52083,46703,47500,45030,6000,6000,5000,5000,4000,5000,0
500000,1,3,1,49,0,0,0,0,0,0,260991,214726,230250,188805,192229,2786,7890,20132,20004,7714,3000,1543,0
200000,1,2,2,25,1,2,0,0,0,0,124652,109401,63518,14607,16399,18026,6,5000,2000,2000,2000,20000,0
50000,2,1,2,24,0,0,0,0,0,2,12986,13994,15020,16335,17040,16625,1230,1256,1571,1276,0,624,0
130000,1,3,2,30,0,0,0,-1,-1,-1,29344,3268,6186,700,1680,0,1107,3025,707,1680,0,0,0
360000,2,3,2,39,1,-2,-2,-2,-2,-2,0,0,271,-1,560,0,0,271,0,561,0,0,0
50000,1,2,2,30,1,1,-1,2,2,0,13745,-4338,46881,47832,46783,47890,125,52000,2000,0,2000,3700,0
50000,2,2,2,23,0,0,0,0,0,0,47559,48549,50076,50205,19985,20650,1784,2701,2220,1000,1050,14951,1
260000,1,1,2,31,-1,-1,-1,-1,-1,-1,500,0,832,0,284,463,0,832,0,284,463,0,1
100000,1,2,2,34,0,0,0,0,-1,-1,19138,6630,4958,5314,390,390,1100,1254,1000,390,390,390,0
500000,2,1,2,29,0,0,0,0,0,0,33252,39078,33086,18304,16604,9505,10000,2014,3030,8006,1000,1000,0
120000,2,1,2,34,0,0,0,-1,-1,-1,8113,8796,12210,3095,0,2873,2000,5312,3095,0,2873,0,0
110000,2,1,2,29,1,2,0,0,0,0,113093,106321,107630,106354,79154,69988,3,4334,4250,2946,2506,2458,0
80000,2,2,1,51,0,0,0,0,0,0,42731,23086,23661,24678,25766,26351,1365,1500,1412,1500,1000,1100,1
50000,2,1,1,27,1,2,0,0,2,0,19029,18431,22782,32304,31519,23724,0,5000,10000,0,6724,13385,0
230000,2,1,2,37,1,-2,-2,-2,-1,2,-152,-152,-152,-152,42668,130,0,0,0,42820,0,1000,0
80000,2,2,1,34,-1,-1,-1,-1,0,-1,1383,5030,1964,7541,3201,5026,5030,1964,7568,0,5026,2371,0
210000,2,3,1,39,1,2,2,2,0,0,26624,25903,28719,27964,28364,28855,0,3550,0,1164,1100,1118,0
480000,2,1,2,34,-1,-1,-1,0,-1,-1,19810,3478,7782,4720,4440,96628,3495,8037,4523,4462,96665,6865,0
230000,2,1,1,46,-2,-2,-2,-2,-2,-2,266,0,0,0,0,300,0,0,0,0,300,0,0
80000,1,2,2,25,0,0,0,-1,0,0,8852,1946,1473,48029,47525,47181,1000,1000,48029,2000,2000,2000,1
70000,2,1,2,27,0,0,0,0,0,0,42825,47047,62703,28945,16345,21163,5000,20000,10000,6000,5000,8000,0
360000,2,1,2,29,0,0,0,0,0,0,270528,267435,193910,167029,134294,154290,10256,12000,15273,15000,25000,12000,0
440000,2,1,1,31,0,-1,-1,-1,-1,-2,232526,1025,0,26549,0,1000,1025,0,26549,0,1000,150,0
290000,2,1,2,30,0,0,0,0,0,-1,288033,260683,190012,36223,-4724,225276,10784,10295,2082,4724,230000,10000,0
50000,2,2,2,23,0,0,0,0,0,0,47559,48549,50076,50205,19985,20650,1784,2701,2220,1000,1050,14951,1
80000,2,5,2,33,-2,-2,-1,0,0,0,5833,0,15728,9265,10400,0,0,15728,1500,1400,0,0,0
120000,1,1,1,41,0,0,0,0,0,-1,115467,54921,56542,58023,17421,105771,2000,2500,2800,1000,109000,4200,1
200000,2,3,1,49,2,-1,2,2,2,0,570,52439,51040,56205,54723,58657,52439,0,6000,0,5000,2286,1
160000,2,2,1,49,-1,-1,2,0,0,2,16982,21353,20723,21873,25999,26377,4980,0,1500,4520,939,0,0
20000,1,1,2,25,0,0,0,0,0,0,26694,10298,9768,8798,9404,6864,1200,2000,2000,1000,1000,1000,0
90000,2,2,2,35,2,2,2,2,2,2,89282,91247,68552,67324,39573,28610,6201,0,25000,0,2235,0,0
200000,2,3,1,49,2,-1,2,2,2,0,570,52439,51040,56205,54723,58657,52439,0,6000,0,5000,2286,1
460000,2,2,1,39,-1,-1,-1,-1,-1,-1,11403,14015,2978,11402,12072,7090,14029,2978,11402,12802,7090,793,0
30000,2,2,1,51,0,0,-1,-1,-1,-1,11860,6846,7090,2680,390,0,1000,7090,2680,390,0,780,0
100000,2,1,1,49,1,2,0,0,0,2,103307,97590,99560,95952,98744,97896,0,4700,4400,6000,2000,4000,1
20000,1,2,2,24,0,0,0,0,0,0,17172,18179,19061,20182,19982,19482,1597,1479,1600,400,0,298,0
20000,1,3,1,46,1,2,0,0,0,0,19450,18844,19853,19894,19993,20030,0,1626,1615,710,720,1587,0
230000,1,2,1,35,0,0,0,0,0,0,174274,176853,180639,180117,179717,124117,7004,10000,5000,0,5000,189600,0
