110000,1,1,2,35,3,2,2,3,3,2,450,450,450,450,450,300,0,0,0,0,0,288,1
50000,2,2,2,23,2,0,0,0,0,0,49441,45880,42621,21734,18775,19590,1998,2198,1300,655,1100,654,0
200000,1,3,2,27,-1,0,0,0,0,0,3179,3844,5117,6877,7504,8148,1844,2117,1877,1504,1148,2599,0
130000,2,3,2,40,0,0,0,0,-2,-2,98874,99363,101618,-32,-32,-32,5000,5000,3000,0,0,1000,0
30000,2,3,1,23,0,0,0,0,0,0,26117,27028,27510,27817,28130,27141,1737,1609,1306,1455,857,1087,0
100000,2,1,2,26,1,-1,-1,-1,-1,-1,0,632,0,316,632,0,632,0,316,632,0,316,0
400000,2,3,1,44,0,0,0,0,0,0,35504,36680,35670,30364,28085,28708,5025,5044,2514,988,2004,5000,0
210000,2,2,2,36,1,-2,-2,-2,-1,0,0,0,212,3066,13206,10583,0,212,3066,13206,212,0,0
360000,2,1,1,35,-2,-2,-2,-2,-2,-2,3925,5320,1016,7173,10763,4857,5352,1022,7408,10817,5044,27696,0
100000,2,2,2,37,-1,-1,-1,-1,-2,-2,390,0,780,0,0,0,0,780,0,0,0,0,0
160000,1,2,1,46,0,0,0,0,0,0,116988,114956,114531,106467,106967,109245,4200,5555,4000,4000,4000,4200,0
400000,2,1,2,32,0,0,0,0,0,0,46782,48075,48815,49831,50821,51884,2036,1776,1792,1782,1844,1856,0
440000,2,2,1,39,0,0,0,0,0,0,58639,66698,43399,44534,25341,20000,30000,2000,24534,5000,20000,20839,0
50000,2,1,2,24,0,0,2,0,0,0,48483,52167,51052,50116,20181,19702,4500,0,2000,19000,1000,800,1
150000,2,1,1,33,2,2,2,2,2,2,105610,106885,108706,105470,111687,113747,4500,5000,0,8000,4000,4700,1
500000,2,2,1,38,-1,-1,0,0,0,0,250,1384,6324,7353,5536,8321,1384,5000,1224,3003,3506,3552,0
150000,2,1,2,26,0,0,0,0,0,0,151812,145411,132560,121003,69091,55543,7005,6612,4540,2426,1854,2424,0
160000,2,3,1,34,-2,-2,-2,-2,-2,-2,717,594,1217,697,650,691,597,1223,700,653,691,17,0
720000,2,2,2,38,1,-2,-2,-2,-2,-2,5065,2184,1744,7323,711,970,2184,1744,7323,711,970,491,0
330000,1,2,1,48,-2,-2,-2,-2,-2,-2,6051,8346,8952,2732,2732,2732,8387,8996,2745,2745,2745,2734,0
80000,2,2,2,56,0,0,0,0,0,0,49350,49533,49339,50415,45859,43152,2000,2000,2000,2007,1600,1900,0
140000,1,1,2,30,0,0,0,0,0,0,132970,136435,138696,139673,141573,140474,6334,6600,5500,4821,5188,5600,0
210000,2,2,1,46,0,0,0,0,0,0,134700,132799,111335,114037,67224,69177,6149,4100,4547,2500,3000,2500,0
280000,2,2,2,29,-2,-2,-2,-2,-2,-2,190601,4987,651,3126,3707,11225,4987,651,3126,3707,11225,10482,0
110000,2,3,1,42,0,0,0,0,0,0,110191,110736,63652,62738,50687,49850,3200,2450,2027,1710,1800,1700,0
150000,2,1,2,27,-2,-2,-2,-1,0,0,-3706,-6108,32662,59350,41136,28596,3449,46128,60260,30218,17000,20133,0
230000,2,1,2,29,1,-2,-1,-1,-1,-1,0,0,249,0,449,1530,0,249,0,449,1530,0,0
50000,1,1,1,25,0,0,0,2,0,0,47053,5472,5891,6595,8400,4041,2000,1500,1000,2000,1000,1000,0
360000,2,2,1,37,-1,2,2,-2,-2,-2,5748,550,0,0,0,0,0,0,0,0,0,0,0
160000,2,3,1,34,-2,-2,-2,-2,-2,-2,717,594,1217,697,650,691,597,1223,700,653,691,17,0
500000,2,2,1,38,-1,-1,0,0,0,0,250,1384,6324,7353,5536,8321,1384,5000,1224,3003,3506,3552,0
460000,2,2,1,50,0,0,0,0,0,0,581319,552144,523423,493548,429966,427216,19141,19141,20141,14642,31549,15522,1
340000,1,2,2,36,-2,-2,-2,-2,-2,-2,19628,14586,15018,12062,3894,7957,14594,15047,12064,3894,7957,18191,0
150000,2,3,2,28,-2,-2,-2,-2,-2,-2,0,0,0,0,0,0,0,0,0,0,0,0,0
20000,2,2,2,24,0,-1,-1,0,-1,-1,4261,7830,17213,4781,3178,15834,7830,17221,1203,3178,15834,0,0
130000,2,1,2,32,0,0,0,0,0,0,126164,126080,129104,130745,127344,127809,6500,7000,8000,5000,4500,4500,0
140000,1,1,2,32,0,0,0,0,2,0,90590,97047,102468,114718,111387,116399,8000,7000,15500,0,7000,7000,0
250000,2,1,2,25,0,0,0,0,0,0,18761,10656,7099,11758,17047,16483,4662,2101,7227,7865,8485,5777,0
60000,1,2,2,30,-1,-1,2,-1,-1,-1,921,1498,749,749,58852,6295,1498,0,749,58852,6295,0,0
80000,1,2,2,27,1,2,0,0,-2,-2,83062,81150,82150,0,0,0,0,3800,0,0,0,0,0
50000,2,2,1,46,-2,-1,-1,0,-1,-1,4640,2720,26461,11882,280,290,2720,26461,1034,280,300,1535,0
30000,2,2,1,51,-2,-2,-2,-2,-2,-2,1724,1222,4952,6693,22761,10044,1222,4972,7629,22817,10056,298,1
400000,2,1,1,40,-1,-1,-1,-2,-2,-2,3716,4318,273,743,516,200,4318,273,743,516,200,422,0
20000,1,2,1,33,1,2,0,0,2,2,4481,4261,5272,6685,6429,7225,0,1087,1500,0,900,0,0
140000,2,2,1,46,0,0,0,0,0,0,82497,83206,85862,86676,88948,54312,2978,3997,3140,3707,2104,1946,0
50000,2,3,2,50,1,-2,-2,-2,-2,-2,0,0,0,0,0,0,0,0,0,0,0,0,1
80000,2,2,2,22,0,0,0,0,0,0,76405,77043,79524,75773,29126,8671,2780,3745,1628,596,173,2114,0
230000,2,2,1,40,0,0,0,0,0,0,44948,45198,46244,47595,38367,35098,1728,3000,3040,3012,3000,3000,0
30000,2,2,1,44,0,0,0,0,0,0,28467,29792,29739,24950,25248,25109,1814,1459,1373,871,890,1375,1
60000,1,2,2,27,2,0,0,2,0,0,58598,56486,60877,56138,56806,57935,2632,5924,0,2200,2200,2290,1
30000,1,2,1,44,1,2,2,0,0,0,12351,13068,12568,13880,13849,14816,1216,0,1528,497,1192,0,0
110000,2,2,1,45,0,0,0,0,0,0,36267,37234,37341,38208,39121,39785,1587,1694,1561,1474,1370,1514,0
230000,2,3,1,33,0,0,0,0,0,0,233314,222220,210778,211132,179564,176949,8005,10002,15037,6500,16002,8002,0
460000,2,2,1,50,0,0,0,0,0,0,581319,552144,523423,493548,429966,427216,19141,19141,20141,14642,31549,15522,1
440000,2,1,2,33,0,0,0,0,0,0,164269,160608,150150,139178,123627,48175,5666,5802,3577,2955,12000,1025,0
80000,2,2,1,52,1,2,2,2,2,0,82904,80954,80070,74172,68002,58032,0,7000,4007,0,3000,3000,0
360000,2,2,1,33,-2,-2,-2,-2,-2,-2,0,0,3240,1943,0,0,0,3240,1943,0,0,0,1
400000,1,1,1,47,0,0,0,0,0,0,105610,107495,111150,112444,97523,84858,3904,5646,5000,3000,5000,5000,0
20000,1,2,2,25,0,0,0,0,0,2,14989,15999,17043,18236,19376,18958,1263,1307,1500,1408,0,674,1
130000,2,2,1,29,0,0,0,0,0,0,67260,69269,72276,74347,77259,78403,4000,5000,4347,5000,3038,2135,0
160000,2,1,2,25,-1,0,-1,-1,0,0,6087,1934,11376,2199,10856,0,1000,11426,2199,10000,0,9867,0
100000,2,3,2,27,0,0,0,0,0,0,89312,141034,61119,58535,54224,51204,3000,2208,2700,2000,1844,1709,0
220000,1,3,2,33,0,0,0,0,0,0,62770,86968,57675,75892,49548,35530,40000,25000,25000,10000,10000,10000,0
140000,1,1,2,50,-1,2,-1,-1,-1,-1,780,780,390,0,780,390,0,390,0,780,390,0,1
280000,2,2,2,28,-2,-2,-2,-2,-2,-2,0,0,0,0,0,0,0,0,0,0,0,0,0
280000,2,2,2,24,-1,-1,-1,-1,-1,0,316,316,3861,316,10800,9099,316,3861,316,10800,382,5000,0
230000,2,1,2,25,0,0,0,0,0,0,35101,35695,11657,13258,12459,6886,5000,5000,3000,669,5000,19000,0
200000,2,2,2,27,-1,-1,-1,-1,-1,-1,6369,5830,7254,7164,4576,5792,5830,7254,7164,4675,5792,5196,0
20000,1,2,2,25,0,0,0,0,0,2,14989,15999,17043,18236,19376,18958,1263,1307,1500,1408,0,674,1
160000,2,2,2,33,2,2,3,2,0,0,161771,172632,168541,164310,162681,163005,15000,0,0,6100,12300,6100,0
50000,1,1,1,46,0,0,0,0,2,2,13176,15945,17180,18811,18380,19086,3000,1500,2000,0,2000,0,0
150000,2,2,2,44,0,0,0,0,0,0,37050,39471,41515,43879,44446,45394,3000,2636,3000,1528,1600,2000,0
50000,2,3,1,27,2,0,0,0,2,0,11275,37651,38498,40644,39731,35657,27234,1754,2900,0,1265,832,1
50000,2,1,2,23,1,-1,2,0,0,0,-69,7721,3079,7095,7237,6446,7790,0,4095,245,234,266,1
20000,2,2,1,45,0,0,0,0,-1,-1,9779,9368,4494,5405,1000,3383,1063,1089,1000,3899,3383,0,0
240000,2,2,2,38,1,-2,-2,-2,-2,-2,0,0,0,0,0,0,0,0,0,0,0,0,1
350000,2,1,1,33,-2,-2,-2,-2,-2,-2,6016,4322,5568,9571,6370,9674,4348,5596,9632,6402,9722,24086,0
230000,2,1,2,25,0,0,0,0,0,0,35101,35695,11657,13258,12459,6886,5000,5000,3000,669,5000,19000,0
10000,1,2,2,23,-2,-1,-1,-1,0,0,998,780,390,3622,3695,3126,780,390,3622,108,246,98,1
230000,1,2,1,33,1,-1,-1,-1,-1,-1,0,1427,0,198,0,525,1427,0,198,0,525,0,0
230000,2,2,2,43,2,2,2,2,2,3,206245,215936,221001,220886,239299,237297,13126,10000,5000,23700,2000,3,1
440000,1,1,2,39,0,0,0,0,0,0,120448,115977,104887,86807,71641,12420,3939,3506,3589,3061,1031,1044,0
10000,1,3,2,43,0,0,0,0,0,0,9545,10443,7329,8343,8508,8686,1117,1125,2139,304,315,345,0
130000,2,2,1,29,0,0,0,0,0,0,130927,133658,132026,122804,121663,122032,7000,5306,5000,5000,6000,10000,0
200000,2,2,1,40,0,0,0,0,0,0,21464,22065,23382,21522,8815,4280,2000,2000,1128,4280,0,0,0
190000,2,2,1,37,0,0,2,2,2,2,105679,115049,117856,119570,116284,123528,11000,6000,5000,0,9000,4000,0
160000,2,2,1,55,0,0,0,0,0,0,86179,83960,61589,58702,56853,56002,4000,3000,2000,2000,3000,5000,0
130000,1,2,1,39,0,0,0,0,-2,-2,19698,10058,10833,0,0,0,1500,1000,0,0,0,0,0
220000,2,2,1,34,0,0,0,0,0,0,154029,153012,154508,152829,152842,152747,5700,6000,6814,5500,5800,5700,0
280000,2,1,2,27,-1,-1,-1,-1,-1,-1,6585,4308,0,1265,1627,204,4308,0,1265,1638,204,3908,0
500000,1,2,1,46,0,0,-1,-1,-1,-1,157046,82603,37528,83629,20894,27217,1652,37550,83642,20894,24038,59021,0
200000,2,3,1,28,-2,-2,-2,-2,-2,-2,86,7024,1466,1466,479,2448,7066,1473,1473,486,3442,12,1
40000,2,2,2,44,2,2,2,2,2,2,35515,36176,37490,38726,39795,40230,1550,2200,2170,2001,1601,1602,1
300000,1,3,1,51,-2,-2,-2,-2,-2,-2,1236,-13,-13,2155,2402,-10,0,0,2168,2421,0,0,0
80000,1,2,1,32,0,0,0,0,0,0,81249,81117,81140,80567,59560,40390,3000,3300,2602,1800,1432,1520,0
160000,2,1,2,29,-2,-2,-2,-2,-2,-2,386,4194,196,7730,3113,3484,4194,196,7741,3113,3484,2475,0
70000,1,2,1,45,0,0,0,0,0,0,67062,68622,28236,30750,35205,37466,3000,1500,3000,5000,3000,5000,0
350000,1,3,2,36,-1,-1,-1,-1,-1,-1,9189,6080,12622,18103,13547,38868,6088,12635,18119,13547,38868,4650,0
50000,2,2,1,51,1,2,2,-2,-2,-2,4746,4496,0,0,0,0,0,0,0,0,0,0,0
470000,1,1,1,40,1,2,0,0,0,0,276880,241153,204223,151253,138087,109094,5014,10000,5214,4500,5000,4200,0
110000,2,2,1,46,0,0,2,0,0,0,102726,110179,105137,105467,94294,86381,10700,0,5000,4000,4000,5000,0
120000,1,1,2,31,0,0,0,0,0,0,64670,68574,71849,74974,83137,51377,5000,5000,5000,10000,5000,5000,0
50000,1,2,2,26,1,2,0,0,2,2,16412,15851,16889,19909,19291,20675,0,1294,3314,0,1700,0,0
100000,2,1,2,26,1,-1,-1,-1,-1,-1,0,632,0,316,632,0,632,0,316,632,0,316,0
300000,1,2,1,44,0,0,2,2,0,0,223211,239061,239874,233894,169520,160385,21000,6000,3662,6000,6000,6000,0
300000,2,1,2,29,0,0,0,0,0,0,45117,43460,14291,7331,10018,6213,1281,1093,1000,5014,2000,1000,0
500000,1,2,1,41,0,0,0,0,0,0,478623,466444,239921,184874,47774,34617,14000,12800,4300,3063,3600,3100,0
110000,1,1,2,28,0,0,0,0,0,0,107560,100395,79889,70062,70901,72754,4024,3008,3200,2600,3000,3000,1
110000,2,2,1,45,0,0,0,0,0,0,36267,37234,37341,38208,39121,39785,1587,1694,1561,1474,1370,1514,0
200000,2,1,2,29,-1,-1,-1,-1,0,0,27869,5531,6781,12162,12410,12410,5531,6781,12162,248,0,1703,0
50000,1,2,2,31,0,0,0,0,0,-1,47533,48640,49483,40850,0,800,2200,2000,3000,0,400,20000,0
50000,1,3,1,41,0,0,0,0,0,0,49782,50741,48468,39203,28913,26636,1816,1753,1433,990,967,1071,0
50000,2,1,2,33,0,0,0,0,0,0,13452,14524,15586,16622,17344,17864,1300,1300,1300,1000,800,1000,0
20000,1,2,1,33,1,2,0,0,2,2,4481,4261,5272,6685,6429,7225,0,1087,1500,0,900,0,0
240000,2,1,2,33,-2,-2,-2,-2,-2,-2,5000,0,5000,0,254,9366,0,5000,0,254,9366,1150,0
100000,1,1,2,26,-1,-1,-1,-1,-1,-1,1872,4490,4056,10782,3187,18515,4503,4066,10900,3196,18543,3215,0
230000,2,2,1,35,0,0,0,0,0,-2,68755,35137,34305,22752,5123,0,1607,4305,1000,5123,0,2810,0
290000,2,2,2,25,0,0,0,0,0,0,78719,71559,66658,68627,61578,59274,2510,2500,3000,3000,3000,3000,0
100000,2,1,2,27,0,0,0,0,0,0,43599,45865,54424,56032,59475,47491,3000,10000,2647,5000,2000,4000,0
100000,2,1,2,26,0,0,0,0,0,0,81463,83098,63848,64692,66114,67396,4000,3000,2500,2500,2500,2600,0
30000,1,1,2,24,-1,0,0,0,0,0,1426,2539,3437,5365,6275,7172,1300,1100,2000,1000,1000,2000,0
20000,2,3,2,45,-1,-1,-1,-1,-1,0,390,350,360,370,780,390,350,400,400,800,0,390,0
110000,2,2,1,45,0,0,0,0,0,0,36267,37234,37341,38208,39121,39785,1587,1694,1561,1474,1370,1514,0
450000,1,1,2,31,1,2,2,2,-2,-2,153246,151659,10199,0,0,0,4009,2000,0,0,0,0,1
160000,1,2,1,46,0,0,0,0,0,0,116988,114956,114531,106467,106967,109245,4200,5555,4000,4000,4000,4200,0
180000,2,1,1,44,-1,-1,-1,-1,-1,-1,1210,1071,6554,0,21398,298,1071,6557,0,21398,298,0,0
200000,1,1,1,30,3,2,2,2,2,2,2500,2500,2500,2500,2500,2500,0,0,0,0,0,0,1
210000,1,3,1,49,0,0,0,0,0,0,27984,27686,29209,28326,26198,25020,1500,2000,1500,1000,1500,1300,0
150000,1,3,1,43,-1,2,-1,-1,-1,-1,1280,390,390,780,1746,0,0,390,780,1746,0,0,0
160000,2,2,1,55,0,0,0,0,0,0,86179,83960,61589,58702,56853,56002,4000,3000,2000,2000,3000,5000,0
220000,2,1,1,30,2,2,0,0,0,0,150682,139629,136020,115942,54611,42363,0,6824,2726,1239,2953,112742,0
20000,1,2,2,24,2,2,2,0,0,-1,17996,19102,19117,19664,10000,4060,2100,1000,1000,1100,4060,0,1
370000,2,2,1,41,-2,-2,-2,-2,-2,-2,1442,9750,0,30100,0,0,9750,0,30100,0,0,0,0
10000,2,2,1,29,0,0,0,0,0,0,6176,6512,7447,8777,8956,9731,1265,1200,1500,400,1000,273,0
400000,2,2,2,32,0,0,0,0,0,0,234779,240496,247813,253726,258120,10002,5784,7395,7506,6000,2000,2000,0
30000,1,2,2,25,-2,-2,-2,-2,-2,-2,836,836,836,390,390,390,836,836,390,390,390,0,0
90000,2,3,1,41,0,0,0,0,0,0,2833,6003,7598,5036,4750,3007,5000,3500,4500,4300,0,1500,0
150000,2,1,2,28,0,0,0,0,0,0,12799,13726,14648,12115,12613,15225,1600,1500,1600,1000,3000,2200,0
20000,1,2,2,37,1,2,0,0,0,0,14440,13916,15376,18075,18830,20423,0,2000,3000,1000,2000,0,1
230000,2,5,1,39,-1,-1,0,0,-2,-2,7479,31280,120000,0,0,0,31280,90000,0,0,0,0,0
100000,2,2,1,30,-1,0,0,0,0,0,98048,97585,84514,85496,69656,61532,3903,8000,5000,4000,3000,2300,0
340000,1,3,1,36,0,0,0,0,0,0,362178,303611,92112,75710,63870,52671,10116,3300,5000,10000,10000,30000,1
100000,2,1,2,26,0,0,0,0,0,0,81463,83098,63848,64692,66114,67396,4000,3000,2500,2500,2500,2600,0
200000,1,1,2,28,2,-1,3,2,-1,-1,833,932,662,311,355,1266,932,0,0,355,1200,0,0
210000,1,1,1,33,0,0,0,0,0,0,154714,150011,139854,138054,136674,136196,4830,4700,4515,4426,4436,4765,0
100000,1,3,2,44,0,0,0,0,0,0,90128,91542,92686,94122,53720,54866,4200,3900,3854,2000,2000,2000,1
150000,2,3,1,43,0,0,0,0,0,0,18308,19973,21000,22013,22449,22922,1973,1353,1366,802,833,837,1
50000,2,2,2,32,0,0,0,0,0,0,12513,13595,14570,15523,15964,16554,1600,1500,1500,1000,1000,1000,0
350000,2,1,1,41,0,0,0,0,0,0,15407,17826,23489,29037,36213,38163,3000,6000,6000,8027,8000,8000,0
60000,1,2,1,29,0,0,0,0,0,0,58634,59541,58604,59427,38472,39528,3000,31404,3000,2000,2000,2000,0
90000,1,4,2,26,-2,-2,-2,-2,-2,-2,2862,0,0,1000,326,326,0,0,1000,326,326,1178,1
60000,1,1,2,27,0,0,0,0,0,0,5370,7268,10131,11644,14430,17180,2000,3000,2000,3000,3000,2000,0
290000,2,1,1,34,0,0,0,0,0,0,276365,199540,191188,145089,137942,116689,9263,9041,7027,10088,8027,10025,0
260000,2,1,2,33,-2,-2,-2,-2,-2,-2,18480,3958,-86,-86,17315,14961,3978,0,0,17401,15036,18207,1
220000,2,1,1,30,2,2,0,0,0,0,150682,139629,136020,115942,54611,42363,0,6824,2726,1239,2953,112742,0
230000,2,2,1,48,0,0,0,0,0,0,344458,320215,298031,272103,205797,179247,11000,12500,11000,7000,36700,6650,0
20000,2,2,2,28,1,2,0,0,0,0,20583,19942,16614,15941,13205,6009,0,1358,1065,327,187,325,0
250000,2,2,2,55,-2,-2,-1,-1,0,0,603,1867,2470,3887,4731,8710,1867,2661,3887,1000,4000,1000,0
160000,1,1,2,27,-1,-1,-1,-1,-1,-1,316,316,2968,19656,4056,7496,316,2968,19666,4056,7496,4836,0
30000,1,1,1,37,1,2,2,0,0,2,20829,22689,22043,23367,24983,25437,2500,0,2000,2000,1000,0,1
40000,2,5,1,24,0,0,0,0,0,0,40848,39270,40929,40528,39575,40526,1650,2300,1600,1330,1500,1500,0
20000,1,2,2,24,2,2,2,2,0,0,5266,6026,15855,16295,17023,17388,1000,10000,1000,1000,639,2822,1
50000,2,2,1,46,-2,-1,-1,0,-1,-1,4640,2720,26461,11882,280,290,2720,26461,1034,280,300,1535,0
60000,2,3,2,44,2,2,2,2,2,2,11847,62478,55887,70562,71322,58821,55887,0,20783,2500,0,3000,1
160000,1,2,1,43,0,0,0,0,0,0,69554,72390,75521,78987,80891,62113,4000,5000,10000,4000,3000,6000,0
50000,1,2,2,47,0,0,0,0,0,0,19949,19356,19849,20301,17951,17254,2000,2000,2000,1000,1000,1000,0
230000,2,2,1,48,0,0,0,0,0,0,344458,320215,298031,272103,205797,179247,11000,12500,11000,7000,36700,6650,0
100000,2,1,2,34,0,0,0,0,0,2,66193,63155,50385,31371,54713,28347,3413,5010,10005,30326,0,20000,0
400000,1,1,1,30,0,0,0,0,0,-2,12820,15463,50040,22072,6712,5286,5427,37505,10077,233,5312,6991,0
180000,2,1,2,27,0,0,0,0,0,0,101489,78738,78639,44295,44113,37805,10006,8000,1610,10000,1333,8818,0
50000,2,3,1,44,0,0,-1,0,0,0,48592,38491,900,1900,2900,3000,1063,900,1000,1000,100,0,1
50000,2,2,2,35,0,0,-1,0,0,0,50521,50466,49821,43945,29669,28469,1649,51869,1884,1023,1173,1193,0
50000,1,2,1,43,0,0,0,0,0,0,27681,28287,28924,29521,29876,30201,1458,1485,1472,1217,1347,558,0
40000,1,1,2,26,0,0,0,0,0,0,21651,19279,19076,15838,17616,11081,5009,5000,1560,7000,497,2000,0
140000,2,2,1,30,0,0,0,0,0,0,13859,16229,16459,14753,13437,14745,5000,1286,1476,423,3000,1000,0
20000,1,1,2,30,-1,-1,3,2,0,0,323,24910,22469,21780,20363,20199,26703,0,0,1000,800,1000,1
340000,2,1,1,34,0,0,0,0,0,0,254219,252984,252180,250359,203580,192415,9500,9780,9425,7500,6800,7200,0
80000,2,1,1,48,-1,-1,-1,-2,-2,-1,1198,1150,0,0,0,7685,1150,0,0,0,7685,0,1
230000,1,1,2,34,0,-1,0,0,0,0,56449,219192,226596,225791,226638,226265,231788,11621,9027,9015,9000,9014,0
300000,2,2,1,38,-2,-2,-2,-2,-2,-2,0,0,0,0,0,0,0,0,0,0,0,0,0
150000,1,1,1,36,-2,-2,-2,-2,-2,-2,2750,2424,27498,1213,26636,2547,2424,27498,1213,26636,2704,1800,0
200000,2,1,2,25,0,0,0,-1,0,0,11740,7221,1341,25068,52486,45047,2012,1025,32994,37042,2004,2502,0
140000,1,2,1,38,2,2,2,2,2,2,53797,55007,56128,56713,55796,56251,2700,2600,2100,600,1500,4545,1
70000,1,2,2,29,0,0,0,0,-1,-1,58305,61710,64114,66775,161,5746,5000,4000,5000,161,5800,1500,0
60000,1,2,1,40,0,0,0,0,0,0,53896,53640,51608,52642,52806,53530,2500,2500,2500,2000,2100,2200,0
80000,2,2,1,28,0,0,0,0,-1,0,150651,52233,81162,71470,28718,27813,3905,81000,1513,47921,10000,2001,0
80000,2,2,2,24,0,0,2,2,2,2,70411,75874,76710,74792,79636,77757,6657,2629,0,6000,0,3000,0
50000,1,1,2,27,0,0,0,2,2,2,17468,48675,36287,30691,29901,49293,32400,4000,1200,0,20000,2000,0
20000,1,3,2,32,1,2,0,0,0,0,20450,17861,18967,19633,18187,18568,0,1700,1300,651,674,756,1
320000,2,1,1,36,-1,-1,2,2,-2,-2,7225,9336,945,-37,-37,-37,9386,13,0,0,0,7445,0
80000,2,2,2,24,0,0,2,2,2,2,70411,75874,76710,74792,79636,77757,6657,2629,0,6000,0,3000,0
190000,2,2,2,35,0,0,0,0,0,0,66859,68204,70009,65845,67347,70096,3054,3529,3000,2600,4000,3000,0
210000,2,2,2,32,-2,-2,-2,-2,-2,-2,355,975,410,0,0,0,979,412,0,0,0,0,0
50000,1,1,2,27,0,0,2,0,0,2,48215,44175,83132,42079,44781,45619,4007,0,1706,3408,1700,0,0
190000,2,2,2,40,0,0,0,0,0,0,182923,183436,162537,157497,155297,153594,8059,7741,7201,4815,4927,5380,1
420000,1,4,2,36,1,-2,-1,-1,0,0,944,1819,1133,10415,7792,-3,1819,1143,10429,194,556,0,0
300000,2,1,2,29,0,0,0,0,0,0,45117,43460,14291,7331,10018,6213,1281,1093,1000,5014,2000,1000,0
100000,1,2,1,47,0,0,0,0,0,0,72703,74147,76305,77855,78961,80452,2653,3352,3413,3000,2919,2944,0
210000,2,2,2,27,0,0,0,0,0,0,26311,24805,25810,27071,27817,28401,2000,1800,2000,1500,1031,1191,0
30000,2,2,2,22,0,0,0,0,0,0,29449,30308,26186,27698,28987,29568,1402,2000,2000,2000,2500,2000,0
350000,2,1,1,33,-2,-2,-2,-2,-2,-2,6016,4322,5568,9571,6370,9674,4348,5596,9632,6402,9722,24086,0
40000,1,1,2,26,0,0,0,0,0,0,21651,19279,19076,15838,17616,11081,5009,5000,1560,7000,497,2000,0
320000,2,1,2,29,0,0,0,0,0,0,42596,43548,33674,34259,62546,106857,1955,2020,1605,30039,65000,5000,0
200000,2,2,2,27,-1,-1,-1,0,-1,-1,13285,2150,14122,27413,35377,29922,2155,14122,23007,7212,29922,37790,0
150000,2,2,1,40,-1,-1,-1,-1,-1,-1,16019,0,7937,3307,2894,0,0,7937,3307,2894,0,0,0
360000,2,2,1,34,-1,0,0,-1,-1,-2,4874,9561,5866,1297,0,0,5000,1166,1297,0,0,0,0
230000,1,1,1,38,-2,-2,-2,-2,-2,-2,7904,860,-3,-3,-3,-3,864,0,0,0,0,0,0
150000,1,2,2,29,0,0,0,0,0,0,104165,93850,94944,100940,100339,102567,5000,4380,8528,5000,4000,5000,0
230000,1,1,2,34,0,-1,0,0,0,0,56449,219192,226596,225791,226638,226265,231788,11621,9027,9015,9000,9014,0
20000,1,1,2,28,0,0,0,0,0,0,19262,34729,18808,18302,18995,19400,1310,3190,1500,1000,860,900,0
200000,2,1,2,29,-1,-1,-1,0,0,-1,2116,0,9781,29313,49113,732,0,9781,20000,20000,732,1005,0
180000,2,3,1,36,0,0,0,-1,0,0,8911,5838,-2,120442,90430,92325,1034,2,120444,3236,3352,3897,0
150000,1,2,1,52,2,2,2,2,2,0,131953,136386,140830,146050,142241,145559,8100,8100,9000,0,5578,5304,1
360000,1,1,2,29,-2,-2,-2,-2,-2,-2,6906,4893,508,0,4861,2547,4893,508,0,4861,2547,0,0
100000,2,3,1,39,-1,-1,0,-1,-1,-1,380,1357,1977,380,380,1253,1357,1000,380,380,1253,2434,0
90000,2,1,2,28,2,3,2,0,0,2,88627,86357,84131,85225,90347,85725,0,0,3400,6500,0,3301,1
200000,1,1,2,39,1,-2,-2,-2,-2,-2,0,0,0,0,0,0,0,0,0,0,0,0,0
100000,2,2,1,44,1,-2,-2,-2,-1,2,-1651,-5469,-7292,-10938,5887,3882,0,0,0,16825,0,1823,0
60000,2,1,1,28,0,0,0,0,0,2,46233,47263,48696,50385,52045,52661,2100,2500,2500,2500,1600,1500,0
310000,1,1,2,32,-2,-2,-2,-2,-2,-2,8242,32447,17314,8639,12862,4553,32617,17417,8702,12926,4575,1990,0
20000,2,2,2,46,-1,-1,-1,-1,-2,-2,390,0,780,0,0,0,0,780,0,0,0,0,1
50000,2,2,1,41,0,0,0,0,0,0,47406,48332,44295,43638,18788,15468,2200,2100,2228,1000,500,1150,1
100000,2,1,2,25,0,0,0,0,0,0,90976,93443,94192,95535,97945,93412,4000,3503,4000,4003,3500,3400,0
80000,2,1,1,38,-1,-1,-1,-1,-1,-1,2226,6259,1393,1627,5189,10747,6259,1393,1627,5189,10747,4412,0
500000,2,3,1,40,0,0,0,0,0,-1,38322,38913,27489,27053,-9,14863,1284,1231,1154,0,14872,121,0
30000,2,2,1,51,-2,-2,-2,-2,-2,-2,1724,1222,4952,6693,22761,10044,1222,4972,7629,22817,10056,298,1
200000,1,1,3,47,0,0,0,0,0,0,202967,203188,198576,186981,137486,140473,7208,7282,5835,5000,5500,4954,1
50000,1,1,1,46,0,0,0,0,2,2,13176,15945,17180,18811,18380,19086,3000,1500,2000,0,2000,0,0
500000,2,1,2,45,-2,-2,-2,-2,-2,-2,0,0,1742,27291,0,0,0,1742,27291,0,0,6386,0
280000,1,1,2,30,-2,-2,-2,-2,-2,-2,3310,-6,4759,996,0,1199,0,4765,996,0,1199,909,0
340000,2,2,1,31,0,0,0,0,0,0,192860,189272,137255,137180,135783,135201,7332,5008,6367,4800,4941,4696,0
90000,1,1,2,27,0,0,0,0,0,0,21506,18304,15783,16815,17236,17807,1600,2000,1600,1000,1000,1000,0
230000,1,1,1,46,-1,-1,-1,-1,-1,-2,39900,1200,0,11211,0,0,1200,0,11211,0,0,0,0
50000,2,2,1,41,1,2,2,2,0,0,23165,21974,20544,17210,15754,10860,2000,2101,0,2201,1000,0,1
50000,2,2,1,23,2,2,0,0,0,0,54866,51520,41711,22775,4215,3016,1000,1860,1600,452,100,114,1
200000,2,1,2,29,-2,-2,-2,-2,-2,-2,8695,14323,44326,9353,11156,17725,14329,44452,9355,11156,17725,9289,0
100000,2,1,2,26,0,0,0,0,0,0,81463,83098,63848,64692,66114,67396,4000,3000,2500,2500,2500,2600,0
480000,1,1,1,66,-1,-1,-1,-1,-1,-1,3820,4665,5367,21222,9083,84804,4665,5473,21284,9088,84804,6285,0
150000,2,3,2,28,2,0,0,0,0,0,107603,109835,110255,110247,110955,105145,5500,5500,5300,3853,4000,4000,0
200000,2,3,1,47,1,-2,-2,-2,-2,-2,0,0,0,0,0,0,0,0,0,0,0,0,0
40000,2,3,2,43,0,0,0,0,0,-2,26449,22072,19085,17550,0,0,1303,1665,1000,0,0,0,0
80000,2,3,1,37,2,2,2,2,0,0,93050,99396,100495,97982,100261,102147,8840,3560,0,3912,3832,3508,1
10000,1,3,2,41,0,0,-2,-2,-1,-1,10400,0,0,0,400,0,5275,0,0,400,0,2400,0
120000,2,2,2,28,1,-2,-2,-2,-2,-2,0,0,0,0,0,0,0,0,0,0,0,0,0
170000,1,1,2,31,0,0,0,0,0,0,166701,164561,166894,170102,165015,165571,5887,6894,6102,5807,6241,7000,0
140000,2,1,2,29,0,0,2,0,0,0,135436,144922,141289,137377,93261,95368,13102,17,5547,3242,3512,3333,0
30000,2,2,1,35,0,0,0,0,0,0,25485,26503,27486,25663,26979,24306,1447,1430,1684,2000,892,2000,0
200000,2,2,1,50,0,0,0,0,0,0,4701,3146,4486,13390,8009,5010,2310,3518,12537,45,514,2811,0
280000,2,2,1,51,2,2,2,2,0,0,258764,279451,280882,218619,201679,195934,25000,7500,0,6500,7000,6000,0
200000,2,3,1,29,-1,-1,-2,-2,-2,-1,161,0,0,0,0,1063,0,0,0,0,1063,1089,0
20000,2,2,2,24,0,-1,-1,0,-1,-1,4261,7830,17213,4781,3178,15834,7830,17221,1203,3178,15834,0,0
90000,2,1,2,28,1,2,0,0,0,2,5799,3095,5257,6649,8680,7844,0,3000,2000,3000,0,20000,0
90000,2,2,1,32,-1,2,-1,-1,-2,-1,3682,3472,33784,0,0,256,0,33812,0,0,256,3500,0
50000,2,3,1,39,0,0,0,0,0,0,49575,48208,47619,19929,15693,13766,2067,3000,1171,2000,2000,2500,0
230000,2,2,2,37,0,0,2,0,0,0,29087,30589,20958,21637,19846,12770,2100,1000,1252,500,1000,1000,0
30000,1,3,1,42,0,0,-1,-1,-1,-1,1946,1473,390,390,390,0,1000,390,390,390,0,780,0
360000,1,1,1,32,-1,-1,-2,-2,-2,-2,2500,0,0,0,0,0,0,0,0,0,0,0,0
80000,1,1,2,27,0,0,0,0,0,0,63132,61397,70223,53429,28689,24827,2378,10000,23000,5000,10000,6000,0
200000,1,1,2,30,0,0,0,0,0,0,46288,48205,49352,49682,50588,42629,3000,2300,2000,2000,1500,1189,0
20000,2,2,1,54,3,2,3,2,2,2,6329,8488,8212,7931,8797,8514,2415,0,0,1000,0,500,1
50000,2,3,1,44,0,0,2,0,0,0,13881,11494,5847,4871,3007,2136,3483,0,1000,0,993,0,0
80000,1,1,2,27,0,0,0,0,0,0,63132,61397,70223,53429,28689,24827,2378,10000,23000,5000,10000,6000,0
50000,2,3,1,32,0,0,0,0,0,0,33231,34544,35976,15996,32714,16720,1868,2300,1239,600,600,600,1
170000,2,3,1,30,0,0,0,0,0,0,136639,138223,140964,138064,131845,128827,7200,7405,6022,4606,5006,4809,0
140000,1,1,2,32,0,0,2,2,2,2,32678,37303,37114,38687,41338,40645,5400,600,2400,3500,0,1539,0
160000,2,1,1,41,0,0,-1,0,0,0,169867,126973,88072,88783,79684,78656,3360,92532,2859,2638,3000,2584,0
80000,2,2,2,36,2,2,2,0,0,0,82177,89893,80774,80082,78545,76742,10096,0,3800,3125,2783,3000,1
360000,2,1,1,48,0,0,0,0,0,0,202783,202036,202918,202197,199002,197781,10000,10000,10000,7500,8000,8000,0
230000,1,1,1,38,-2,-2,-2,-2,-2,-2,7904,860,-3,-3,-3,-3,864,0,0,0,0,0,0
240000,2,3,2,28,2,2,2,0,0,0,242837,246989,204769,62670,10408,10848,10000,0,2806,500,562,303,1
180000,2,2,1,48,-1,-1,-1,-1,-2,-2,4498,-2,760,0,0,245,0,762,0,0,245,884,0
360000,1,1,2,31,1,-1,-1,-1,0,0,0,4260,3278,580,580,0,4260,3278,580,0,0,0,0
400000,2,1,1,37,0,0,0,0,0,0,229714,222726,162828,131433,126929,122492,11477,8000,4553,3600,3546,3864,0
230000,2,1,1,28,1,2,0,0,0,0,207128,195825,199659,157434,160009,155825,6300,9264,6116,6128,5765,5956,1
50000,2,2,1,51,1,2,2,-2,-2,-2,4746,4496,0,0,0,0,0,0,0,0,0,0,0
180000,2,1,2,27,0,0,0,0,0,0,101395,101607,98186,59451,49956,50133,5000,3371,6940,2800,2000,2000,0
540000,2,3,2,38,1,-2,-2,-2,-2,-2,736,736,736,736,0,-736,736,736,736,0,0,2965,0
90000,2,2,2,32,0,0,0,0,0,0,86076,87567,78646,79212,54659,55902,3012,3100,3116,2000,2100,2100,0
160000,2,3,1,41,1,2,2,2,0,0,45057,46017,47188,46134,47063,50034,2000,2200,0,2000,3900,2000,0
60000,1,3,1,34,0,0,0,0,0,0,43293,28305,22298,22161,18667,19381,1368,1396,1287,654,1000,644,0
440000,2,1,1,31,0,-1,-1,-1,-1,-2,232526,1025,0,26549,0,1000,1025,0,26549,0,1000,150,0
30000,2,2,2,23,2,2,2,2,2,2,12376,13475,12973,15144,14603,15767,1600,0,2700,0,1400,0,1
90000,2,1,2,28,0,0,0,2,2,2,38355,39413,41181,41701,44000,45651,1700,2404,1500,3000,2500,600,0
150000,2,3,1,42,-1,-1,-1,-1,-1,0,11070,5947,6152,7306,18726,13839,6151,6427,7306,18738,0,7154,0
480000,1,1,1,41,1,-2,-2,-2,-2,-2,0,0,0,0,0,0,0,0,0,0,0,0,0
30000,2,2,2,31,0,0,0,0,0,0,28651,28716,26570,26829,26839,27449,1800,2000,1600,1000,1000,1000,0
20000,2,2,1,38,1,-1,-1,-2,-2,-2,0,2000,0,0,0,0,2000,0,0,0,0,0,1
230000,1,1,2,39,-1,-1,-1,-1,2,-1,260,834,-150,517,53,603,1000,0,667,0,700,10200,0
80000,2,2,1,23,0,0,0,0,0,-2,54600,56379,55875,7552,0,0,3300,2640,1056,0,0,0,0
620000,1,2,2,31,-2,-2,-2,-2,-2,-2,5712,11598,21049,13846,3565,7076,11881,21171,13915,3583,7111,1971,0
450000,2,1,1,39,-2,-2,-2,-2,-2,-2,8494,24178,5307,118852,11489,26518,25128,5318,118877,11489,26518,3575,0
320000,2,3,1,44,1,-1,2,2,-1,-1,-1,507,507,-900,3750,3216,508,0,0,5330,3216,2041,0
30000,2,1,2,25,0,0,0,0,0,0,26417,27421,28573,29222,28451,27270,1448,1600,1500,1000,1000,1200,0
360000,2,1,2,29,0,0,0,0,0,0,270528,267435,193910,167029,134294,154290,10256,12000,15273,15000,25000,12000,0
170000,1,3,1,46,-1,-1,-1,-1,-1,0,1804,1804,1804,1804,3608,1804,1804,1804,1804,3608,0,1804,1
50000,2,2,1,45,0,0,0,0,0,0,39944,41180,41870,8469,8411,8361,2124,2037,1130,295,302,296,0
60000,2,3,1,47,0,0,0,0,0,0,33867,35303,36032,37431,37863,38954,2000,1601,2000,1354,1700,1010,0
200000,2,5,1,27,0,0,0,0,0,0,185143,188678,191500,187835,139070,140171,7000,7512,7500,5100,5100,5500,0
20000,1,1,2,26,-1,-1,0,-1,0,0,587,2195,1758,3720,3820,0,2195,1500,3720,100,0,0,0
180000,1,2,1,28,0,0,0,0,2,0,148735,150771,156334,165696,165582,168952,6000,8000,13500,4110,6200,13600,0
20000,2,2,1,42,2,3,2,2,2,2,18162,18464,19465,19649,19978,20512,900,1600,800,950,1000,800,1
430000,2,1,1,46,-2,-2,-2,-2,-2,-2,9270,43717,4153,4196,447,0,43717,4153,4196,447,0,3566,0
150000,2,3,1,43,0,0,0,0,0,0,18308,19973,21000,22013,22449,22922,1973,1353,1366,802,833,837,1
220000,1,2,1,41,0,0,-1,-1,-2,-2,45075,8840,1369,5924,1759,1824,8840,6643,5924,1759,1824,7022,0
190000,2,1,2,28,0,0,0,0,0,0,141693,143464,146943,151905,153538,156664,5618,5795,7408,5645,5753,6370,0
50000,1,2,1,49,0,0,0,0,0,-1,48481,48526,50056,49735,14240,890,2313,2313,2082,677,890,14441,1
480000,1,1,1,66,-1,-1,-1,-1,-1,-1,3820,4665,5367,21222,9083,84804,4665,5473,21284,9088,84804,6285,0
40000,2,3,1,44,0,0,0,0,0,0,13033,14041,15065,16077,16396,16739,1232,1256,1268,587,607,611,0
360000,2,3,3,58,0,0,0,-2,-2,-2,35673,35817,-1,-1,-1,-1,1179,0,0,0,0,139,0
170000,2,1,1,50,-1,-1,-1,-1,-1,-1,1978,2191,3185,0,582,3779,2191,3185,0,582,3779,75,0
180000,2,1,2,35,-2,-2,-2,-2,-2,-2,7210,370,8479,792,3826,1997,370,8875,792,3826,1997,396,0
170000,1,1,2,51,0,0,0,0,0,0,201851,195038,189067,180389,137030,129222,6873,7509,5573,4309,4239,5142,1
160000,1,1,2,27,-1,-1,2,-1,0,0,701,3442,2551,4217,1255,1554,3442,18,4217,0,1000,888,1
350000,1,2,2,40,0,0,0,0,-1,-1,28194,29334,30900,0,223,223,1500,2000,0,223,223,223,0
90000,2,1,2,25,0,0,0,0,0,0,33336,39009,47657,52372,52112,56257,10000,10000,6000,1570,5000,1363,0
210000,2,2,2,32,-2,-2,-2,-2,-2,-2,355,975,410,0,0,0,979,412,0,0,0,0,0
150000,1,3,1,42,0,0,0,0,0,0,148826,148568,151864,147485,106607,98109,6000,6012,5012,5000,4000,4000,0
360000,1,2,1,40,-1,-1,-2,-1,-1,-1,12663,0,0,2455,6447,0,0,0,2455,6447,0,0,0
310000,2,1,1,41,-1,2,-1,-1,-1,0,3640,1094,9445,5202,14589,11673,0,9453,5206,14589,0,16563,0
50000,2,2,2,46,1,3,2,0,0,0,52308,51194,50101,49527,10147,9965,0,0,1200,400,400,400,0
80000,2,2,1,47,0,0,0,0,0,0,78849,27733,28009,28977,28756,28962,1433,1489,1457,1016,1046,1211,0
60000,2,1,1,28,0,0,0,0,0,2,46233,47263,48696,50385,52045,52661,2100,2500,2500,2500,1600,1500,0
230000,2,1,1,46,-2,-2,-2,-2,-2,-2,266,0,0,0,0,300,0,0,0,0,300,0,0
170000,2,1,2,30,0,0,0,0,0,0,171992,168531,171440,174643,165584,169230,6027,6300,8451,6000,6320,6700,0
120000,2,1,2,25,0,0,0,0,0,0,58106,53974,51786,43180,41469,42004,2000,3000,3000,4000,4000,2000,0
410000,1,2,1,36,0,0,0,0,0,0,421227,416160,419988,359736,358471,360557,15050,16000,13100,12700,13000,13100,0
160000,2,2,1,52,-1,-1,2,-1,-1,-1,465,10451,9385,2260,1313,947,10451,0,4560,2626,1894,7428,0
50000,1,1,1,46,0,0,0,0,2,2,13176,15945,17180,18811,18380,19086,3000,1500,2000,0,2000,0,0
220000,2,2,1,33,0,0,0,0,0,0,204144,175748,172758,175030,174122,175472,6500,6300,7700,6300,6300,6150,0
440000,2,2,1,39,0,0,0,0,0,0,58639,66698,43399,44534,25341,20000,30000,2000,24534,5000,20000,20839,0
80000,2,3,1,41,-1,-1,-1,-1,-1,-1,3526,10129,6100,6420,606,7228,10129,6100,6434,606,7228,14387,0
310000,1,1,2,38,-2,-2,-2,-2,-2,-2,995,988,993,993,1495,995,993,1005,1000,1502,1000,1000,0
400000,2,3,1,44,0,0,0,0,0,0,35504,36680,35670,30364,28085,28708,5025,5044,2514,988,2004,5000,0
500000,1,1,1,31,1,-2,-2,-2,-1,0,0,0,0,0,881,881,0,0,0,881,0,0,1
20000,2,2,2,21,-1,-1,2,2,-2,-2,390,780,780,0,0,0,780,0,0,0,0,0,0
290000,2,1,1,33,-2,-2,-2,-2,-2,-2,0,0,0,0,0,0,0,0,0,0,0,0,1
180000,2,1,2,30,0,0,0,0,0,-2,7808,4511,3435,5345,2018,164,1198,1099,2009,2024,164,2159,0
210000,2,2,1,34,0,0,0,0,0,0,205475,206616,212391,208931,146005,145343,9500,9207,8500,5200,5200,5000,0
50000,1,1,2,31,0,0,0,0,0,0,49139,49281,42472,44810,45699,46675,1707,1948,11746,1635,1712,4000,1
30000,2,1,2,23,2,0,0,0,0,0,25366,26554,27435,28270,28632,30193,2000,2000,2000,1500,2400,1100,1
80000,2,2,1,28,0,0,0,0,-1,0,150651,52233,81162,71470,28718,27813,3905,81000,1513,47921,10000,2001,0
60000,2,2,2,26,1,2,0,0,-2,-2,47963,36871,3800,0,0,0,0,1038,0,0,0,0,0
240000,2,2,1,28,-1,0,0,0,-1,-1,5740,5639,3428,4634,4590,9675,1215,2000,2000,4590,9675,15000,0
10000,2,2,1,38,1,3,2,0,-1,0,3980,3771,3564,4500,5039,5275,0,0,1000,5039,375,0,1
20000,1,3,2,48,0,0,2,2,0,0,13543,16434,17452,16879,17059,17263,3132,1577,0,757,628,700,1
100000,2,1,2,29,2,2,2,2,2,2,57214,58666,58643,58589,62586,64519,3000,1500,1500,5600,3100,2000,1
260000,2,2,1,37,0,0,0,0,0,0,182249,181433,180660,179052,177072,175285,6107,6501,6005,5805,5909,6106,0
60000,2,3,2,27,0,0,0,0,0,0,39325,40668,42009,43804,44473,45752,2000,2000,2500,1700,2000,1700,0
30000,1,2,2,25,0,0,0,0,0,0,30274,30517,30485,30533,29148,29782,1932,3900,1700,1200,1180,2500,0
180000,2,2,2,46,-2,-2,-2,-2,-2,-2,1905,2453,6997,3064,2158,9331,2453,6997,3064,2158,9331,0,0
250000,1,1,1,34,0,0,0,0,0,0,6035,11782,7241,7277,4972,2609,1131,4000,3000,99,1000,6000,1
120000,2,2,1,35,0,0,0,0,-2,-2,22148,21120,4746,0,0,0,1550,1000,0,0,0,0,0
20000,1,3,1,53,3,4,3,2,3,2,15507,14974,14449,15116,14582,14206,0,0,1200,0,0,2230,1
60000,1,2,1,37,0,0,0,-1,-1,-1,6742,9582,-27,15273,14766,14687,3000,18,15300,5000,15132,6500,0
140000,1,2,1,38,2,2,2,2,2,2,53797,55007,56128,56713,55796,56251,2700,2600,2100,600,1500,4545,1
30000,2,2,2,31,0,0,0,0,0,0,28651,28716,26570,26829,26839,27449,1800,2000,1600,1000,1000,1000,0
30000,2,1,2,23,2,0,0,0,0,0,25366,26554,27435,28270,28632,30193,2000,2000,2000,1500,2400,1100,1
260000,2,1,1,37,1,2,2,2,0,0,58261,59706,60969,59400,60315,63230,3000,2800,0,2500,4000,4000,0
100000,1,1,2,37,2,2,0,0,2,2,38604,37688,38780,43592,44117,45165,0,2000,5800,1540,1900,1700,1
50000,2,3,2,25,0,0,0,0,-2,-2,8298,5841,3750,0,0,0,1250,1000,0,0,0,40277,0
20000,2,1,2,22,2,0,0,0,0,2,13718,15033,15751,17068,17891,17463,1550,1268,1585,1408,0,1700,1
120000,2,2,1,24,0,0,0,0,0,0,56324,28542,13590,11501,10151,11171,3000,5007,3200,2000,3000,0,0
200000,1,2,2,34,0,0,0,0,2,0,176642,180421,185722,196732,188930,192647,7000,8500,16000,0,7500,15000,0
110000,2,2,2,40,0,0,0,0,0,0,111720,86877,133187,65025,62777,62105,3406,2357,2239,3617,2247,2500,1
290000,2,1,2,46,0,0,-1,-1,-1,-1,113618,289002,1332,21429,2228,156721,34507,1343,21542,2239,156733,7219,0
220000,2,2,1,40,-2,-2,-2,-2,-2,-2,5785,4164,8553,11652,14968,7898,4183,8603,11709,15823,7937,5302,0
90000,2,1,2,28,0,0,0,2,2,2,38355,39413,41181,41701,44000,45651,1700,2404,1500,3000,2500,600,0
350000,2,1,1,45,-1,-1,-1,-1,-1,-1,291,291,291,291,291,291,291,291,291,291,291,291,0
240000,2,2,1,43,-1,-1,-2,-1,-1,-1,54,0,0,177,199,559,0,0,177,200,559,0,0
110000,2,2,1,38,0,0,0,0,0,0,195437,176420,63142,39854,9293,-1288,5000,10000,5048,2000,39958,52000,1
140000,1,2,1,44,1,-1,-1,-1,0,-1,0,1384,-12,1900,664,1085,1384,0,1912,0,1085,0,0
310000,1,1,1,33,2,2,-2,-2,-2,-2,2500,0,0,0,0,0,0,0,0,0,0,0,1
100000,2,1,2,38,2,2,2,2,2,2,37566,37160,39750,40298,40835,41529,500,3500,1500,1500,1500,2000,1
210000,2,1,1,30,1,-1,-1,-1,-1,-1,0,820,718,424,631,843,820,718,424,631,843,0,0
330000,2,2,1,51,0,0,0,2,0,0,208263,200865,194176,184986,173688,164579,10000,10500,8000,6000,6000,6000,0
80000,2,2,2,43,0,0,0,0,0,0,77479,77057,78102,58501,51042,19036,3631,3177,2600,3000,1691,695,0
150000,1,3,1,47,0,0,0,-1,-1,-2,250475,123543,52598,3218,0,0,5772,2424,3218,0,0,0,0
50000,2,2,1,50,0,0,0,0,0,0,21956,20439,20691,17081,16234,16330,2000,1306,1206,1000,697,532,0
90000,1,1,2,27,0,0,0,2,0,0,84404,86109,92140,88296,88357,85506,3100,8100,0,3200,3000,3500,0
400000,2,2,2,43,-2,-2,-2,-2,-2,-2,15000,18400,15000,492,14926,7626,18400,15000,492,15000,7725,3000,0
70000,2,2,1,27,0,0,0,0,0,0,69762,68914,69252,70415,69212,70514,2450,2600,2700,2500,2800,2500,1
360000,2,1,1,26,-2,-2,-2,-2,-2,-2,1517,2742,2317,2482,1415,2095,2749,2322,2482,1417,2095,3228,0
80000,2,3,2,43,0,0,0,0,0,0,80707,77532,77492,78362,50001,50035,3332,3051,2600,1877,1767,1797,0
180000,2,1,2,30,0,0,0,0,0,-2,7808,4511,3435,5345,2018,164,1198,1099,2009,2024,164,2159,0
150000,2,1,2,26,0,-1,-1,-1,-1,-1,7448,2089,174,640,2414,500,2089,174,640,2414,500,3158,0
110000,1,1,2,29,-1,-1,0,0,0,0,750,71015,72517,72537,55600,72442,71022,5000,5000,5000,22000,5000,0
360000,2,2,2,33,0,0,0,0,0,0,7157,8446,9034,8340,3144,0,2000,1501,1000,900,0,0,0
20000,2,1,2,23,-1,0,0,0,0,0,19364,19082,19286,19637,18826,19522,1358,1321,1400,1000,1000,2583,0
240000,2,1,2,29,0,-1,0,0,0,0,10747,30380,15579,20496,15296,24332,30439,10023,10000,5000,15000,15000,0
120000,2,2,1,30,2,-1,3,2,0,-1,1248,1701,1551,1410,479,3158,1701,0,9,0,3158,0,0
500000,1,2,1,33,-1,-1,0,-1,0,0,680,1094,1508,1862,3676,4961,1101,1100,2103,2500,2000,2000,0
370000,1,6,1,28,0,-1,-1,-1,-1,-1,64268,2868,3788,9424,2468,2468,2868,100332,9456,2468,2468,2468,0
150000,1,2,2,35,0,0,0,-1,-1,-1,4301,8246,12865,817,1095,1393,4000,5064,821,1100,1393,3796,1
220000,1,1,2,30,-2,-2,-2,-2,-2,-2,2895,-1,-1,300,90,2194,0,0,301,90,2204,547,0
20000,1,1,1,33,0,0,0,0,0,0,20276,20134,20298,19269,19254,19484,1326,1326,1287,662,903,500,0
150000,2,3,2,28,-2,-2,-2,-2,-2,-2,0,0,0,0,0,0,0,0,0,0,0,0,0
340000,2,1,2,26,1,2,2,2,2,0,17211,19262,20012,19728,19042,11728,2637,1353,531,14,235,1400,0
80000,1,1,2,26,-1,-1,-1,-1,-1,-1,7412,945,1096,162,6600,1780,945,1096,163,6600,1780,0,0
400000,2,1,1,37,0,0,0,0,0,0,229714,222726,162828,131433,126929,122492,11477,8000,4553,3600,3546,3864,0
50000,1,2,2,26,0,0,0,0,0,0,47052,47874,40933,16603,16932,17287,1728,2856,1276,605,627,633,0
350000,2,1,1,30,0,0,0,0,0,0,43548,39873,52449,53581,45320,43421,15000,15000,6000,1013,1445,5000,0
220000,1,1,1,38,-1,-1,3,2,2,-2,1815,743,743,43,-657,-1357,1486,0,0,0,0,0,0
90000,2,3,1,36,0,0,-1,0,0,0,79642,79001,18318,18982,19371,19608,1580,19789,1295,1000,849,1000,0
110000,2,2,1,31,-1,2,2,-1,-1,-1,832,832,416,416,416,416,416,0,416,416,416,416,1
30000,2,2,1,31,0,0,0,0,0,0,24358,23798,23071,23496,26562,27346,3000,4000,3000,5000,5000,3000,0
500000,2,1,2,28,0,0,-1,0,0,0,19543,21788,19323,33146,39741,53516,5110,19623,15000,7000,14122,20000,0
80000,2,2,1,34,-1,-1,-1,-1,0,-1,1383,5030,1964,7541,3201,5026,5030,1964,7568,0,5026,2371,0
280000,1,1,2,31,-2,-2,-2,-2,-2,-2,8383,8797,8741,8178,-4,-4,9044,8844,8247,0,0,0,0
50000,2,2,1,45,0,0,0,0,0,0,39944,41180,41870,8469,8411,8361,2124,2037,1130,295,302,296,0
140000,2,2,2,35,0,0,0,0,0,0,84873,82471,84235,82432,81465,83160,4000,4010,3800,3200,3100,3000,0
240000,2,1,1,37,0,0,0,0,0,0,157668,165762,173429,176943,176843,177183,10762,10429,10423,6843,7183,6398,0
110000,2,2,1,45,0,0,0,0,0,0,36267,37234,37341,38208,39121,39785,1587,1694,1561,1474,1370,1514,0
20000,1,2,2,27,0,0,0,0,0,0,12546,13830,14599,15650,15964,17204,1500,1300,1300,574,1500,0,1
140000,1,2,1,32,0,0,0,0,0,0,134236,134663,137485,137450,135638,136375,6300,6500,6300,6000,5200,5000,0
150000,2,1,2,29,0,0,0,0,0,0,78044,43437,45132,39180,31422,32410,2000,2500,3300,2150,1500,6200,0
240000,2,2,1,43,-1,-1,-2,-1,-1,-1,54,0,0,177,199,559,0,0,177,200,559,0,0
320000,2,1,2,29,0,0,0,0,0,0,42596,43548,33674,34259,62546,106857,1955,2020,1605,30039,65000,5000,0
90000,2,2,1,34,0,0,0,0,0,0,18358,14764,8374,29525,28333,27879,1300,1300,22000,1000,1012,1400,0
310000,2,1,2,29,0,0,0,0,0,0,29906,14780,18261,41540,50803,59927,14750,5000,24000,10000,10000,30000,0
230000,2,2,1,40,0,0,0,0,0,0,44948,45198,46244,47595,38367,35098,1728,3000,3040,3012,3000,3000,0
90000,2,1,2,25,0,0,0,0,0,0,33336,39009,47657,52372,52112,56257,10000,10000,6000,1570,5000,1363,0
310000,2,1,2,26,0,0,2,2,-1,2,11683,9624,9022,-422,6214,2360,3000,0,0,6900,0,1300,0
200000,2,2,1,50,0,0,0,0,0,0,4701,3146,4486,13390,8009,5010,2310,3518,12537,45,514,2811,0
360000,2,1,1,48,0,0,0,0,0,0,202783,202036,202918,202197,199002,197781,10000,10000,10000,7500,8000,8000,0
30000,2,2,1,26,0,0,0,0,2,0,20105,21419,22278,24423,19985,15021,1650,1506,2651,0,2044,550,0
90000,1,2,1,42,0,0,0,0,-2,-2,87104,90651,92400,0,0,0,5000,4500,0,0,0,0,1
20000,1,2,2,24,0,0,0,0,0,0,17172,18179,19061,20182,19982,19482,1597,1479,1600,400,0,298,0
210000,2,2,1,41,-1,0,-1,-1,-1,-1,13340,42862,9584,7978,6728,6728,42000,9600,7978,6728,6728,6728,0
30000,2,1,2,24,0,0,0,0,0,0,26094,27095,28158,29385,29665,30446,1440,1503,1730,1010,1206,1949,0
150000,2,3,1,42,-1,-1,-1,-1,-1,0,11070,5947,6152,7306,18726,13839,6151,6427,7306,18738,0,7154,0
440000,2,2,1,39,0,0,0,0,0,0,58639,66698,43399,44534,25341,20000,30000,2000,24534,5000,20000,20839,0
30000,1,2,2,37,2,2,2,0,0,0,25811,29066,28322,29251,15525,0,3700,0,1800,3925,0,0,1
50000,2,2,2,23,0,0,0,0,0,0,47559,48549,50076,50205,19985,20650,1784,2701,2220,1000,1050,14951,1
140000,2,2,1,46,0,0,0,0,0,0,82497,83206,85862,86676,88948,54312,2978,3997,3140,3707,2104,1946,0
300000,2,2,2,26,0,0,0,0,0,0,63425,50294,38235,29944,26259,26288,3005,2691,2400,1000,1000,859,0
60000,2,3,2,41,0,0,0,0,0,0,56309,58369,59237,59851,32002,32388,3000,2400,1812,3200,2000,4000,0
160000,2,3,1,34,-2,-2,-2,-2,-2,-2,717,594,1217,697,650,691,597,1223,700,653,691,17,0
500000,2,2,1,38,0,0,0,0,0,0,242546,184601,189136,172674,20253,29576,7000,8000,9000,791,10000,7000,0
50000,2,3,1,33,0,0,-2,-2,-2,-2,23500,0,0,0,0,0,0,0,0,0,0,0,0
20000,2,2,2,22,0,0,2,2,2,2,4400,4883,2829,3920,1997,1317,4500,0,1700,0,100,0,1
100000,2,3,2,33,0,0,0,0,0,0,74847,70663,63794,60651,54664,51776,3000,3000,2700,2000,2000,2000,0
20000,2,2,1,23,0,0,0,0,0,0,17049,16178,17218,18630,19029,19579,15000,1600,2000,1000,1000,531,0
80000,2,3,1,48,2,2,2,2,0,0,66321,63695,33283,22442,15553,5593,0,6056,652,517,0,27,0
50000,1,2,2,30,-1,0,0,2,0,0,1382,2496,4533,4279,4592,0,1300,2254,0,313,0,0,0
360000,2,1,2,27,-2,-2,-2,-2,-2,-2,0,0,0,0,0,300,0,0,0,0,300,0,0
360000,1,1,1,32,-1,-1,-2,-2,-2,-2,2500,0,0,0,0,0,0,0,0,0,0,0,0
270000,2,2,2,29,0,0,0,0,0,0,39004,28963,23021,17934,13650,12864,1520,1719,1200,1000,2000,3022,0
180000,2,3,1,39,1,-2,-2,-1,3,2,0,0,0,300,300,150,0,0,300,0,0,645,0
80000,2,2,1,36,1,-2,-2,-2,-2,-2,4233,14233,15854,10000,10000,10000,14233,15854,10000,10000,10000,10000,0
230000,2,1,2,24,-1,0,0,0,-1,-1,5883,7923,5418,0,2000,987,7000,1000,0,2000,987,1951,0
160000,2,2,1,37,0,0,2,0,0,0,45966,48783,47681,46039,47197,46683,3900,0,1742,1900,1703,3612,0
260000,2,2,1,37,0,0,0,0,0,0,182249,181433,180660,179052,177072,175285,6107,6501,6005,5805,5909,6106,0
110000,2,1,2,31,0,-1,-1,-2,-2,-2,14268,2491,0,0,0,0,2491,0,0,0,0,0,0
200000,2,2,2,27,0,0,0,-1,-1,0,7886,7101,5378,5501,9402,9221,4500,3378,5501,9402,6000,5683,0
430000,2,1,2,30,0,0,0,0,0,0,62774,68284,74806,82241,80298,53289,10284,10806,12241,1606,1119,52319,0
140000,2,2,1,32,-1,2,2,-1,-1,0,739,739,-200,8700,1367,1367,0,0,8900,1367,0,0,1
300000,2,1,2,31,-1,-1,-1,-1,-1,-1,720,0,69190,0,686,2927,0,69190,0,686,2927,2995,0
130000,2,2,2,42,1,2,2,2,2,2,117391,119378,121993,123503,124578,127434,5400,6000,5000,4600,5000,5100,0
150000,2,2,1,28,0,-1,-1,-1,-1,-1,12780,850,850,430,840,430,850,850,430,840,430,860,1
220000,2,2,1,36,2,2,2,2,0,0,192654,195725,197466,189149,187531,187856,8500,8200,0,7000,7000,7200,1
160000,2,1,2,25,-1,0,-1,-1,0,0,6087,1934,11376,2199,10856,0,1000,11426,2199,10000,0,9867,0
140000,1,2,2,39,1,-1,0,-1,0,0,10091,18324,8808,27319,19278,11505,18539,1000,27329,386,1000,16215,0
100000,2,1,2,27,0,0,0,0,0,0,43599,45865,54424,56032,59475,47491,3000,10000,2647,5000,2000,4000,0
200000,2,2,2,23,0,0,-2,-2,-2,-2,61650,0,0,0,0,0,0,0,0,0,0,0,1
50000,1,3,2,24,1,2,2,0,0,0,52354,52651,51056,49515,42189,19938,2211,0,2174,2000,6473,0,1
180000,2,1,1,36,0,0,0,0,0,0,4911,6688,8432,9977,10030,10836,2000,2000,2000,500,1100,0,0
150000,2,2,1,30,0,-1,-1,-1,-1,-1,1499,1231,0,1872,0,113,1231,0,1872,0,113,0,0
260000,2,3,2,27,0,0,0,0,0,0,106164,105133,100606,93022,61746,47819,3834,4523,3154,2025,1709,2011,0
110000,2,3,1,64,0,0,0,0,0,0,83050,85550,76793,13062,12609,12638,4000,3275,3028,3000,2000,2000,0
50000,2,1,2,26,2,0,0,2,2,2,25875,27132,29695,30908,30112,32123,2000,3000,2000,0,2500,0,1
200000,2,2,2,27,-1,-1,-1,-1,-1,-1,6369,5830,7254,7164,4576,5792,5830,7254,7164,4675,5792,5196,0
80000,2,3,1,47,-1,-1,2,-1,-1,-1,390,780,390,390,390,390,780,390,390,390,390,2379,1
90000,1,1,2,27,0,0,0,2,0,0,84404,86109,92140,88296,88357,85506,3100,8100,0,3200,3000,3500,0
390000,1,1,1,47,-1,-1,-1,-1,-1,-1,5768,8843,18982,11700,0,2978,8875,19051,11754,0,2978,0,0
290000,2,2,1,49,0,0,0,0,0,0,282538,281749,238490,86202,83155,84927,10711,12915,2962,2863,2996,3257,1
20000,1,2,1,34,2,-1,0,0,0,0,390,18864,19499,19780,780,0,18864,1329,1000,0,0,0,1
170000,1,2,1,26,0,0,0,0,0,-2,30779,30751,23602,16633,0,51269,1675,1500,1007,0,51269,1865,0
200000,1,1,2,30,0,0,0,0,0,0,46288,48205,49352,49682,50588,42629,3000,2300,2000,2000,1500,1189,0
360000,2,2,2,34,0,0,0,0,0,0,282674,277569,246380,236139,241056,246297,12200,10500,8500,8750,9200,9800,0
10000,1,2,1,44,-1,-1,-1,-1,-1,-2,390,390,0,780,0,0,390,0,780,0,0,0,0
400000,2,1,1,29,0,0,0,0,0,0,5074,4097,7716,12538,17305,22499,1097,3716,5000,5000,5668,7000,0
300000,2,1,2,27,0,0,0,0,0,0,131760,132770,130595,132683,128557,125900,4700,4995,4516,4034,4088,3886,0
20000,2,3,1,45,-1,-1,-1,-1,-1,-1,1403,6920,10785,390,6210,1040,6990,10785,390,6210,1040,9113,0
80000,2,3,2,43,0,0,0,0,0,0,80707,77532,77492,78362,50001,50035,3332,3051,2600,1877,1767,1797,0
50000,2,2,2,32,0,0,0,0,0,0,12513,13595,14570,15523,15964,16554,1600,1500,1500,1000,1000,1000,0
270000,2,2,2,29,0,0,0,0,0,0,39004,28963,23021,17934,13650,12864,1520,1719,1200,1000,2000,3022,0
90000,2,1,2,25,0,0,0,0,0,0,33336,39009,47657,52372,52112,56257,10000,10000,6000,1570,5000,1363,0
180000,2,2,1,27,0,0,0,0,0,0,117703,116372,115445,112938,109306,104106,4171,4200,4000,3789,3959,3300,0
50000,1,2,2,29,0,0,2,0,0,0,13778,15837,16285,17009,18223,18778,2600,1000,1300,1500,1000,1000,0
100000,2,1,2,29,2,2,2,2,2,2,57214,58666,58643,58589,62586,64519,3000,1500,1500,5600,3100,2000,1
50000,2,3,1,30,0,0,0,0,0,0,48549,49256,50338,48848,46709,47688,1813,1895,2200,1595,1653,1709,0
50000,2,1,2,51,0,0,0,0,0,0,43273,44652,46331,47896,47266,48002,2800,2795,2750,1130,1314,1159,0
40000,2,3,1,40,1,-1,2,2,2,-2,-531,2661,3871,1488,0,0,3383,2000,0,0,0,431,1
200000,1,1,2,27,-1,-1,-1,0,0,0,3592,3622,7990,10392,7042,5692,3622,7990,6000,0,2000,5000,1
270000,2,2,2,29,0,0,0,0,0,0,39004,28963,23021,17934,13650,12864,1520,1719,1200,1000,2000,3022,0
10000,2,2,2,32,0,-1,0,0,0,-2,5250,1223,2264,3230,0,0,1223,1066,1032,0,0,0,1
230000,2,3,1,33,0,0,0,0,0,0,233314,222220,210778,211132,179564,176949,8005,10002,15037,6500,16002,8002,0
90000,1,3,1,35,0,0,0,0,0,0,86821,71263,73515,74100,23500,23500,4000,4000,3000,0,0,0,0
200000,2,2,2,34,0,-1,-1,-1,-2,-2,13112,13011,12000,0,0,0,13011,12000,0,0,0,107918,0
20000,1,1,2,30,-1,-1,3,2,0,0,323,24910,22469,21780,20363,20199,26703,0,0,1000,800,1000,1
230000,2,2,2,25,0,0,0,0,0,0,95544,95311,94489,93143,87654,90172,4200,4500,4114,3500,4000,3000,0
40000,2,1,2,23,0,0,0,0,0,0,10389,11410,12970,13246,11024,9798,1200,1751,1027,250,385,1000,0
200000,2,1,1,41,1,-1,0,-1,2,0,2217,61328,2877,160944,156864,160066,61634,2877,160944,0,5900,13000,1
10000,1,3,1,43,0,0,0,-2,-2,-2,8802,10400,0,0,0,0,2000,0,0,0,0,0,0
230000,2,1,2,31,-1,-1,-1,-1,-1,-1,2274,7398,5537,1247,0,1000,7398,5537,1259,0,1000,4134,0
300000,2,1,2,31,0,0,0,0,-1,-1,31827,11158,1616,3658,658,662,1009,1000,2700,658,662,0,0
50000,2,2,1,45,0,0,0,0,0,0,39944,41180,41870,8469,8411,8361,2124,2037,1130,295,302,296,0
300000,1,2,2,47,0,0,0,0,0,0,109274,110453,115453,118522,118586,118179,3000,5000,5013,4514,4220,4008,0
110000,2,3,1,42,0,0,0,0,0,0,110191,110736,63652,62738,50687,49850,3200,2450,2027,1710,1800,1700,0
30000,1,2,1,32,0,0,0,0,-1,0,28729,28305,16084,4432,24621,25073,2000,2000,2000,26100,1000,1100,0
40000,2,1,2,27,0,0,0,0,0,0,9663,10696,11855,13424,14018,14493,1200,1337,1906,1500,475,0,0
540000,2,3,2,38,1,-2,-2,-2,-2,-2,736,736,736,736,0,-736,736,736,736,0,0,2965,0
300000,1,3,1,45,-1,-1,-1,2,-1,0,836,390,780,390,780,780,390,780,0,780,0,0,0
360000,2,1,1,48,0,0,0,0,0,0,202783,202036,202918,202197,199002,197781,10000,10000,10000,7500,8000,8000,0
180000,2,1,2,28,-1,-1,-1,-1,-1,-1,26000,5480,5960,600,6800,12627,5488,5960,600,6800,12627,0,0
160000,2,1,2,25,-1,0,-1,-1,0,0,6087,1934,11376,2199,10856,0,1000,11426,2199,10000,0,9867,0
50000,2,2,1,36,0,0,0,0,0,0,46714,47404,48786,49768,27838,84810,1766,2148,2130,1200,1012,2034,0
450000,1,1,1,37,1,2,0,0,0,0,387192,379442,387398,395655,403568,418182,0,14062,14700,14500,21077,12575,1
20000,1,1,2,25,0,0,0,0,0,0,18069,17905,18712,19682,18384,18768,2180,1400,1300,1000,680,1100,0
130000,2,2,1,24,0,0,0,0,0,0,66072,68223,70638,72955,74877,76334,3000,3001,3000,2500,2200,2200,0
80000,1,1,2,26,0,0,0,0,0,0,56808,55901,57030,56576,53819,48604,3000,3010,4000,5000,3000,2200,0
200000,2,3,1,29,-1,-1,-2,-2,-2,-1,161,0,0,0,0,1063,0,0,0,0,1063,1089,0
40000,2,3,1,44,0,0,0,0,0,0,13033,14041,15065,16077,16396,16739,1232,1256,1268,587,607,611,0
160000,1,3,1,33,0,0,0,0,-2,-2,25058,20624,16280,0,0,0,1344,1000,0,0,0,0,0
60000,2,2,1,29,-1,-1,-1,-1,-1,-1,1033,2076,26,3742,3352,3570,2081,26,4822,3352,3570,1799,0
220000,2,1,2,29,-2,-2,-2,-1,0,0,2848,7146,4690,16331,77894,2576,7181,4714,16493,97910,0,4862,0
230000,1,2,2,41,2,0,0,0,0,0,225043,229701,229250,229572,213420,218809,10000,11000,9000,9000,9000,9000,1
30000,2,2,2,25,0,0,2,2,2,2,23657,26568,27456,27915,27185,28806,3300,1600,1200,0,2200,0,1
50000,2,3,3,51,0,0,0,0,0,0,44788,45471,46394,47865,47455,48426,2352,2275,2398,1336,1366,1444,1
80000,2,3,1,48,0,-1,0,0,0,0,3188,6239,7304,5050,5357,5466,6239,1185,1000,307,109,112,0
110000,2,1,2,29,1,2,0,0,0,0,113093,106321,107630,106354,79154,69988,3,4334,4250,2946,2506,2458,0
230000,2,2,1,28,2,2,2,2,2,2,35610,38701,35043,35678,36730,35994,3706,0,1513,1730,2000,9000,1
30000,1,2,1,44,1,2,2,0,0,0,12351,13068,12568,13880,13849,14816,1216,0,1528,497,1192,0,0
60000,2,2,1,31,0,0,0,0,0,0,49581,35465,29732,29411,28859,28309,1500,1600,1394,1000,1000,1500,0
80000,2,3,2,33,-1,-1,-1,-1,0,0,6607,6205,-1573,12481,4104,2052,6205,675,14956,0,0,3274,0
30000,1,2,2,29,0,0,0,2,2,2,19363,20723,22492,22819,24441,23910,2000,2100,1000,2000,0,1000,1
140000,2,1,2,29,0,0,2,0,0,0,135436,144922,141289,137377,93261,95368,13102,17,5547,3242,3512,3333,0
80000,2,2,1,23,0,0,0,0,0,-2,54600,56379,55875,7552,0,0,3300,2640,1056,0,0,0,0
50000,2,3,3,51,0,0,0,0,0,0,44788,45471,46394,47865,47455,48426,2352,2275,2398,1336,1366,1444,1
20000,2,2,2,29,0,0,0,0,0,0,12742,8438,9792,10990,13990,10000,1500,1500,1500,3000,2000,0,0
210000,2,2,2,27,0,0,0,0,0,0,26311,24805,25810,27071,27817,28401,2000,1800,2000,1500,1031,1191,0
30000,1,1,2,24,0,0,0,2,0,0,6003,4912,6214,3311,4430,906,1440,2259,0,1500,425,895,0
100000,2,1,2,27,-1,-1,-2,-2,-1,-1,4829,0,0,0,5330,0,0,0,0,5330,1274,2100,0
410000,1,1,1,38,-1,-1,-1,-1,-2,-2,499,0,35509,0,0,0,0,35509,0,0,0,0,0
100000,2,1,2,42,0,0,2,0,0,0,93256,99710,97051,98342,56639,57388,8300,0,4100,3000,2500,2233,0
50000,2,1,1,27,1,2,0,0,2,0,19029,18431,22782,32304,31519,23724,0,5000,10000,0,6724,13385,0
80000,1,3,1,41,1,-1,0,0,0,-1,-1645,78379,76304,52774,11855,48944,85900,3409,1178,1926,52964,1804,1
30000,1,3,2,53,0,0,0,0,0,0,29683,26328,27422,28307,28902,29506,1426,1520,1405,1000,1006,1451,0
20000,1,2,1,40,1,2,3,2,3,3,14829,17267,16706,18694,19049,18459,3000,0,2560,955,0,661,0
650000,1,1,1,44,-2,-2,-2,-2,-2,-2,2119,5094,5158,7139,1034,2127,5115,5180,7201,1035,2139,3463,0
30000,2,2,1,31,0,0,0,0,0,0,24358,23798,23071,23496,26562,27346,3000,4000,3000,5000,5000,3000,0
200000,1,3,2,30,-2,-2,-2,-2,-2,-2,0,680,1100,1500,1402,0,680,1100,1500,1402,0,0,0
150000,1,3,1,43,-1,2,-1,-1,-1,-1,1280,390,390,780,1746,0,0,390,780,1746,0,0,0
70000,1,2,1,45,0,0,0,0,0,0,67062,68622,28236,30750,35205,37466,3000,1500,3000,5000,3000,5000,0
280000,1,2,1,44,0,0,0,0,0,0,159967,164197,122611,119023,113754,115029,7822,4529,4238,4305,4208,4003,0
100000,1,2,2,40,-2,-2,-2,-2,-2,-2,8853,-1000,389,10049,1049,1049,0,10389,10051,1051,1051,1051,0
180000,2,2,1,34,0,-1,-1,-1,-1,-2,13954,5589,4312,2490,0,0,5589,4312,2490,0,0,150,0
80000,2,1,1,48,-1,-1,-1,-2,-2,-1,1198,1150,0,0,0,7685,1150,0,0,0,7685,0,1
180000,2,2,1,41,-1,-1,-1,-1,-1,-1,4351,11953,9380,3070,8263,12663,12069,9443,3262,8302,12668,5502,0
140000,1,2,1,44,1,-1,-1,-1,0,-1,0,1384,-12,1900,664,1085,1384,0,1912,0,1085,0,0
30000,2,2,1,51,0,0,-1,-1,-1,-1,11860,6846,7090,2680,390,0,1000,7090,2680,390,0,780,0
30000,2,1,2,24,-1,-1,0,0,0,-1,25616,27526,11458,7500,7000,5192,31348,1328,1000,7000,5192,0,0
360000,2,2,1,40,-1,-1,-1,-1,-1,-1,29540,27930,692,41301,10889,2017,27930,692,41303,10893,2017,13894,0
20000,1,2,2,24,0,0,0,0,0,0,17172,18179,19061,20182,19982,19482,1597,1479,1600,400,0,298,0
180000,2,2,1,27,0,0,0,0,0,0,117703,116372,115445,112938,109306,104106,4171,4200,4000,3789,3959,3300,0
200000,2,3,1,42,-1,-1,-1,-1,-1,-1,858,1406,3673,0,150,609,1406,3673,0,150,609,939,0
20000,2,1,2,25,0,0,0,0,0,0,17977,17776,18886,19551,18964,19676,2000,1700,1300,662,1000,747,0
80000,2,2,3,29,-1,-1,2,-1,-1,-1,6441,14342,6187,7757,8451,6625,14349,5,7761,8460,6630,6218,0
170000,1,2,1,33,-1,2,2,-1,-1,-2,917,917,0,2038,0,0,0,0,2038,0,0,0,0
50000,1,1,2,27,0,0,0,2,2,2,17468,48675,36287,30691,29901,49293,32400,4000,1200,0,20000,2000,0
240000,2,2,2,38,1,-2,-2,-2,-2,-2,0,0,0,0,0,0,0,0,0,0,0,0,1
80000,2,3,1,44,-1,-1,-1,-1,-1,-1,817,1131,817,1907,1962,1865,1131,1000,1907,2000,2000,700,0
250000,2,2,2,36,0,0,0,0,0,0,71012,60816,59328,57692,52811,49067,2200,3003,2800,1834,1850,3000,0
30000,2,2,1,26,0,0,0,0,2,0,20105,21419,22278,24423,19985,15021,1650,1506,2651,0,2044,550,0
280000,2,1,2,46,-1,-1,-1,-1,-1,-1,2475,1236,2726,10898,1050,812,1236,2726,10916,1056,812,9109,0
280000,2,2,1,44,0,0,-1,-1,-2,-2,390,0,780,0,0,0,0,780,0,0,0,0,1
100000,1,3,2,48,0,0,0,0,0,0,58430,36846,35538,34958,34039,33650,2000,2000,2000,2000,2000,20000,0
300000,1,1,1,37,-2,-2,-2,-1,-1,-2,19954,22492,20477,27206,37191,7543,23348,20477,27206,177202,7543,13719,0
80000,2,1,2,28,0,0,0,0,0,0,39663,40664,42742,43730,44721,45764,1664,2742,2000,1720,1764,1762,0
20000,1,2,2,37,1,2,0,0,0,0,14440,13916,15376,18075,18830,20423,0,2000,3000,1000,2000,0,1
280000,2,1,2,37,-1,2,-1,-1,-1,-1,2560,2343,4689,2289,1700,803,0,4689,2300,1725,803,129,1
90000,2,1,2,28,0,0,0,2,2,2,38355,39413,41181,41701,44000,45651,1700,2404,1500,3000,2500,600,0
50000,2,1,2,25,0,0,0,0,0,0,44984,47217,47748,46987,47462,48104,3000,3000,2000,2000,1859,3000,0
180000,2,2,1,34,0,-1,-1,-1,-1,-2,13954,5589,4312,2490,0,0,5589,4312,2490,0,0,150,0
10000,1,2,1,49,1,-1,-1,-1,-1,-2,-20,780,0,780,0,0,800,0,780,0,0,0,1
180000,2,2,1,27,0,0,0,0,0,0,117703,116372,115445,112938,109306,104106,4171,4200,4000,3789,3959,3300,0
90000,2,1,2,32,-1,-1,-2,-1,-1,-1,7563,-12,-12,3230,387,1642,0,0,3242,387,1642,0,0
320000,2,1,1,34,-2,-2,-1,0,0,0,5159,967,14331,16591,9433,398,967,14331,9433,0,0,3090,0
390000,1,2,1,34,-2,-2,-2,-2,-2,-2,-702,-808,-1141,-1247,-1353,-1459,0,0,0,0,0,0,0
210000,2,2,1,34,0,0,0,0,0,0,205475,206616,212391,208931,146005,145343,9500,9207,8500,5200,5200,5000,0
10000,2,1,2,22,0,0,0,0,0,0,7302,7857,8827,5622,5877,7036,1330,1300,1250,500,1255,315,0
50000,1,2,2,23,1,2,0,0,-1,0,52319,51185,51334,49312,8027,8603,0,3200,3110,32356,700,1700,0
140000,2,2,1,34,1,-2,-2,-2,-2,-2,0,0,0,0,0,0,0,0,0,0,0,0,0
290000,1,2,1,46,0,0,-1,0,0,-1,31824,20578,13505,13386,12536,5850,1529,13505,6000,5000,6000,0,0
30000,1,2,2,29,0,0,0,2,2,2,19363,20723,22492,22819,24441,23910,2000,2100,1000,2000,0,1000,1
160000,1,2,1,39,0,0,0,0,0,2,14658,15666,16694,17697,19023,18584,1258,1286,1289,1615,0,1000,1
220000,1,1,2,38,0,0,0,0,0,0,159322,164176,167028,170480,173818,177556,7500,7000,6500,6000,6000,10000,0
80000,2,1,3,25,0,-1,-1,-1,-1,-1,8900,1136,720,478,219,0,1136,727,478,219,0,0,0
150000,2,1,2,28,0,0,0,0,0,0,12799,13726,14648,12115,12613,15225,1600,1500,1600,1000,3000,2200,0
500000,1,2,1,39,-2,-2,-2,-2,-2,-2,1777,23800,297,9342,3518,5597,23800,297,9342,3518,5597,717,0
300000,2,2,2,39,-2,-2,-2,-2,-2,-2,1028,0,0,0,0,0,0,0,0,0,0,0,1
300000,2,2,2,30,0,0,0,-2,-2,-1,133115,41300,0,0,0,2538,2300,0,0,0,2538,47473,1
50000,1,2,2,27,0,0,0,0,0,-1,50580,48956,49252,28838,2102,19366,3000,4063,1700,600,20000,1000,0
290000,2,1,1,33,-2,-2,-2,-2,-2,-2,0,0,0,0,0,0,0,0,0,0,0,0,1
360000,1,1,2,31,1,-1,-1,-1,0,0,0,4260,3278,580,580,0,4260,3278,580,0,0,0,0
230000,2,1,2,37,1,-2,-2,-2,-1,2,-152,-152,-152,-152,42668,130,0,0,0,42820,0,1000,0
180000,2,3,1,36,0,0,0,-1,0,0,8911,5838,-2,120442,90430,92325,1034,2,120444,3236,3352,3897,0
160000,1,1,1,41,1,-2,-2,-2,-2,-2,0,0,0,0,0,0,0,0,0,0,0,0,1
180000,2,1,1,36,0,0,0,0,0,0,4911,6688,8432,9977,10030,10836,2000,2000,2000,500,1100,0,0
100000,2,1,2,24,0,0,0,-1,-1,-1,27753,28306,14320,180,2500,12411,1632,1000,180,2500,10000,0,0
180000,2,2,2,28,-1,-1,-1,-1,-1,-1,3840,18588,1557,2540,3058,16030,18588,1562,2540,3058,16030,330,0
110000,1,2,2,26,0,0,0,0,0,0,61167,60549,55400,10711,10868,11079,2721,2422,1132,289,341,327,0
10000,2,2,1,29,0,0,0,0,0,0,6176,6512,7447,8777,8956,9731,1265,1200,1500,400,1000,273,0
130000,2,2,1,29,0,0,0,0,0,0,67260,69269,72276,74347,77259,78403,4000,5000,4347,5000,3038,2135,0
420000,2,2,2,29,0,0,0,0,0,0,267050,272606,278407,284777,301438,308571,10000,10200,11000,21500,12000,15000,0
50000,2,2,1,28,0,0,0,0,0,0,45797,47226,48065,49158,50646,12927,2500,1900,1898,2386,629,792,1
400000,2,1,1,40,-1,-1,-1,-2,-2,-2,3716,4318,273,743,516,200,4318,273,743,516,200,422,0
60000,2,3,1,23,2,0,0,0,0,0,60406,57491,59137,59345,29399,29339,2055,2570,1620,1020,1050,1080,0
160000,2,1,1,38,0,0,0,0,0,0,132932,134384,131724,131767,133195,126064,8005,15000,10000,7000,5000,8000,0
60000,1,2,2,24,0,0,0,0,0,0,58197,47537,46576,41376,36959,35508,3000,3010,3004,3000,3000,3000,0
440000,2,1,2,33,0,0,0,0,0,0,164269,160608,150150,139178,123627,48175,5666,5802,3577,2955,12000,1025,0
500000,1,2,1,41,0,0,0,0,0,0,478623,466444,239921,184874,47774,34617,14000,12800,4300,3063,3600,3100,0
360000,2,2,2,34,0,0,0,0,0,0,282674,277569,246380,236139,241056,246297,12200,10500,8500,8750,9200,9800,0
310000,2,1,1,39,-1,-1,-1,-1,0,0,3803,678,3050,9080,4990,4940,681,3072,9100,23,4964,1676,0
50000,1,1,2,29,-1,-1,-1,-1,-1,-1,759,360,360,360,360,360,360,360,360,360,360,360,0
500000,1,1,1,44,-1,-1,-1,-1,0,-1,100862,367,15272,12925,75667,67609,367,16652,76146,67697,67609,71946,0
130000,1,2,2,38,0,0,0,0,2,0,16657,17874,18776,20858,20225,21396,1500,1500,2400,0,1500,1500,0
360000,2,1,2,29,0,0,0,0,0,0,270528,267435,193910,167029,134294,154290,10256,12000,15273,15000,25000,12000,0
240000,2,2,2,59,0,0,0,0,0,0,230026,239796,231230,196471,190004,161867,20000,12000,7000,8000,6000,6205,0
180000,2,1,2,27,0,0,0,0,0,0,101489,78738,78639,44295,44113,37805,10006,8000,1610,10000,1333,8818,0
110000,1,1,2,29,0,0,0,0,0,0,106698,104546,100272,92615,92657,93364,6000,4800,4300,3600,3500,3600,0
90000,2,3,1,35,0,0,0,0,0,0,35872,35687,35538,34780,34468,30520,1578,1583,1773,1294,1248,1276,0
50000,2,2,1,29,0,0,0,0,0,0,48529,42955,50543,49032,19830,18299,3000,9000,2000,2000,700,4000,0
100000,2,1,1,30,0,0,0,0,0,-1,43717,29954,24551,16333,9776,58408,3000,2500,2000,1000,58408,5800,0
570000,2,1,2,28,0,0,0,0,0,0,33675,29865,33337,32646,30465,31126,3000,5000,3016,3000,4000,4000,0
100000,1,2,1,39,0,0,-2,-2,-2,-2,91300,0,0,0,0,0,0,0,0,0,0,0,0
50000,1,1,1,49,1,2,0,0,0,0,27231,26500,27533,28569,28901,31095,0,1764,3400,1100,2660,0,1
30000,1,2,1,33,0,0,0,0,0,0,59867,28357,29312,26404,25806,26325,1500,1433,1500,920,929,0,1
490000,1,2,1,57,0,0,0,0,0,0,59056,60236,62268,63264,62928,66334,2153,3000,2112,2124,6004,3024,0
60000,2,2,2,25,0,0,0,0,0,0,75932,60693,50324,58688,30099,16810,3121,3000,12000,30000,12000,28618,1
20000,1,2,1,33,1,2,0,0,2,2,4481,4261,5272,6685,6429,7225,0,1087,1500,0,900,0,0
80000,2,2,1,43,0,0,0,0,0,0,71100,72066,71751,72034,73261,74479,10000,9000,9000,9000,9000,9500,0
290000,2,2,1,60,1,-2,-2,-2,-2,-2,0,0,0,0,0,0,0,0,0,0,0,0,0
210000,1,3,2,32,0,0,0,0,0,0,204157,211065,206043,181945,52712,3574,10059,10120,8256,5000,4036,153904,0
530000,2,2,1,44,0,0,0,0,0,0,562326,532374,537543,541019,468571,478034,20010,25022,21003,18003,20000,20004,1
60000,2,2,2,57,0,0,2,0,0,0,44041,46810,45781,48814,49802,51034,3810,0,3814,1802,2034,4459,1
530000,2,2,1,44,0,0,0,0,0,0,562326,532374,537543,541019,468571,478034,20010,25022,21003,18003,20000,20004,1
60000,1,2,1,44,0,0,0,0,0,0,58216,60193,57815,50054,27535,22962,3000,2488,2000,1000,2000,3000,0
30000,2,2,2,22,1,2,0,0,0,0,16549,17085,17003,7150,6508,8459,1500,1396,2000,178,2000,2000,0
390000,2,2,2,39,0,0,0,0,0,0,53386,52746,55535,57154,58774,62372,2000,5000,3000,3000,5000,3000,0
70000,1,2,2,40,2,2,2,0,0,0,69164,70938,69248,69366,48998,27863,3500,0,2109,1500,3769,0,1
50000,1,2,3,41,0,0,0,0,0,0,51449,52260,40893,81308,41463,40045,1700,1679,1640,1449,1454,1466,1
120000,1,3,1,47,0,0,0,0,0,0,71777,73282,75499,77739,78666,80399,2700,3400,3500,2815,3000,3000,1
160000,2,2,1,42,1,-2,-1,-1,-1,-1,0,0,369,0,522,0,0,369,0,522,0,978,0
380000,2,1,1,43,-1,-1,-1,-1,-1,-1,18866,20840,188,2172,5173,5446,20884,188,2172,5173,5446,2045,0
500000,2,2,1,34,-2,-2,-2,-2,-2,-2,17172,34674,6229,11534,12482,18192,35454,6229,11534,12564,18192,32550,0
100000,2,1,2,26,1,-1,-1,-1,-1,-1,0,632,0,316,632,0,632,0,316,632,0,316,0
70000,1,2,1,31,0,0,0,0,0,0,61177,62076,63806,126005,66451,20200,5300,3500,2154,7800,555,1000,1
160000,2,2,2,28,-1,-1,-1,-1,-1,-1,5171,3634,4436,1978,3781,1732,3634,4436,1978,3781,1732,715,0
30000,1,1,1,35,1,2,2,2,-1,0,18829,19223,20599,15642,23789,20562,1000,2014,6,25700,800,1989,1
150000,1,3,1,47,0,0,0,-1,-1,-2,250475,123543,52598,3218,0,0,5772,2424,3218,0,0,0,0
280000,2,1,2,29,-1,-1,-1,-1,-1,0,33210,526,9252,21254,1608,407,726,9298,21360,1614,2,4069,0
150000,2,2,1,38,0,0,0,0,0,0,149957,152224,152208,116763,72325,73273,6000,5440,4000,3000,3000,3000,0
80000,2,2,2,22,0,0,0,0,0,0,76405,77043,79524,75773,29126,8671,2780,3745,1628,596,173,2114,0
300000,1,1,1,40,-2,-2,-2,-2,-2,-2,5649,5649,5649,5699,5466,19878,5649,5649,5699,5616,20272,0,0
300000,1,1,1,37,-2,-2,-2,-1,-1,-2,19954,22492,20477,27206,37191,7543,23348,20477,27206,177202,7543,13719,0
10000,1,2,1,44,-1,-1,-1,-1,-1,-2,390,390,0,780,0,0,390,0,780,0,0,0,0
280000,2,1,1,37,-1,-1,-1,-1,0,0,733,168,786,1028,889,698,168,786,1028,698,0,0,0
240000,2,1,2,29,0,0,0,0,0,0,186969,167474,168081,166589,165981,165951,5510,6000,8808,6006,6000,6000,0
200000,2,1,2,25,0,0,0,-1,0,0,11740,7221,1341,25068,52486,45047,2012,1025,32994,37042,2004,2502,0
90000,2,2,1,36,1,-1,-1,-1,-1,-1,0,950,628,284,1055,2607,950,628,284,1055,2607,0,0
300000,2,1,2,28,0,0,0,0,-1,-1,10291,19617,19326,10662,10162,10250,19326,10000,1940,10200,10500,10000,0
200000,2,2,2,33,0,0,0,0,0,0,64932,66223,68261,69133,70689,72201,2365,3100,2600,2700,2800,2700,0
480000,1,1,1,66,-1,-1,-1,-1,-1,-1,3820,4665,5367,21222,9083,84804,4665,5473,21284,9088,84804,6285,0
180000,2,3,1,31,0,0,0,0,0,0,68450,69818,71298,72729,73627,75086,3100,3200,3210,2700,2800,3000,0
50000,1,2,2,25,0,0,0,2,2,0,18894,21258,23590,24896,24200,26630,3000,3000,2000,0,3000,1500,0
200000,2,2,2,27,-1,-1,-1,0,-1,-1,13285,2150,14122,27413,35377,29922,2155,14122,23007,7212,29922,37790,0
40000,1,1,2,26,0,0,0,0,0,0,21651,19279,19076,15838,17616,11081,5009,5000,1560,7000,497,2000,0
130000,1,2,1,39,0,0,0,0,-2,-2,19698,10058,10833,0,0,0,1500,1000,0,0,0,0,0
150000,2,1,3,30,1,-1,2,-1,-1,-1,6043,50,6527,2168,-7,1373,0,8589,2500,0,1380,0,0
20000,2,2,1,42,0,0,0,0,0,3,6336,7350,8370,9380,10078,10072,1125,1145,1154,852,150,0,1
80000,2,2,1,51,0,0,0,0,0,0,42731,23086,23661,24678,25766,26351,1365,1500,1412,1500,1000,1100,1
310000,1,1,2,32,0,0,0,0,0,0,217464,217951,222465,142935,147857,150442,8500,9100,5200,7300,7000,3939,0
150000,2,1,3,30,1,-1,2,-1,-1,-1,6043,50,6527,2168,-7,1373,0,8589,2500,0,1380,0,0
110000,1,2,2,26,0,0,0,0,0,0,61167,60549,55400,10711,10868,11079,2721,2422,1132,289,341,327,0
100000,2,3,1,36,2,0,0,2,0,0,99298,101972,115335,112016,112906,120101,5220,16608,0,4233,9200,21000,1
60000,2,1,1,28,0,0,0,0,0,2,46233,47263,48696,50385,52045,52661,2100,2500,2500,2500,1600,1500,0
180000,2,4,1,28,2,0,0,0,0,0,117328,115140,73730,64600,2500,0,4117,3504,3000,0,0,0,0
360000,1,1,1,36,-2,-2,-2,-2,-2,-2,1814,6545,0,0,0,0,6545,0,0,0,0,259,0
150000,2,3,2,39,0,0,0,0,0,-1,60115,48412,37033,25032,12500,12500,1662,1783,1282,250,12500,12500,0
320000,1,1,1,40,-2,-2,-2,-2,-2,-2,968,6444,23384,4310,5980,13522,6476,23507,4336,6010,13589,3574,0
200000,1,1,2,29,-1,-1,-1,-1,-1,-1,3773,3990,9048,4700,800,4082,4029,9048,4700,800,4082,0,0
150000,2,1,2,32,0,0,0,0,0,0,18519,19926,18600,13551,20759,21200,3000,4003,2551,15579,11200,3575,0
360000,2,3,3,58,0,0,0,-2,-2,-2,35673,35817,-1,-1,-1,-1,1179,0,0,0,0,139,0
360000,2,3,1,30,1,-1,-1,-1,-1,0,-16,1621,458,0,282,282,1637,458,0,282,0,0,0
360000,1,2,1,39,0,0,0,0,0,-1,29814,22699,16866,13618,5000,8000,1333,2500,5000,2000,8000,5000,0
360000,1,2,1,31,0,0,0,0,0,0,359491,354962,276310,196654,186281,177587,14108,11100,6992,7000,6372,5845,1
30000,2,2,2,35,2,2,0,0,0,0,25368,24662,26001,27012,27241,27812,0,1739,1750,975,1010,3226,1
50000,2,2,1,27,0,0,0,0,0,0,47254,43583,35245,27520,25928,26470,1720,3100,1723,1100,1111,1200,1
50000,1,2,2,25,0,0,0,2,2,0,18894,21258,23590,24896,24200,26630,3000,3000,2000,0,3000,1500,0
100000,2,3,1,43,2,2,0,0,0,0,100792,91738,88883,90710,92471,79318,0,4107,4204,4200,3071,3106,0
360000,2,2,1,34,-1,0,0,-1,-1,-2,4874,9561,5866,1297,0,0,5000,1166,1297,0,0,0,0
50000,2,2,1,41,1,2,2,2,0,0,23165,21974,20544,17210,15754,10860,2000,2101,0,2201,1000,0,1
230000,2,2,1,40,0,0,0,0,0,0,44948,45198,46244,47595,38367,35098,1728,3000,3040,3012,3000,3000,0
30000,1,3,1,42,0,0,-1,-1,-1,-1,1946,1473,390,390,390,0,1000,390,390,390,0,780,0
100000,1,3,2,48,0,0,0,0,0,0,58430,36846,35538,34958,34039,33650,2000,2000,2000,2000,2000,20000,0
110000,2,1,2,27,0,0,0,0,0,0,52426,45107,44310,34820,36005,25976,1772,1900,1815,2000,1500,2000,0
150000,2,3,1,42,-1,-1,-1,-1,-1,0,11070,5947,6152,7306,18726,13839,6151,6427,7306,18738,0,7154,0
110000,2,2,1,45,0,0,0,0,0,0,36267,37234,37341,38208,39121,39785,1587,1694,1561,1474,1370,1514,0
90000,1,2,1,45,-1,3,2,2,-1,-1,3664,3449,1776,-1170,390,390,0,0,0,1560,390,930,1
230000,1,1,2,34,-1,-1,0,0,0,0,23396,25723,49223,66006,47412,29290,25748,30029,27417,1016,640,260,0
90000,2,2,1,33,0,0,0,0,0,0,77379,67092,61071,44821,24653,25254,2500,3908,2100,884,1000,1000,0
150000,2,2,2,44,2,2,0,0,0,0,168179,159008,157164,155109,153033,156636,0,5684,5538,5410,11000,0,1
80000,2,3,1,48,0,-1,0,0,0,0,3188,6239,7304,5050,5357,5466,6239,1185,1000,307,109,112,0
10000,1,1,2,27,0,0,0,0,0,0,8907,6599,7736,8492,8138,4990,1500,1400,1000,1009,1000,1598,0
170000,1,2,1,33,-1,2,2,-1,-1,-2,917,917,0,2038,0,0,0,0,2038,0,0,0,0
20000,1,3,1,43,0,0,0,2,0,-1,18100,17926,19485,19503,19566,1320,2000,3000,1200,1000,1400,0,0
230000,1,2,1,33,1,-1,-1,-1,-1,-1,0,1427,0,198,0,525,1427,0,198,0,525,0,0
20000,1,2,2,33,0,0,0,0,0,0,18330,17797,18731,19610,18980,38766,1291,1324,1302,672,701,788,0
80000,2,1,1,48,-1,-1,-1,-2,-2,-1,1198,1150,0,0,0,7685,1150,0,0,0,7685,0,1
250000,2,2,2,36,0,0,0,0,0,0,71012,60816,59328,57692,52811,49067,2200,3003,2800,1834,1850,3000,0
140000,2,3,1,33,-1,-1,-1,-1,-1,-1,1247,1654,840,2153,827,-8808,1654,840,2153,827,827,9635,0
100000,1,3,1,35,0,0,0,0,0,0,94467,96521,98728,74239,75704,55704,3627,3938,2515,2516,4022,2032,0
200000,2,1,2,40,-1,-1,-1,-1,-1,-1,1489,9973,2457,0,948,0,9973,2457,0,948,0,1302,0
50000,2,1,2,23,1,-1,2,0,0,0,-69,7721,3079,7095,7237,6446,7790,0,4095,245,234,266,1
100000,1,1,2,32,0,0,0,0,0,0,26650,26127,26608,24689,25699,26809,2000,2000,2000,1700,1500,1500,0
100000,2,3,1,46,0,0,2,2,0,0,80402,86137,84998,85627,78245,79929,8000,1100,3000,3000,3100,3100,0
80000,2,3,2,52,0,0,0,0,0,-1,42635,39508,36060,30470,18306,7432,1623,1740,1200,366,7432,0,0
200000,2,2,1,37,0,0,0,0,0,0,114480,117791,123108,124327,127011,134519,5000,7000,4500,4500,9500,5000,0
110000,2,2,1,46,0,-1,-1,-1,-1,-1,2359,2410,2151,2161,1719,107591,2410,2151,2161,1719,107591,5000,1
280000,1,2,1,30,-1,3,2,-1,-1,-1,652,652,326,476,2482,-101,0,0,476,2482,101,326,0
170000,2,2,1,31,-2,-2,-2,-2,-2,-2,6015,7810,2760,3474,7680,7860,7820,26058,3474,7680,7860,9333,1
200000,2,2,2,27,0,0,0,0,0,0,125854,127843,131352,130884,132142,118084,4775,6579,4734,4368,4183,4227,0
340000,1,2,1,35,0,0,0,0,0,0,38214,39229,40747,41930,43397,44710,1500,2000,2000,2000,2000,2000,0
220000,1,2,1,30,0,0,0,0,0,2,15746,17537,14856,35705,25649,5018,16780,14469,35278,4647,19,8438,0
150000,1,2,1,52,2,2,2,2,2,0,131953,136386,140830,146050,142241,145559,8100,8100,9000,0,5578,5304,1
210000,2,1,2,31,-1,-1,-1,-1,-1,-1,1983,422,815,191,-174,472,422,815,191,0,646,1125,0
300000,1,2,2,47,0,0,0,0,0,0,109274,110453,115453,118522,118586,118179,3000,5000,5013,4514,4220,4008,0
210000,2,2,2,54,0,0,0,0,0,0,197324,201977,205800,205590,98572,90521,8000,11000,6000,4098,3500,3000,0
180000,1,1,2,39,-2,-2,-2,-2,-2,-2,0,444,182,0,0,0,444,182,0,0,0,540,0
440000,1,1,2,33,-2,-2,-2,-2,-2,-2,2380,1750,4697,7502,2249,4532,1750,4697,7502,2249,4532,101750,0
50000,1,1,2,22,0,0,0,0,0,0,28725,28424,30965,28612,25498,24866,2000,5000,1500,1000,2000,5000,1
10000,2,2,2,22,1,-2,-2,-2,-2,-2,0,0,0,-400,0,0,0,0,0,400,0,0,0
500000,2,2,1,40,0,0,0,0,0,0,215508,214460,220047,217920,159393,149626,10004,10025,10294,6046,5076,5000,0
50000,2,3,1,44,0,0,-1,0,0,0,48592,38491,900,1900,2900,3000,1063,900,1000,1000,100,0,1
120000,2,2,2,28,1,-2,-2,-2,-2,-2,0,0,0,0,0,0,0,0,0,0,0,0,0
280000,1,1,2,36,-2,-2,-2,-2,-2,-2,198,1979,500,55176,5950,289,1979,500,55176,5950,289,6757,0
80000,1,2,1,45,2,2,2,2,2,0,35169,39069,38166,40642,39689,41043,4500,0,3427,0,2000,3000,1
250000,2,2,2,31,0,0,0,0,0,0,171006,167192,46332,40974,26683,26887,5004,3330,2000,2000,2000,3000,0
50000,1,1,2,27,1,-1,2,-1,-1,-1,-45,559,163,267,-129,325,1000,0,500,0,1000,500,1
140000,1,2,2,44,0,0,0,0,0,0,129301,129885,131886,133105,78607,78773,6104,7000,5518,2933,3100,3502,0
280000,1,1,2,30,-2,-2,-2,-2,-2,-2,3310,-6,4759,996,0,1199,0,4765,996,0,1199,909,0
260000,2,2,1,33,0,0,0,0,0,0,151123,134736,135593,120909,102524,40157,4002,6067,10000,3000,40157,1466,1
50000,1,2,2,25,0,0,0,0,0,2,29425,30932,32128,33588,38106,37364,2000,2000,2000,5100,0,4000,0
240000,2,1,2,29,0,0,0,0,0,0,186969,167474,168081,166589,165981,165951,5510,6000,8808,6006,6000,6000,0
220000,2,1,1,41,8,7,6,5,4,3,246915,243234,238172,232446,227800,225044,0,0,0,0,0,0,1
130000,1,2,2,27,0,0,0,0,0,0,84579,86256,88093,89837,91625,92822,3084,3224,3236,3257,3509,3428,0
50000,2,3,1,56,0,0,0,0,0,-1,45652,44037,40517,29734,16198,16669,1734,5000,1000,10160,16669,692,0
50000,2,2,1,45,0,0,0,0,0,0,48153,49073,12630,9215,9215,8011,2000,2022,2000,0,1000,1904,0
210000,2,2,1,32,-2,-2,-2,-2,-2,-2,0,0,0,0,0,0,0,0,0,0,0,0,0
240000,2,2,1,28,-1,0,0,0,-1,-1,5740,5639,3428,4634,4590,9675,1215,2000,2000,4590,9675,15000,0
90000,2,2,1,34,0,0,0,0,0,0,18358,14764,8374,29525,28333,27879,1300,1300,22000,1000,1012,1400,0
200000,1,2,1,44,0,0,0,0,0,0,71656,63331,54977,45849,32706,23542,1714,1602,1144,786,471,2300,0
50000,1,2,1,43,0,0,0,0,0,0,27681,28287,28924,29521,29876,30201,1458,1485,1472,1217,1347,558,0
60000,2,1,2,25,0,0,0,0,0,0,59228,59961,59824,47655,27298,28303,2300,3572,2169,6000,4000,4000,0
650000,1,1,1,44,-2,-2,-2,-2,-2,-2,2119,5094,5158,7139,1034,2127,5115,5180,7201,1035,2139,3463,0
100000,1,2,1,38,0,0,0,0,-1,0,100600,94367,96504,22850,91081,92986,4090,4385,1850,103300,3370,3670,0
300000,2,2,2,34,0,0,0,0,0,0,297890,216495,221737,224774,182544,92014,7800,8705,8500,6820,2700,3200,0
100000,1,1,2,32,0,0,0,0,2,0,99573,159480,56267,11788,11400,11419,2787,1353,1739,0,1000,1147,0
70000,2,1,2,27,0,0,0,0,0,0,42825,47047,62703,28945,16345,21163,5000,20000,10000,6000,5000,8000,0
390000,1,2,1,34,-2,-2,-2,-2,-2,-2,-702,-808,-1141,-1247,-1353,-1459,0,0,0,0,0,0,0
340000,1,1,2,29,-1,0,0,0,0,0,44855,331641,331334,286660,263505,268256,300039,13214,12005,13005,10011,12005,0
390000,2,1,2,29,0,0,0,0,0,0,89953,107947,60313,55769,65835,72177,25000,35127,20000,12000,7500,15000,0
210000,2,2,1,33,0,0,0,2,2,2,159715,163060,168218,169726,173687,176510,6000,8000,6000,7000,6000,20000,0
210000,1,2,1,44,1,-2,-2,-2,-2,-2,0,0,0,0,0,0,0,0,0,0,0,0,0
350000,2,1,1,33,-2,-2,-2,-2,-2,-2,6016,4322,5568,9571,6370,9674,4348,5596,9632,6402,9722,24086,0
130000,1,2,1,37,0,0,0,2,2,2,25991,28053,30891,30096,32169,31520,2500,3300,0,2578,0,3225,1
50000,1,2,3,37,0,0,0,0,0,-1,50239,49642,48381,44113,8522,17948,1799,2060,1014,170,17948,188,0
200000,2,1,2,33,-2,-2,-2,-2,-2,-2,9099,3771,664,0,641,5506,3775,664,0,641,5506,1847,0
160000,2,1,1,36,-1,-1,0,-1,-1,-1,1714,2845,3342,171,1770,837,2845,1000,171,1770,837,299,0
240000,2,1,1,44,-2,-2,-2,-2,-2,-2,2771,4756,3496,4708,1522,2407,4756,3496,4708,1522,2407,1576,0
230000,1,2,2,41,2,0,0,0,0,0,225043,229701,229250,229572,213420,218809,10000,11000,9000,9000,9000,9000,1
320000,2,2,2,36,-1,-1,-1,-1,-1,-1,396,396,396,596,13386,396,396,396,596,13386,396,396,0
310000,2,2,1,44,-1,0,0,0,0,0,67423,67729,113788,106919,100656,93846,10000,56000,5000,4000,3300,5000,0
260000,1,2,1,31,-1,2,-1,-1,-1,-1,7559,4860,1350,4645,4625,12209,0,1350,4645,4625,12209,4365,0
270000,2,3,1,58,-2,-2,-2,-2,-2,-2,936,1188,2078,795,828,1251,1188,2078,795,828,1251,2267,0
200000,2,1,2,40,-1,-1,-1,-1,-1,-1,1489,9973,2457,0,948,0,9973,2457,0,948,0,1302,0
220000,2,2,1,33,0,0,0,0,0,0,204144,175748,172758,175030,174122,175472,6500,6300,7700,6300,6300,6150,0
160000,1,2,1,32,1,2,0,0,0,0,5525,4039,3656,3801,2540,2279,0,1094,1500,0,1000,0,1
240000,2,1,2,29,0,-1,0,0,0,0,10747,30380,15579,20496,15296,24332,30439,10023,10000,5000,15000,15000,0
70000,1,1,2,29,1,-1,-1,0,-1,2,10449,2343,14336,13155,3929,1953,6000,15000,4000,4000,0,1000,0
50000,1,2,2,26,1,2,0,0,2,2,16412,15851,16889,19909,19291,20675,0,1294,3314,0,1700,0,0
570000,2,1,2,28,0,0,0,0,0,0,33675,29865,33337,32646,30465,31126,3000,5000,3016,3000,4000,4000,0
90000,2,2,1,58,1,2,2,2,2,0,25941,25722,28015,28262,27509,28082,500,3000,1000,0,1017,2433,1
250000,2,2,1,29,0,0,0,-1,-1,-1,227762,191424,18016,15353,325,325,35018,1000,20000,325,325,318,0
450000,1,1,1,42,-1,2,-1,-1,-1,-2,3566,240,1718,2284,-561,-1477,0,2000,2300,0,590,0,1
20000,1,3,2,48,0,0,2,2,0,0,13543,16434,17452,16879,17059,17263,3132,1577,0,757,628,700,1
130000,2,2,2,40,2,0,0,2,0,0,8539,9559,12394,11883,9826,10167,1165,3000,0,500,500,2700,1
390000,2,2,2,39,0,0,0,0,0,0,53386,52746,55535,57154,58774,62372,2000,5000,3000,3000,5000,3000,0
90000,1,2,1,31,0,0,0,0,0,0,70329,69073,70561,72021,73912,58301,2471,2600,2633,3108,2052,1858,0
50000,1,2,3,41,0,0,0,0,0,0,51449,52260,40893,81308,41463,40045,1700,1679,1640,1449,1454,1466,1
20000,2,2,2,46,-1,-1,-1,-1,-2,-2,390,0,780,0,0,0,0,780,0,0,0,0,1
50000,1,2,2,29,0,0,2,0,0,0,48632,52100,50611,50411,19722,19682,4600,0,2200,900,800,800,0
10000,1,1,2,23,0,0,0,0,0,0,6927,5313,6264,5970,7175,6032,1500,3500,1000,2000,2500,1000,0
140000,2,2,2,30,-2,-2,-2,-2,-2,-2,107,232,107,107,107,107,232,107,107,107,107,107,0
160000,2,2,3,27,0,0,-1,0,0,0,11442,7257,15770,27024,14490,8190,1000,15793,11000,6000,1000,10312,0
150000,1,2,2,28,0,0,0,-2,-2,-2,157051,161665,0,0,0,0,8566,1500,0,0,0,0,0
100000,1,2,1,39,0,0,-2,-2,-2,-2,91300,0,0,0,0,0,0,0,0,0,0,0,0
50000,1,3,1,47,0,0,0,2,0,0,11752,13244,14722,15181,15928,16671,2000,2000,1000,1000,1000,1000,0
200000,2,2,1,29,1,2,0,0,0,2,57982,55005,54742,54401,42923,40365,0,2200,1671,3000,0,4600,0
220000,2,1,2,29,-2,-2,-2,-1,0,0,2848,7146,4690,16331,77894,2576,7181,4714,16493,97910,0,4862,0
350000,2,1,1,33,-2,-2,-2,-2,-2,-2,6016,4322,5568,9571,6370,9674,4348,5596,9632,6402,9722,24086,0
380000,1,1,2,40,0,0,0,0,0,0,245069,251731,257028,266487,269786,265312,12000,10600,15000,9800,10000,10000,0
260000,1,1,2,37,-2,-2,-2,-2,-2,-2,256,188,188,198,217,1825,188,188,198,217,1825,198,0
30000,2,2,2,53,-1,-1,0,0,0,0,356,15666,16863,7380,8580,10000,15700,2000,2000,1200,2200,0,1
170000,2,1,2,30,0,0,0,0,0,0,171992,168531,171440,174643,165584,169230,6027,6300,8451,6000,6320,6700,0
50000,2,3,2,52,0,0,0,0,0,0,47670,48447,49493,48497,18930,19329,1954,2000,20567,1000,664,1000,0
110000,1,2,1,44,0,0,0,0,0,0,82503,84214,90877,92986,49901,49649,3083,9563,4000,1800,2000,2000,0
100000,2,3,1,50,2,2,2,2,-1,0,117517,110537,99734,99973,71008,66735,4700,0,3000,103000,2500,3000,1
10000,1,3,2,43,0,0,0,0,0,0,9545,10443,7329,8343,8508,8686,1117,1125,2139,304,315,345,0
410000,1,1,1,38,-1,-1,-1,-1,-2,-2,499,0,35509,0,0,0,0,35509,0,0,0,0,0
140000,1,2,1,38,2,2,2,2,2,2,53797,55007,56128,56713,55796,56251,2700,2600,2100,600,1500,4545,1
160000,2,2,2,44,1,-2,-1,-1,-1,-1,-4,-4,3454,0,3312,0,0,3458,0,3312,0,0,0
130000,1,2,1,34,0,0,0,0,0,0,129998,132880,128615,130553,100976,96560,6543,6700,6050,4040,3700,3562,0
200000,2,2,2,27,-1,-1,-1,-1,-1,-1,6369,5830,7254,7164,4576,5792,5830,7254,7164,4675,5792,5196,0
330000,2,3,1,50,-1,-1,-2,-2,-2,-1,2064,0,0,0,0,324,0,0,0,0,324,0,0
180000,1,1,2,39,-2,-2,-2,-2,-2,-2,0,444,182,0,0,0,444,182,0,0,0,540,0
200000,2,3,1,29,-1,-1,-2,-2,-2,-1,161,0,0,0,0,1063,0,0,0,0,1063,1089,0
200000,2,2,2,27,0,0,0,0,0,0,125854,127843,131352,130884,132142,118084,4775,6579,4734,4368,4183,4227,0
70000,2,3,1,44,0,0,0,0,0,0,9195,2301,3344,4303,4243,5248,1041,1084,1043,1000,2000,2000,0
200000,2,1,1,34,-2,-2,-2,-2,-2,-2,0,0,0,0,0,0,0,0,0,0,0,0,0
150000,2,1,2,28,0,0,0,0,0,0,82559,84681,87308,89316,91458,89063,3500,4000,3500,3500,3500,3500,0
170000,2,1,1,50,-1,-1,-1,-1,-1,-1,1978,2191,3185,0,582,3779,2191,3185,0,582,3779,75,0
110000,2,2,1,46,0,0,2,0,0,0,102726,110179,105137,105467,94294,86381,10700,0,5000,4000,4000,5000,0
50000,1,1,2,31,0,0,0,0,0,0,49139,49281,42472,44810,45699,46675,1707,1948,11746,1635,1712,4000,1
290000,2,1,1,34,0,0,0,0,0,0,276365,199540,191188,145089,137942,116689,9263,9041,7027,10088,8027,10025,0
200000,1,1,2,28,-1,-1,2,-1,-1,-1,5765,12386,2662,6023,8303,171059,12453,12,6053,8337,171074,5036,0
120000,2,1,2,32,-1,2,0,-1,-1,-1,1192,696,1210,1799,1594,1255,0,1179,1799,1594,1255,1133,0
280000,2,2,2,28,-2,-2,-2,-2,-2,-2,0,0,0,0,0,0,0,0,0,0,0,0,0
50000,1,2,1,49,0,0,0,0,0,-1,48481,48526,50056,49735,14240,890,2313,2313,2082,677,890,14441,1
300000,1,2,2,47,0,0,0,0,0,0,109274,110453,115453,118522,118586,118179,3000,5000,5013,4514,4220,4008,0
230000,2,2,1,39,0,0,-2,-2,-2,-2,24510,0,0,0,0,0,0,0,0,0,0,0,0
210000,2,1,2,31,-1,-1,-1,-1,-1,-1,1983,422,815,191,-174,472,422,815,191,0,646,1125,0
310000,2,1,1,41,-1,2,-1,-1,-1,0,3640,1094,9445,5202,14589,11673,0,9453,5206,14589,0,16563,0
310000,1,4,1,46,-1,-1,-1,-1,-1,-1,15431,10414,21209,91238,18293,14332,10414,21229,91254,18293,14332,15785,0
100000,1,2,2,30,0,0,0,0,0,0,27869,29329,30294,31734,32323,33648,3500,3000,3500,1500,2000,2300,0
110000,2,1,2,29,0,0,0,2,0,0,107336,107195,109443,106637,106665,92417,5320,7845,4000,4000,3500,9500,0
80000,2,3,1,42,-2,-2,-2,-2,-2,-2,0,0,0,0,0,0,0,0,0,0,0,0,0
80000,1,1,1,41,1,-2,-2,-2,-2,-2,0,0,0,0,0,0,0,0,0,0,0,0,0
240000,2,3,2,28,2,2,2,0,0,0,242837,246989,204769,62670,10408,10848,10000,0,2806,500,562,303,1
180000,2,2,1,27,0,0,0,0,0,0,117703,116372,115445,112938,109306,104106,4171,4200,4000,3789,3959,3300,0
100000,2,3,1,44,2,2,0,0,0,2,12724,12228,13255,13959,14921,14539,0,1529,1233,1195,0,1300,1
100000,1,1,2,26,-1,-1,-1,-1,-1,-1,1872,4490,4056,10782,3187,18515,4503,4066,10900,3196,18543,3215,0
730000,1,3,1,56,0,0,0,0,0,0,746814,374028,351588,86927,66111,38491,20500,16500,3000,2000,2000,5000,0
450000,2,3,2,44,-2,-2,-2,-2,-1,-1,11150,4281,0,2442,14234,-2988,4281,0,2442,14234,452,0,0
50000,1,2,2,23,0,0,0,0,0,0,48241,49445,51060,50033,9298,7877,2000,2412,5178,5500,500,500,1
160000,1,2,1,32,1,2,0,0,0,0,5525,4039,3656,3801,2540,2279,0,1094,1500,0,1000,0,1
30000,1,2,3,53,1,-2,-1,2,0,0,0,0,4070,3825,3825,0,0,4070,0,0,0,0,1
270000,1,3,1,47,0,0,0,0,0,0,161999,165303,168837,172281,175705,179582,6000,6200,6254,6290,6710,8250,0
30000,1,1,1,37,1,2,2,0,0,2,20829,22689,22043,23367,24983,25437,2500,0,2000,2000,1000,0,1
180000,1,3,2,44,0,0,0,0,0,0,172064,175287,119687,131725,134122,133961,8000,5018,21000,6000,6000,6000,0
90000,2,1,2,27,0,0,0,0,0,0,61799,62561,63069,62643,59265,59046,2400,2518,2514,2100,2500,2500,0
130000,1,2,2,30,-1,2,2,2,-1,-1,780,780,390,0,780,0,390,0,0,780,0,0,0
100000,2,2,2,28,0,0,0,0,0,0,50697,51813,53416,32422,33177,42560,1959,2545,1513,1268,10000,10000,0
50000,2,1,2,27,2,0,0,0,2,0,48064,47691,49140,49423,48377,48158,3000,2525,3900,0,2000,4500,1
280000,2,2,1,42,-2,-2,-2,-2,-2,-2,396,396,396,396,10948,61123,396,396,396,10948,61123,54802,0
10000,2,2,2,22,1,-2,-2,-2,-2,-2,0,0,0,-400,0,0,0,0,0,400,0,0,0
30000,2,2,1,31,0,0,0,0,0,0,24358,23798,23071,23496,26562,27346,3000,4000,3000,5000,5000,3000,0
20000,1,2,1,40,0,0,0,0,0,0,10288,9276,5622,19263,18433,26132,3010,2010,15000,4000,2000,2000,0
20000,2,2,2,34,0,0,0,0,0,0,18649,19727,20330,20199,19609,19957,1700,2000,1200,0,348,0,0
310000,1,1,1,33,2,2,-2,-2,-2,-2,2500,0,0,0,0,0,0,0,0,0,0,0,1
20000,2,2,2,21,-1,-1,2,2,-2,-2,390,780,780,0,0,0,780,0,0,0,0,0,0
50000,2,1,2,30,0,0,0,0,0,0,45977,45931,45344,36789,28918,23095,1823,1818,1312,879,781,800,0
200000,1,1,2,30,0,0,0,0,0,0,46288,48205,49352,49682,50588,42629,3000,2300,2000,2000,1500,1189,0
310000,2,1,2,36,0,0,0,0,0,0,67940,45746,46979,42045,40334,49542,2000,2000,2000,2000,13000,2000,0
20000,2,2,1,42,2,3,2,2,2,2,18162,18464,19465,19649,19978,20512,900,1600,800,950,1000,800,1
340000,1,2,1,30,-2,-1,0,0,0,0,326,7132,16684,25749,30085,30406,7132,10000,10000,5000,1007,6000,0
360000,1,1,1,39,0,-1,-1,-1,0,-1,167685,3288,75244,6468,3169,3130,3304,75260,6484,24,3144,3458,0
160000,1,2,1,39,0,0,0,0,0,2,14658,15666,16694,17697,19023,18584,1258,1286,1289,1615,0,1000,1
50000,1,1,2,27,0,0,0,2,2,2,17468,48675,36287,30691,29901,49293,32400,4000,1200,0,20000,2000,0
50000,2,2,1,41,0,0,-1,0,0,0,10400,0,23425,19040,19624,20152,0,23425,1500,900,993,1100,0
140000,1,2,2,39,1,-1,0,-1,0,0,10091,18324,8808,27319,19278,11505,18539,1000,27329,386,1000,16215,0
80000,2,2,1,47,0,0,0,0,0,0,78849,27733,28009,28977,28756,28962,1433,1489,1457,1016,1046,1211,0
200000,2,3,1,29,-1,-1,-2,-2,-2,-1,161,0,0,0,0,1063,0,0,0,0,1063,1089,0
50000,2,3,1,32,0,0,0,0,0,0,33231,34544,35976,15996,32714,16720,1868,2300,1239,600,600,600,1
500000,2,2,1,50,0,0,0,2,0,0,290301,296479,306661,306438,298068,293489,11000,15000,10000,10003,10000,11000,0
80000,1,1,2,42,5,4,3,2,0,0,74477,68633,62890,56788,52287,52287,0,0,0,0,0,50771,0
300000,2,1,2,27,0,0,0,0,0,0,131760,132770,130595,132683,128557,125900,4700,4995,4516,4034,4088,3886,0
90000,1,2,1,31,0,0,0,0,0,0,70329,69073,70561,72021,73912,58301,2471,2600,2633,3108,2052,1858,0
140000,1,2,1,38,2,2,2,2,2,2,53797,55007,56128,56713,55796,56251,2700,2600,2100,600,1500,4545,1
290000,2,1,1,32,-2,-2,-2,-2,-2,-2,4340,3686,3094,8164,1509,8262,3686,3112,8164,1509,8262,2032,1
30000,2,1,2,46,0,0,0,0,2,0,18910,20592,21949,24116,23430,25044,2000,2000,2535,0,2000,2300,0
320000,2,2,2,36,-1,-1,-1,-1,-1,-1,396,396,396,596,13386,396,396,396,596,13386,396,396,0
100000,2,2,2,31,-2,-2,-2,-2,-2,-2,4576,1872,2511,3333,2765,900,1872,2517,3339,2765,900,2575,1
130000,2,2,1,24,0,0,0,0,0,0,66072,68223,70638,72955,74877,76334,3000,3001,3000,2500,2200,2200,0
260000,1,1,2,33,-2,-2,-2,-2,-2,-2,0,263,0,1368,101,955,263,0,1368,101,955,0,0
80000,2,2,1,27,0,0,0,0,0,0,77039,78746,79757,40498,29212,29621,2984,2449,1612,798,1307,359,1
30000,2,2,1,37,3,3,3,2,0,0,27672,28911,29163,28380,28636,30290,2000,1000,0,1000,2100,1500,1
160000,2,2,1,55,0,0,0,0,0,0,86179,83960,61589,58702,56853,56002,4000,3000,2000,2000,3000,5000,0
130000,1,2,2,27,0,0,0,0,0,0,84579,86256,88093,89837,91625,92822,3084,3224,3236,3257,3509,3428,0
80000,2,2,1,28,0,0,0,0,-1,0,150651,52233,81162,71470,28718,27813,3905,81000,1513,47921,10000,2001,0
100000,1,2,1,39,0,0,-2,-2,-2,-2,91300,0,0,0,0,0,0,0,0,0,0,0,0
50000,2,2,2,23,2,0,0,0,0,0,49441,45880,42621,21734,18775,19590,1998,2198,1300,655,1100,654,0
50000,2,2,1,36,0,0,0,0,0,0,46714,47404,48786,49768,27838,84810,1766,2148,2130,1200,1012,2034,0
50000,2,1,1,46,1,-2,-1,-1,0,0,10372,-110,1684,3697,1397,0,110,1794,3697,1392,0,0,0
230000,2,2,2,24,0,0,2,0,0,0,64929,65093,59349,56418,52950,49439,6000,0,3000,2000,1500,3000,0
50000,2,3,1,51,0,0,0,0,0,0,22000,20454,21899,20895,11241,-861,2000,2100,2000,1000,0,39500,1
50000,2,2,2,35,0,0,-1,0,0,0,50521,50466,49821,43945,29669,28469,1649,51869,1884,1023,1173,1193,0
20000,2,2,2,44,0,0,0,0,0,0,18578,19928,18677,18503,17231,15410,2000,2000,2000,1100,1586,506,0
430000,2,2,1,42,-1,-1,-1,-1,0,-1,38495,11935,32878,115683,84049,37210,11935,32887,115683,0,37210,29559,0
300000,2,1,2,32,0,0,0,0,0,0,169223,179223,199223,202486,200935,-6,10000,20000,11022,4935,6,2844,0
200000,1,1,1,30,3,2,2,2,2,2,2500,2500,2500,2500,2500,2500,0,0,0,0,0,0,1
280000,2,2,1,42,-2,-2,-2,-2,-2,-2,396,396,396,396,10948,61123,396,396,396,10948,61123,54802,0
370000,1,6,1,28,0,-1,-1,-1,-1,-1,64268,2868,3788,9424,2468,2468,2868,100332,9456,2468,2468,2468,0
20000,1,2,2,25,-1,-1,-1,-1,0,0,769,1011,628,2198,365,-34,1500,700,2500,0,0,2000,0
450000,1,1,1,42,-1,2,-1,-1,-1,-2,3566,240,1718,2284,-561,-1477,0,2000,2300,0,590,0,1
450000,2,2,1,38,-2,-2,-2,-2,-2,-2,390,390,390,390,390,390,390,780,390,390,390,390,1
50000,1,3,1,36,0,0,0,0,0,0,44917,46230,49319,50401,18919,19469,2061,4150,2232,750,929,611,0
160000,2,3,3,36,-1,-1,0,-1,-1,-1,9330,31745,22829,6000,6000,0,31745,1049,6000,6000,0,4345,0
80000,2,2,2,24,0,0,2,2,2,2,70411,75874,76710,74792,79636,77757,6657,2629,0,6000,0,3000,0
80000,2,2,2,25,0,0,0,0,0,0,47836,49038,53158,48269,48019,46908,2000,5000,2000,2000,2000,2000,0
230000,2,3,1,47,0,0,0,0,0,0,182787,173108,163937,90980,91180,90260,7000,5665,4154,3300,3418,3600,0
260000,1,5,1,47,-1,-1,-1,-1,-1,-1,3469,1579,879,697,396,3635,1579,879,697,396,3635,5964,0
400000,1,1,1,38,-2,-2,-2,-2,-2,-2,23052,7754,13052,12639,12315,7831,8025,13972,13046,13040,7923,14533,0
170000,1,2,1,26,0,0,0,0,0,-2,30779,30751,23602,16633,0,51269,1675,1500,1007,0,51269,1865,0
140000,1,2,2,26,1,3,2,0,0,0,146023,141873,137057,135046,136131,135292,6,233,6342,4800,5100,5000,1
80000,2,2,1,36,-2,-2,-2,-2,-2,-2,6746,556,556,2904,556,4226,556,556,2904,556,4226,3683,0
400000,2,2,2,50,-1,-1,2,-1,-1,-1,15986,4359,1783,129,3170,657,4359,0,129,3170,657,1160,0
110000,2,2,1,46,0,0,2,0,0,0,102726,110179,105137,105467,94294,86381,10700,0,5000,4000,4000,5000,0
90000,2,2,2,27,-1,-1,0,0,0,0,18674,88907,90659,82827,79359,81401,92858,4100,3200,3100,3500,3500,0
120000,2,2,1,30,2,-1,3,2,0,-1,1248,1701,1551,1410,479,3158,1701,0,9,0,3158,0,0
80000,2,2,1,47,-2,-2,-2,-2,-2,-1,966,0,647,1988,1049,1466,0,647,1990,1049,1466,6309,1
110000,1,1,2,28,0,0,0,0,0,0,107560,100395,79889,70062,70901,72754,4024,3008,3200,2600,3000,3000,1
200000,2,1,1,46,-1,-1,-1,-1,-1,-1,10687,18021,3275,5430,6683,7790,18031,3275,5430,6871,7790,8901,0
450000,2,1,1,39,-2,-2,-2,-2,-2,-2,8494,24178,5307,118852,11489,26518,25128,5318,118877,11489,26518,3575,0
90000,1,3,1,35,0,0,0,0,0,0,86821,71263,73515,74100,23500,23500,4000,4000,3000,0,0,0,0
140000,2,2,1,27,0,0,0,0,0,0,125792,126771,132730,124689,105447,106704,5000,10000,5000,5000,5000,5000,0
440000,2,1,2,33,0,0,0,0,0,0,164269,160608,150150,139178,123627,48175,5666,5802,3577,2955,12000,1025,0
20000,1,2,2,23,3,2,2,-1,2,2,18781,13255,0,20358,18044,20325,0,0,20358,0,2577,0,0
160000,2,3,1,42,-2,-2,-2,-2,-1,0,0,1473,1863,0,112978,115357,1473,1863,0,119001,5000,4500,0
390000,2,1,2,38,-1,-1,-1,-1,0,0,4989,2056,8886,16396,12761,6707,2076,8926,16413,30,33,5900,0
80000,2,2,2,30,0,0,2,0,0,0,80681,84064,79988,79291,53876,49513,6900,0,4382,1822,2000,2000,0
150000,2,1,2,40,0,0,0,2,0,0,16986,18693,20885,21738,22080,23558,2000,2500,1500,1000,2000,2000,0
230000,1,1,1,46,-1,-1,-1,-1,-1,-2,39900,1200,0,11211,0,0,1200,0,11211,0,0,0,0
320000,1,1,2,41,0,0,0,0,0,0,309805,237915,235917,227714,154939,102338,15818,10049,10015,14939,4338,5267,0
100000,1,2,2,34,0,0,0,0,-1,-1,19138,6630,4958,5314,390,390,1100,1254,1000,390,390,390,0
290000,2,1,2,46,0,0,-1,-1,-1,-1,113618,289002,1332,21429,2228,156721,34507,1343,21542,2239,156733,7219,0
30000,1,2,3,53,1,-2,-1,2,0,0,0,0,4070,3825,3825,0,0,4070,0,0,0,0,1
200000,1,2,2,25,1,2,0,0,0,0,124652,109401,63518,14607,16399,18026,6,5000,2000,2000,2000,20000,0
70000,2,1,2,37,0,0,0,0,0,0,64860,64533,48493,48824,19000,39000,2200,3000,1400,500,20000,0,0
240000,1,2,1,31,2,0,-1,2,2,-1,60511,41296,2181,1175,-13,2487,2300,2185,4,0,2500,0,1
180000,2,1,1,35,-1,-1,-1,2,-1,-1,3544,-36,163,163,1772,148,0,1000,0,2000,0,5000,0
200000,1,1,2,29,-1,-1,-1,-1,-1,-1,3773,3990,9048,4700,800,4082,4029,9048,4700,800,4082,0,0
150000,2,1,2,26,0,0,0,0,0,0,151812,145411,132560,121003,69091,55543,7005,6612,4540,2426,1854,2424,0
30000,1,1,2,24,-1,0,0,0,0,0,1426,2539,3437,5365,6275,7172,1300,1100,2000,1000,1000,2000,0
160000,2,2,2,29,0,0,0,0,0,0,36370,35996,35275,34873,35677,34942,4002,5390,6000,5000,5000,4000,0
100000,2,2,2,29,0,0,0,-1,-1,-1,7815,11139,3708,2180,1949,717,5000,1000,2180,1949,717,39000,0
340000,1,1,1,42,-2,-2,-2,-2,-2,-2,6888,2913,340,2823,13045,14006,2913,340,2823,13062,14016,4513,0
30000,2,2,2,22,0,0,2,0,0,0,30028,30566,30560,30194,30113,23212,2634,1000,1377,1211,1000,3690,0
280000,2,1,2,29,-1,-1,-1,-1,-1,0,33210,526,9252,21254,1608,407,726,9298,21360,1614,2,4069,0
60000,1,2,1,44,0,0,0,0,0,0,58216,60193,57815,50054,27535,22962,3000,2488,2000,1000,2000,3000,0
60000,2,2,2,57,0,0,2,0,0,0,44041,46810,45781,48814,49802,51034,3810,0,3814,1802,2034,4459,1
20000,1,3,2,48,0,0,2,2,0,0,13543,16434,17452,16879,17059,17263,3132,1577,0,757,628,700,1
180000,2,3,2,45,0,0,0,2,0,0,76942,77952,80269,66855,67128,67257,4003,5603,3,2504,2511,3021,0
180000,2,3,1,46,-1,2,-1,0,0,0,10456,7326,8469,6591,5244,2174,357,8510,5244,2174,0,3371,1
500000,2,1,1,46,0,0,0,0,0,-1,196606,64144,49722,67909,61613,16932,10000,10000,20025,10000,20000,18000,0
10000,1,2,1,49,1,-1,-1,-1,-1,-2,-20,780,0,780,0,0,800,0,780,0,0,0,1
120000,1,2,2,27,0,0,0,0,0,0,29344,33474,29029,26523,20554,19348,5053,1789,2037,659,802,640,0
50000,1,2,1,29,1,2,0,0,0,2,23451,22781,24108,25203,26681,26117,0,2000,1800,2200,0,2250,1
30000,2,1,2,24,0,0,0,0,0,0,26094,27095,28158,29385,29665,30446,1440,1503,1730,1010,1206,1949,0
500000,2,1,2,37,0,0,0,0,0,0,20181,21197,23839,24869,27437,31957,1358,3000,1432,3000,5000,5000,0
80000,1,1,2,27,0,0,0,0,0,-1,74413,76817,74554,43727,16307,1755,7000,3000,1400,326,1755,0,0
130000,2,2,2,44,0,0,0,0,0,0,128854,111896,116183,115034,88163,87388,4000,6097,4085,3007,3028,3000,0
190000,2,1,2,29,0,0,0,0,0,0,28096,29322,30144,31243,32719,33540,2000,1600,1600,2000,1500,1300,0
20000,2,2,2,28,1,2,0,0,0,0,20583,19942,16614,15941,13205,6009,0,1358,1065,327,187,325,0
50000,1,2,1,43,0,0,0,0,0,0,27681,28287,28924,29521,29876,30201,1458,1485,1472,1217,1347,558,0
500000,1,2,2,32,0,0,0,0,0,-1,331751,254846,162969,142735,76989,106476,10558,7410,3068,94,106476,152,0
20000,1,3,2,25,3,2,2,4,4,4,1650,1650,1650,1650,1650,1650,0,0,0,0,0,0,1
30000,1,1,1,31,1,2,2,2,2,2,14107,14779,14252,16205,15647,17091,1200,0,2200,0,1700,0,1
200000,2,1,1,37,-1,-1,-1,-1,0,0,9212,0,261,8203,13203,9691,0,261,8203,5000,0,13185,0
60000,2,2,2,25,0,0,0,0,0,0,75932,60693,50324,58688,30099,16810,3121,3000,12000,30000,12000,28618,1
120000,2,2,2,27,-1,-1,-1,2,-1,-1,1184,1066,5079,2528,4007,7457,1066,5079,0,4007,7457,2819,0
50000,1,2,2,25,0,0,0,0,0,2,29425,30932,32128,33588,38106,37364,2000,2000,2000,5100,0,4000,0
210000,2,2,2,27,0,0,0,0,0,0,83381,85097,86928,89471,91282,93309,3100,3200,4000,3300,3500,3500,0
30000,2,2,1,37,3,3,3,2,0,0,27672,28911,29163,28380,28636,30290,2000,1000,0,1000,2100,1500,1
