7.4,0.62,0.05,1.9,0.068,24.0,42.0,0.9961,3.42,0.57,11.5,6
11.7,0.28,0.47,1.7,0.054,17.0,32.0,0.99686,3.15,0.67,10.6,7
7.1,0.36,0.37,4.8,0.019,39.0,114.0,0.99036,3.08,0.49,12.7,7
6.9,0.36,0.35,8.6,0.038,37.0,125.0,0.9916,3.0,0.32,12.4,8
7.5,0.33,0.39,12.4,0.065,29.0,119.0,0.9974,3.16,0.39,9.4,5
7.4,0.16,0.27,15.5,0.05,25.0,135.0,0.9984,2.9,0.43,8.7,7
6.6,0.23,0.18,8.5,0.044,59.0,188.0,0.99558,3.16,0.49,9.5,5
7.3,0.33,0.4,6.85,0.038,32.0,138.0,0.992,3.03,0.3,11.9,7
7.5,0.18,0.39,1.9,0.054,23.0,91.0,0.9941,3.27,0.45,10.3,6
6.9,0.35,0.55,11.95,0.038,22.0,111.0,0.99687,3.11,0.29,9.7,5
6.6,0.16,0.32,1.4,0.035,49.0,186.0,0.9906,3.35,0.64,12.4,8
5.8,0.22,0.3,1.1,0.047,36.0,131.0,0.992,3.26,0.45,10.4,5
5.8,0.29,0.15,1.1,0.029,12.0,83.0,0.9898,3.3,0.4,11.4,6
6.9,0.44,0.27,5.0,0.038,33.0,166.0,0.99124,3.2,0.42,12.2,6
7.4,0.59,0.08,4.4,0.086,6.0,29.0,0.9974,3.38,0.5,9.0,4
5.6,0.12,0.33,2.9,0.044,21.0,73.0,0.98896,3.17,0.32,12.9,8
7.4,0.7,0.0,1.9,0.076,11.0,34.0,0.9978,3.51,0.56,9.4,5
8.2,0.22,0.3,1.8,0.047,47.0,185.0,0.9933,3.13,0.5,10.2,6
6.1,0.34,0.25,1.8,0.084,4.0,28.0,0.99464,3.36,0.44,10.1,5
6.8,0.37,0.67,1.5,0.175,16.0,98.0,0.99244,3.06,0.56,10.3,6
6.5,0.46,0.31,5.0,0.027,15.0,72.0,0.99165,3.26,0.6,11.5,7
6.9,0.18,0.38,6.5,0.039,20.0,110.0,0.9943,3.1,0.42,10.5,5
6.8,0.28,0.35,2.3,0.042,16.0,85.0,0.9906,3.19,0.56,12.4,6
6.6,0.735,0.02,7.9,0.122,68.0,124.0,0.9994,3.47,0.53,9.9,5
6.4,0.23,0.32,1.9,0.038,40.0,118.0,0.99074,3.32,0.53,11.8,7
7.3,0.22,0.49,9.9,0.031,48.0,161.0,0.9937,3.01,0.28,11.2,6
7.3,0.19,0.27,13.9,0.057,45.0,155.0,0.99807,2.94,0.41,8.8,8
8.9,0.27,0.28,0.8,0.024,29.0,128.0,0.98984,3.01,0.35,12.4,6
6.7,0.13,0.29,5.3,0.051,31.0,122.0,0.9944,3.44,0.37,9.7,6
6.6,0.24,0.28,1.8,0.028,39.0,132.0,0.99182,3.34,0.46,11.4,5
6.1,0.25,0.48,15.8,0.052,25.0,94.0,0.99782,3.07,0.45,9.2,6
9.8,0.51,0.19,3.2,0.081,8.0,30.0,0.9984,3.23,0.58,10.5,6
7.3,0.69,0.32,2.2,0.069,35.0,104.0,0.99632,3.33,0.51,9.5,5
6.3,0.34,0.31,6.0,0.02,18.0,68.0,0.98981,3.22,0.29,13.4,7
7.1,0.32,0.24,13.1,0.05,52.0,204.0,0.998,3.1,0.49,8.8,5
6.8,0.34,0.69,1.3,0.058,12.0,171.0,0.9931,3.06,0.47,9.7,5
7.3,0.205,0.31,1.7,0.06,34.0,110.0,0.9963,3.72,0.69,10.5,6
5.8,0.24,0.28,1.4,0.038,40.0,76.0,0.98711,3.1,0.29,13.9,7
5.8,0.27,0.26,3.5,0.071,26.0,69.0,0.98994,3.1,0.38,11.5,6
6.3,0.22,0.34,5.0,0.032,36.0,93.0,0.99012,3.27,0.36,13.5,7
7.6,0.23,0.4,5.2,0.066,14.0,91.0,0.99488,3.17,0.8,9.7,5
6.7,0.28,0.34,8.9,0.048,32.0,111.0,0.99455,3.25,0.54,11.0,7
7.0,0.18,0.37,1.5,0.043,16.0,104.0,0.99216,3.18,0.5,10.8,5
6.5,0.27,0.26,8.2,0.042,21.0,133.0,0.99612,3.43,0.64,9.8,6
7.4,0.33,0.26,15.6,0.049,67.0,210.0,0.99907,3.06,0.68,9.5,5
6.1,0.22,0.25,12.1,0.035,54.0,135.0,0.99481,3.21,0.4,10.7,5
7.2,0.17,0.28,17.55,0.05,33.0,154.0,0.99971,2.94,0.43,9.0,7
6.0,0.32,0.32,4.8,0.041,40.0,186.0,0.99235,3.22,0.54,11.0,6
15.5,0.645,0.49,4.2,0.095,10.0,23.0,1.00315,2.92,0.74,11.1,5
10.2,0.41,0.43,2.2,0.11,11.0,37.0,0.99728,3.16,0.67,10.8,5
9.6,0.38,0.42,1.9,0.071,5.0,13.0,0.99659,3.15,0.75,10.5,6
6.6,0.23,0.27,5.6,0.043,43.0,164.0,0.9953,3.27,0.76,9.5,5
6.7,0.46,0.24,1.7,0.077,18.0,34.0,0.9948,3.39,0.6,10.6,6
6.7,0.27,0.69,1.2,0.176,36.0,106.0,0.99288,2.96,0.43,9.2,6
7.1,0.27,0.28,1.25,0.023,3.0,89.0,0.98993,2.95,0.3,11.4,4
10.6,1.02,0.43,2.9,0.076,26.0,88.0,0.9984,3.08,0.57,10.1,6
6.3,0.17,0.42,2.8,0.028,45.0,107.0,0.9908,3.27,0.43,11.8,6
6.2,0.33,0.41,16.8,0.037,58.0,173.0,0.99882,3.25,0.57,9.4,6
5.6,0.19,0.26,1.4,0.03,12.0,76.0,0.9905,3.25,0.37,10.9,7
6.9,0.19,0.32,7.9,0.042,30.0,130.0,0.99456,3.4,0.39,10.5,6
7.3,0.22,0.4,14.75,0.042,44.5,129.5,0.9998,3.36,0.41,9.1,7
6.5,0.9,0.0,1.6,0.052,9.0,17.0,0.99467,3.5,0.63,10.9,6
4.8,0.26,0.23,10.6,0.034,23.0,111.0,0.99274,3.46,0.28,11.5,7
7.4,0.21,0.27,7.3,0.031,41.0,144.0,0.9932,3.15,0.38,11.8,7
6.6,0.32,0.26,7.7,0.054,56.0,209.0,0.9961,3.17,0.45,8.8,5
6.8,0.49,0.22,2.3,0.071,13.0,24.0,0.99438,3.41,0.83,11.3,6
6.0,0.22,0.33,12.2,0.033,25.0,97.0,0.99356,3.17,0.42,11.3,7
7.4,0.18,0.31,1.4,0.058,38.0,167.0,0.9931,3.16,0.53,10.0,7
7.2,0.46,0.65,10.4,0.05,76.0,192.0,0.9976,3.16,0.42,8.7,5
7.0,0.36,0.32,10.5,0.045,35.0,135.0,0.9935,3.09,0.33,11.6,8
7.3,0.27,0.37,9.7,0.042,36.0,130.0,0.9979,3.48,0.75,9.9,6
7.1,0.22,0.49,1.8,0.039,8.0,18.0,0.99344,3.39,0.56,12.4,6
6.3,0.21,0.28,1.5,0.051,46.0,142.0,0.9928,3.23,0.42,10.1,6
6.4,0.865,0.03,3.2,0.071,27.0,58.0,0.995,3.61,0.49,12.7,6
6.2,0.28,0.27,10.3,0.03,26.0,108.0,0.99388,3.2,0.36,10.7,6
7.1,0.52,0.03,2.6,0.076,21.0,92.0,0.99745,3.5,0.6,9.8,5
8.6,0.2,0.42,1.5,0.041,35.0,125.0,0.9925,3.11,0.49,11.4,7
5.8,0.27,0.27,12.3,0.045,55.0,170.0,0.9972,3.28,0.42,9.3,6
8.3,0.17,0.31,1.5,0.049,48.0,153.0,0.9942,3.12,0.58,9.4,6
8.3,0.53,0.0,1.4,0.07,6.0,14.0,0.99593,3.25,0.64,10.0,6
6.5,0.27,0.26,11.0,0.03,2.0,82.0,0.99402,3.07,0.36,11.2,5
7.9,0.36,0.53,12.9,0.049,63.0,139.0,0.99792,2.94,0.45,9.1,5
7.0,0.2,0.34,5.7,0.035,32.0,83.0,0.9928,3.19,0.46,11.5,6
7.2,0.31,0.26,7.3,0.05,37.0,157.0,0.99625,3.09,0.43,9.0,5
7.0,0.43,0.3,2.0,0.085,6.0,39.0,0.99346,3.33,0.46,11.9,6
6.3,0.14,0.39,1.2,0.044,26.0,116.0,0.992,3.26,0.53,10.3,6
7.6,0.55,0.21,2.2,0.071,7.0,28.0,0.9964,3.28,0.55,9.7,5
6.9,0.84,0.21,4.1,0.074,16.0,65.0,0.99842,3.53,0.72,9.25,6
6.3,0.32,0.32,1.5,0.037,12.0,76.0,0.98993,3.3,0.46,12.3,6
8.8,0.47,0.49,2.9,0.085,17.0,110.0,0.9982,3.29,0.6,9.8,5
5.6,0.35,0.37,1.0,0.038,6.0,72.0,0.9902,3.37,0.34,11.4,5
7.9,0.18,0.4,2.2,0.049,38.0,67.0,0.996,3.33,0.93,11.3,5
9.4,0.685,0.26,2.4,0.082,23.0,143.0,0.9978,3.28,0.55,9.4,5
6.9,0.19,0.33,1.6,0.043,63.0,149.0,0.9925,3.44,0.52,10.8,5
7.8,0.42,0.23,8.8,0.054,42.0,215.0,0.9971,3.02,0.58,9.2,6
5.9,0.32,0.26,1.5,0.057,17.0,141.0,0.9917,3.24,0.36,10.7,5
5.8,0.2,0.27,1.4,0.031,12.0,77.0,0.9905,3.25,0.36,10.9,7
5.6,0.5,0.09,2.3,0.049,17.0,99.0,0.9937,3.63,0.63,13.0,5
7.0,0.805,0.0,2.5,0.068,7.0,20.0,0.9969,3.48,0.56,9.6,5
8.1,0.27,0.33,1.3,0.045,26.0,100.0,0.99066,2.98,0.44,12.4,6
7.0,0.16,0.32,8.3,0.045,38.0,126.0,0.9958,3.21,0.34,9.2,5
6.3,0.37,0.28,6.3,0.034,45.0,152.0,0.9921,3.29,0.46,11.6,7
7.7,0.28,0.33,6.7,0.037,32.0,155.0,0.9951,3.39,0.62,10.7,7
6.7,0.24,0.3,10.2,0.07,44.0,179.0,0.99666,2.86,0.46,8.9,6
7.5,0.38,0.29,12.7,0.05,25.0,209.0,0.9986,3.25,0.59,9.3,6
9.4,0.29,0.55,2.2,0.05,17.0,119.0,0.9962,3.12,0.69,10.3,4
4.5,0.19,0.21,0.95,0.033,89.0,159.0,0.99332,3.34,0.42,8.0,5
5.5,0.16,0.22,4.5,0.03,30.0,102.0,0.9938,3.24,0.36,9.4,6
7.2,0.52,0.07,1.4,0.074,5.0,20.0,0.9973,3.32,0.81,9.6,6
7.2,0.19,0.46,3.8,0.041,82.0,187.0,0.9932,3.19,0.6,11.2,7
7.8,0.3,0.36,4.6,0.024,20.0,198.0,0.99222,3.06,0.66,11.9,6
5.1,0.52,0.06,2.7,0.052,30.0,79.0,0.9932,3.32,0.43,9.3,5
5.3,0.32,0.12,6.6,0.043,22.0,141.0,0.9937,3.36,0.6,10.4,6
6.3,0.25,0.53,1.8,0.021,41.0,101.0,0.989315,3.19,0.31,13.0,6
6.0,0.395,0.0,1.4,0.042,7.0,55.0,0.99135,3.37,0.38,11.2,4
6.8,0.67,0.0,1.9,0.08,22.0,39.0,0.99701,3.4,0.74,9.7,5
10.9,0.39,0.47,1.8,0.118,6.0,14.0,0.9982,3.3,0.75,9.8,6
6.1,0.25,0.3,1.2,0.036,42.0,107.0,0.991,3.34,0.56,10.8,7
7.3,0.26,0.32,1.2,0.041,29.0,94.0,0.98978,3.07,0.45,12.0,6
6.5,0.25,0.35,12.0,0.055,47.0,179.0,0.998,3.58,0.47,10.0,5
6.4,0.57,0.02,1.8,0.067,4.0,11.0,0.997,3.46,0.68,9.5,5
6.9,0.33,0.31,4.2,0.04,21.0,93.0,0.9896,3.18,0.48,13.4,7
7.2,0.41,0.3,2.1,0.083,35.0,72.0,0.997,3.44,0.52,9.4,5
6.8,0.13,0.39,1.4,0.034,19.0,102.0,0.99121,3.23,0.6,11.3,7
6.1,0.37,0.46,12.0,0.042,61.0,210.0,0.997,3.17,0.59,9.7,6
7.2,0.21,0.41,1.3,0.036,33.0,85.0,0.992,3.17,0.51,10.4,5
5.0,0.24,0.34,1.1,0.034,49.0,158.0,0.98774,3.32,0.32,13.1,7
6.0,0.29,0.41,10.8,0.048,55.0,149.0,0.9937,3.09,0.59,10.96666667,7
6.9,0.31,0.33,12.7,0.038,33.0,116.0,0.9954,3.04,0.65,10.4,6
5.8,0.345,0.15,10.8,0.033,26.0,120.0,0.99494,3.25,0.49,10.0,6
7.6,1.58,0.0,2.1,0.137,5.0,9.0,0.99476,3.5,0.4,10.9,3
6.2,0.18,0.3,1.0,0.031,23.0,73.0,0.99032,3.23,0.52,11.3,6
6.8,0.27,0.3,13.0,0.047,69.0,160.0,0.99705,3.16,0.5,9.6,6
7.2,0.52,0.07,1.4,0.074,5.0,20.0,0.9973,3.32,0.81,9.6,6
6.8,0.28,0.4,22.0,0.048,48.0,167.0,1.001,2.93,0.5,8.7,5
6.2,0.45,0.73,7.2,0.099,47.0,202.0,0.99582,3.21,0.43,9.2,5
6.1,0.3,0.3,2.1,0.031,50.0,163.0,0.9895,3.39,0.43,12.7,7
8.7,0.69,0.31,3.0,0.086,23.0,81.0,1.0002,3.48,0.74,11.6,6
6.8,0.21,0.27,18.15,0.042,41.0,146.0,1.0001,3.3,0.36,8.7,5
6.0,0.28,0.25,1.8,0.042,8.0,108.0,0.9929,3.08,0.55,9.0,5
6.8,0.25,0.27,10.7,0.076,47.0,154.0,0.9967,3.05,0.38,9.0,5
8.1,0.36,0.59,13.6,0.051,60.0,134.0,0.99886,2.96,0.39,8.7,5
6.1,0.34,0.21,5.0,0.042,17.0,133.0,0.99373,3.02,0.53,9.4,5
7.0,0.34,0.1,3.5,0.044,17.0,63.0,0.9937,3.01,0.39,9.2,5
6.8,0.48,0.08,1.8,0.074,40.0,64.0,0.99529,3.12,0.49,9.6,5
6.4,0.37,0.19,3.5,0.068,18.0,101.0,0.9934,3.03,0.38,9.0,6
6.6,0.35,0.34,4.9,0.032,9.0,125.0,0.99253,3.32,0.81,12.0,5
9.0,0.47,0.31,2.7,0.084,24.0,125.0,0.9984,3.31,0.61,9.4,5
8.0,0.715,0.22,2.3,0.075,13.0,81.0,0.99688,3.24,0.54,9.5,6
6.7,0.33,0.49,1.6,0.167,20.0,94.0,0.9914,3.11,0.5,11.4,6
6.6,0.25,0.34,3.0,0.054,22.0,141.0,0.99338,3.26,0.47,10.4,6
6.8,0.26,0.42,1.7,0.049,41.0,122.0,0.993,3.47,0.48,10.5,8
7.3,0.24,0.34,15.4,0.05,38.0,174.0,0.9983,3.03,0.42,9.0,6
6.9,0.22,0.32,9.3,0.04,22.0,110.0,0.9958,3.34,0.54,10.7,7
7.1,0.2,0.31,6.85,0.053,32.0,211.0,0.99587,3.31,0.59,10.4,6
6.6,0.705,0.07,1.6,0.076,6.0,15.0,0.9962,3.44,0.58,10.7,5
6.5,0.425,0.4,13.1,0.038,59.0,241.0,0.9979,3.23,0.57,9.0,5
7.3,0.13,0.27,4.6,0.08,34.0,172.0,0.9938,3.23,0.39,11.1,7
7.8,0.42,0.26,9.2,0.058,34.0,199.0,0.9972,3.14,0.55,9.3,6
7.3,0.4,0.26,5.45,0.016,26.0,90.0,0.98951,2.84,0.54,13.2,7
7.2,0.24,0.3,1.2,0.037,11.0,95.0,0.98914,2.96,0.36,12.5,6
7.5,0.33,0.28,4.9,0.042,21.0,155.0,0.99385,3.36,0.57,10.9,6
7.0,0.685,0.0,1.9,0.099,9.0,22.0,0.99606,3.34,0.6,9.7,5
7.5,0.58,0.03,4.1,0.08,27.0,46.0,0.99592,3.02,0.47,9.2,5
7.4,0.18,0.3,8.8,0.064,26.0,103.0,0.9961,2.94,0.56,9.3,5
7.0,0.33,0.28,5.7,0.033,39.0,204.0,0.99176,3.17,0.64,12.5,6
7.6,0.31,0.29,10.5,0.04,21.0,145.0,0.9966,3.04,0.35,9.4,5
7.6,0.3,0.38,2.1,0.043,10.0,98.0,0.99296,3.17,0.65,11.0,5
6.7,0.11,0.34,8.8,0.043,41.0,113.0,0.9962,3.42,0.4,9.3,7
5.5,0.19,0.27,0.9,0.04,52.0,103.0,0.99026,3.5,0.39,11.2,5
7.8,0.25,0.34,13.7,0.044,66.0,184.0,0.99976,3.22,0.75,8.9,5
5.8,0.29,0.05,0.8,0.038,11.0,30.0,0.9924,3.36,0.35,9.2,5
8.5,0.18,0.3,1.1,0.028,34.0,95.0,0.99272,2.83,0.36,10.0,4
9.6,0.23,0.4,1.5,0.044,19.0,135.0,0.9937,2.96,0.49,10.9,5
6.6,0.25,0.32,5.6,0.039,15.0,68.0,0.99163,2.96,0.52,11.1,6
6.6,0.31,0.28,1.4,0.035,28.0,107.0,0.98836,3.0,0.4,13.2,6
6.5,0.38,0.26,5.2,0.042,33.0,112.0,0.99067,3.06,0.5,12.3,7
7.0,0.22,0.3,1.8,0.065,16.0,20.0,0.99672,3.61,0.82,10.0,6
11.5,0.59,0.59,2.6,0.087,13.0,49.0,0.9988,3.18,0.65,11.0,6
5.7,0.2,0.24,13.8,0.047,44.0,112.0,0.99837,2.97,0.66,8.8,6
6.0,0.2,0.26,1.1,0.033,38.0,67.0,0.98954,3.14,0.38,11.5,6
9.9,0.35,0.41,2.3,0.083,11.0,61.0,0.9982,3.21,0.5,9.5,5
7.7,0.31,0.36,4.3,0.026,15.0,87.0,0.99152,3.11,0.48,12.0,5
7.5,0.26,0.25,1.7,0.038,29.0,129.0,0.99312,3.45,0.56,10.4,6
7.0,0.6,0.12,2.2,0.083,13.0,28.0,0.9966,3.52,0.62,10.2,7
6.8,0.22,0.24,4.9,0.092,30.0,123.0,0.9951,3.03,0.46,8.6,6
7.5,0.42,0.2,1.4,0.06,15.0,168.0,0.9944,3.06,0.4,9.4,6
7.8,0.17,0.5,1.3,0.045,35.0,140.0,0.9904,3.16,0.4,12.0,6
8.5,0.15,0.49,1.5,0.031,17.0,122.0,0.9932,3.03,0.4,10.3,6
6.4,0.26,0.21,7.1,0.04,35.0,162.0,0.9956,3.39,0.58,9.9,6
6.5,0.26,0.43,8.9,0.083,50.0,171.0,0.9965,2.85,0.5,9.0,5
12.2,0.45,0.49,1.4,0.075,3.0,6.0,0.9969,3.13,0.63,10.4,5
8.8,0.28,0.45,6.0,0.022,14.0,49.0,0.9934,3.01,0.33,11.1,7
5.7,0.6,0.0,1.4,0.063,11.0,18.0,0.99191,3.45,0.56,12.2,6
7.4,0.19,0.3,12.8,0.053,48.5,212.0,0.9986,3.14,0.49,9.1,7
8.3,0.4,0.41,8.2,0.05,15.0,122.0,0.9979,3.39,0.49,9.3,5
6.2,0.35,0.31,2.6,0.036,37.0,92.0,0.98938,3.27,0.53,12.8,7
7.4,0.5,0.47,2.0,0.086,21.0,73.0,0.997,3.36,0.57,9.1,5
7.4,0.16,0.3,13.7,0.056,33.0,168.0,0.99825,2.9,0.44,8.7,7
6.4,0.37,0.37,4.85,0.041,39.5,216.5,0.99432,3.1,0.5,9.8,6
5.7,0.27,0.16,9.0,0.053,32.0,111.0,0.99474,3.36,0.37,10.4,6
6.8,0.32,0.28,4.8,0.034,25.0,100.0,0.99026,3.08,0.47,12.4,7
6.7,0.29,0.45,14.3,0.054,30.0,181.0,0.99869,3.14,0.57,9.1,5
6.0,0.14,0.17,5.6,0.036,37.0,127.0,0.99373,3.05,0.57,9.8,6
8.0,0.59,0.71,17.35,0.038,61.0,228.0,1.0,2.95,0.75,9.3,5
10.5,0.24,0.47,2.1,0.066,6.0,24.0,0.9978,3.15,0.9,11.0,7
6.5,0.18,0.48,18.0,0.054,56.0,183.0,1.00038,2.98,0.61,8.5,6
7.3,0.41,0.24,6.8,0.057,41.0,163.0,0.9949,3.2,0.41,9.9,6
6.0,0.2,0.26,6.8,0.049,22.0,93.0,0.9928,3.15,0.42,11.0,6
6.6,0.44,0.09,2.2,0.063,9.0,18.0,0.99444,3.42,0.69,11.3,6
6.8,0.18,0.28,9.8,0.039,29.0,113.0,0.99406,3.11,0.45,10.9,7
6.7,0.67,0.02,1.9,0.061,26.0,42.0,0.99489,3.39,0.82,10.9,6
8.3,0.16,0.37,7.9,0.025,38.0,107.0,0.99306,2.93,0.37,11.9,6
6.9,0.32,0.17,7.6,0.042,69.0,219.0,0.9959,3.13,0.4,8.9,5
6.0,0.5,0.04,2.2,0.092,13.0,26.0,0.99647,3.46,0.47,10.0,5
7.8,0.52,0.25,1.9,0.081,14.0,38.0,0.9984,3.43,0.65,9.0,6
6.4,0.34,0.2,14.9,0.06,37.0,162.0,0.9983,3.13,0.45,9.0,4
8.3,0.715,0.15,1.8,0.089,10.0,52.0,0.9968,3.23,0.77,9.5,5
6.5,0.26,0.34,1.4,0.04,25.0,184.0,0.99216,3.29,0.46,10.7,5
5.8,0.36,0.26,3.3,0.038,40.0,153.0,0.9911,3.34,0.55,11.3,6
7.0,0.15,0.28,14.7,0.051,29.0,149.0,0.99792,2.96,0.39,9.0,7
5.2,0.49,0.26,2.3,0.09,23.0,74.0,0.9953,3.71,0.62,12.2,6
6.7,0.4,0.22,8.8,0.052,24.0,113.0,0.99576,3.22,0.45,9.4,5
6.4,0.32,0.25,5.0,0.055,28.0,138.0,0.99171,3.27,0.5,12.4,8
7.1,0.17,0.38,7.4,0.052,49.0,182.0,0.9958,3.35,0.52,9.6,6
6.5,0.18,0.34,1.6,0.04,43.0,148.0,0.9912,3.32,0.59,11.5,8
7.2,0.24,0.29,3.0,0.036,17.0,117.0,0.99411,3.36,0.68,10.1,6
7.5,0.41,0.15,3.7,0.104,29.0,94.0,0.99786,3.14,0.58,9.1,5
6.6,0.27,0.25,3.1,0.052,41.0,188.0,0.9915,3.24,0.4,11.3,5
6.8,0.16,0.36,1.3,0.034,32.0,98.0,0.99058,3.02,0.58,11.3,6
9.9,0.25,0.46,1.7,0.062,26.0,42.0,0.9959,3.18,0.83,10.6,6
6.8,0.53,0.35,3.8,0.034,26.0,109.0,0.9906,3.26,0.57,12.7,8
6.5,0.38,0.53,1.4,0.142,5.0,69.0,0.9926,3.14,0.52,10.1,4
6.8,0.51,0.01,2.1,0.074,9.0,25.0,0.9958,3.33,0.56,9.5,6
7.2,0.24,0.28,1.9,0.032,30.0,92.0,0.9914,3.1,0.39,10.9,6
11.6,0.58,0.66,2.2,0.074,10.0,47.0,1.0008,3.25,0.57,9.0,3
7.0,0.22,0.31,2.7,0.03,41.0,136.0,0.9898,3.16,0.37,12.7,7
7.6,0.48,0.28,10.4,0.049,57.0,205.0,0.99748,3.24,0.45,9.3,5
8.9,0.12,0.45,1.8,0.075,10.0,21.0,0.99552,3.41,0.76,11.9,7
6.0,0.28,0.29,19.3,0.051,36.0,174.0,0.99911,3.14,0.5,9.0,5
6.9,0.17,0.25,1.6,0.047,34.0,132.0,0.9914,3.16,0.48,11.4,5
11.9,0.38,0.49,2.7,0.098,12.0,42.0,1.0004,3.16,0.61,10.3,5
7.9,0.33,0.28,31.6,0.053,35.0,176.0,1.0103,3.15,0.38,8.8,6
7.2,0.19,0.27,11.2,0.061,46.0,149.0,0.99772,2.99,0.59,9.3,6
6.8,0.64,0.08,9.7,0.062,26.0,142.0,0.9972,3.37,0.46,8.9,4
5.9,0.2,0.4,1.3,0.047,23.0,92.0,0.99232,3.2,0.45,10.0,6
6.0,0.13,0.36,1.6,0.052,23.0,72.0,0.98974,3.1,0.5,11.5,7
6.6,0.64,0.28,4.4,0.032,19.0,78.0,0.99036,3.11,0.62,12.9,6
7.6,0.48,0.33,7.0,0.024,14.0,130.0,0.9918,3.25,0.45,12.5,7
7.2,0.23,0.32,8.5,0.058,47.0,186.0,0.9956,3.19,0.4,9.9,6
5.8,0.335,0.14,5.8,0.046,49.0,197.0,0.9937,3.3,0.71,10.3,5
8.9,0.29,0.35,1.9,0.067,25.0,57.0,0.997,3.18,1.36,10.3,6
6.6,0.285,0.49,11.4,0.035,57.0,137.0,0.99732,3.08,0.54,8.9,6
8.5,0.66,0.2,2.1,0.097,23.0,113.0,0.99733,3.13,0.48,9.2,5
6.0,0.28,0.24,17.8,0.047,42.0,111.0,0.99896,3.1,0.45,8.9,6
8.0,0.71,0.0,2.6,0.08,11.0,34.0,0.9976,3.44,0.53,9.5,5
7.1,0.43,0.61,11.8,0.045,54.0,155.0,0.9974,3.11,0.45,8.7,5
7.1,0.26,0.34,14.4,0.067,35.0,189.0,0.9986,3.07,0.53,9.1,7
6.5,0.16,0.34,1.4,0.029,29.0,133.0,0.99108,3.33,0.64,11.5,7
6.3,0.3,0.48,7.4,0.053,34.0,149.0,0.99472,3.18,0.53,9.8,5
6.4,0.33,0.44,8.9,0.055,52.0,164.0,0.99488,3.1,0.48,9.6,5
7.1,0.43,0.42,5.5,0.071,28.0,128.0,0.9973,3.42,0.71,10.5,5
6.7,0.19,0.34,1.0,0.022,22.0,94.0,0.9912,3.23,0.57,11.1,6
6.6,0.19,0.35,1.5,0.037,37.0,107.0,0.99006,3.18,0.68,12.0,7
6.1,0.38,0.47,1.4,0.051,59.0,210.0,0.99309,3.24,0.5,9.6,5
11.6,0.41,0.54,1.5,0.095,22.0,41.0,0.99735,3.02,0.76,9.9,7
6.0,0.31,0.32,7.4,0.175,47.0,159.0,0.9952,3.19,0.5,9.4,6
6.6,0.29,0.44,9.0,0.053,62.0,178.0,0.99685,3.02,0.45,8.9,5
7.6,0.54,0.23,2.0,0.029,13.0,151.0,0.9931,3.04,0.33,10.4,5
7.2,0.24,0.36,2.0,0.029,21.0,63.0,0.99076,3.13,0.63,12.5,6
8.7,0.52,0.09,2.5,0.091,20.0,49.0,0.9976,3.34,0.86,10.6,7
6.6,0.61,0.01,1.9,0.08,8.0,25.0,0.99746,3.69,0.73,10.5,5
5.2,0.365,0.08,13.5,0.041,37.0,142.0,0.997,3.46,0.39,9.9,6
6.3,0.13,0.42,1.1,0.043,63.0,146.0,0.99066,3.13,0.72,11.2,7
8.2,0.34,0.29,5.2,0.076,19.0,92.0,0.99138,2.95,0.39,12.5,6
7.8,0.16,0.41,1.7,0.026,29.0,140.0,0.991,3.02,0.78,12.5,6
6.8,0.14,0.18,1.4,0.047,30.0,90.0,0.99164,3.27,0.54,11.2,6
6.9,0.32,0.13,7.8,0.042,11.0,117.0,0.996,3.23,0.37,9.2,5
7.1,0.3,0.49,1.6,0.045,31.0,100.0,0.9942,3.4,0.59,10.2,5
5.7,0.26,0.24,17.8,0.059,23.0,124.0,0.99773,3.3,0.5,10.1,5
6.3,0.67,0.48,12.6,0.052,57.0,222.0,0.9979,3.17,0.52,9.3,6
6.4,0.15,0.4,1.3,0.053,61.0,146.0,0.99112,3.17,0.68,11.0,6
5.7,0.22,0.22,16.65,0.044,39.0,110.0,0.99855,3.24,0.48,9.0,6
6.4,0.31,0.5,5.8,0.038,42.0,111.0,0.99189,3.18,0.53,11.9,7
10.1,0.43,0.4,2.6,0.092,13.0,52.0,0.99834,3.22,0.64,10.0,7
7.1,0.28,0.44,1.8,0.032,32.0,107.0,0.9907,3.25,0.48,12.2,7
7.2,0.14,0.32,1.1,0.022,48.0,116.0,0.99218,3.04,0.67,10.0,6
8.0,0.37,0.31,4.7,0.038,3.0,127.0,0.99186,2.9,0.72,12.1,5
6.3,0.3,0.19,7.7,0.049,47.0,184.0,0.99514,3.22,0.48,9.5,5
6.0,0.34,0.66,15.9,0.046,26.0,164.0,0.9979,3.14,0.5,8.8,6
6.1,0.27,0.32,1.1,0.034,24.0,110.0,0.9898,3.36,0.4,12.5,6
5.2,0.34,0.37,6.2,0.031,42.0,133.0,0.99076,3.25,0.41,12.5,6
6.4,0.35,0.51,7.8,0.055,53.0,177.0,0.99502,3.12,0.45,9.6,5
7.2,0.24,0.24,1.7,0.045,18.0,161.0,0.99196,3.25,0.53,11.2,6
8.4,0.31,0.31,0.95,0.021,52.0,148.0,0.99038,2.93,0.32,11.5,5
6.6,0.34,0.25,4.8,0.038,16.0,121.0,0.99198,3.36,0.71,12.6,6
7.4,0.58,0.0,2.0,0.064,7.0,11.0,0.99562,3.45,0.58,11.3,6
6.2,0.25,0.25,1.4,0.03,35.0,105.0,0.9912,3.3,0.44,11.1,7
5.2,0.3,0.34,1.5,0.038,18.0,96.0,0.98942,3.56,0.48,13.0,8
8.1,0.24,0.33,10.2,0.048,46.0,141.0,0.9972,3.16,0.48,10.3,6
6.5,0.36,0.31,13.55,0.053,20.0,113.0,0.99544,3.2,0.56,11.0,6
9.5,0.86,0.26,1.9,0.079,13.0,28.0,0.99712,3.25,0.62,10.0,5
6.9,0.4,0.42,6.2,0.066,41.0,176.0,0.99552,3.12,0.54,9.4,5
6.9,0.23,0.33,12.8,0.056,44.0,169.0,0.998,3.42,0.42,9.8,6
5.9,0.25,0.24,7.4,0.044,21.0,113.0,0.99462,3.38,0.58,10.5,6
7.6,0.31,0.26,1.7,0.073,40.0,157.0,0.9938,3.1,0.46,9.8,5
6.0,0.27,0.3,14.7,0.044,15.0,144.0,0.99666,3.12,0.53,10.3,6
6.2,0.41,0.22,1.9,0.023,5.0,56.0,0.98928,3.04,0.79,13.0,7
6.1,0.6,0.08,1.8,0.071,14.0,45.0,0.99336,3.38,0.54,11.0,5
7.5,0.29,0.36,15.7,0.05,29.0,124.0,0.9968,3.06,0.54,10.4,5
7.0,0.27,0.29,3.9,0.059,28.0,199.0,0.9961,3.54,0.59,10.3,5
6.5,0.25,0.5,7.6,0.047,54.0,184.0,0.99572,3.17,0.45,9.2,5
7.4,0.34,0.28,12.1,0.049,31.0,149.0,0.99677,3.22,0.49,10.3,5
7.6,0.49,0.33,1.9,0.074,27.0,85.0,0.99706,3.41,0.58,9.0,5
7.4,0.32,0.55,16.6,0.056,53.0,238.0,1.0017,2.96,0.58,8.7,6
8.6,0.685,0.1,1.6,0.092,3.0,12.0,0.99745,3.31,0.65,9.55,6
12.5,0.56,0.49,2.4,0.064,5.0,27.0,0.9999,3.08,0.87,10.9,5
6.7,0.31,0.44,6.7,0.054,29.0,160.0,0.9952,3.04,0.44,9.6,5
7.2,0.19,0.31,1.4,0.046,37.0,135.0,0.9939,3.34,0.57,10.2,7
6.7,0.25,0.23,7.2,0.038,61.0,220.0,0.9952,3.14,0.35,9.5,5
6.7,0.34,0.26,1.9,0.038,58.0,138.0,0.9893,3.0,0.47,12.2,7
8.4,0.17,0.31,6.7,0.038,29.0,132.0,0.9945,3.1,0.32,10.6,7
6.3,0.18,0.22,1.5,0.043,45.0,155.0,0.99238,3.19,0.48,10.2,5
6.4,0.24,0.27,1.5,0.04,35.0,105.0,0.98914,3.13,0.3,12.4,6
8.7,0.33,0.38,3.3,0.063,10.0,19.0,0.99468,3.3,0.73,12.0,7
6.9,0.23,0.41,8.0,0.03,30.0,114.0,0.99368,3.22,0.54,11.0,6
7.6,0.27,0.42,2.6,0.044,29.0,110.0,0.9912,3.31,0.51,12.7,6
6.0,0.28,0.49,6.8,0.048,61.0,222.0,0.9953,3.19,0.47,9.3,5
6.0,0.38,0.26,6.0,0.034,42.0,134.0,0.9912,3.38,0.38,12.3,7
6.2,0.25,0.38,7.9,0.045,54.0,208.0,0.99572,3.17,0.46,9.1,5
7.1,0.68,0.07,1.9,0.075,16.0,51.0,0.99685,3.38,0.52,9.5,5
6.2,0.6,0.08,2.0,0.09,32.0,44.0,0.9949,3.45,0.58,10.5,5
5.2,0.44,0.04,1.4,0.036,43.0,119.0,0.9894,3.36,0.33,12.1,8
6.7,0.15,0.32,7.9,0.034,17.0,81.0,0.99512,3.29,0.31,10.0,6
6.1,0.28,0.27,8.0,0.048,41.0,162.0,0.99498,3.21,0.51,9.9,5
6.8,0.41,0.31,8.8,0.084,26.0,45.0,0.99824,3.38,0.64,10.1,6
7.0,0.32,0.31,6.4,0.031,38.0,115.0,0.99235,3.38,0.58,12.2,7
6.7,0.18,0.37,1.3,0.027,42.0,125.0,0.98939,3.24,0.37,12.8,7
6.9,0.54,0.04,3.0,0.077,7.0,27.0,0.9987,3.69,0.91,9.4,6
11.3,0.34,0.45,2.0,0.082,6.0,15.0,0.9988,2.94,0.66,9.2,6
7.5,0.28,0.39,10.2,0.045,59.0,209.0,0.9972,3.16,0.63,9.6,6
5.0,0.55,0.14,8.3,0.032,35.0,164.0,0.9918,3.53,0.51,12.5,8
5.7,0.22,0.22,16.65,0.044,39.0,110.0,0.99855,3.24,0.48,9.0,6
5.7,0.21,0.25,1.1,0.035,26.0,81.0,0.9902,3.31,0.52,11.4,6
8.3,0.6,0.25,2.2,0.118,9.0,38.0,0.99616,3.15,0.53,9.8,5
6.5,0.23,0.2,7.5,0.05,44.0,179.0,0.99504,3.18,0.48,9.533333333,5
6.6,0.26,0.28,9.4,0.028,13.0,121.0,0.99254,3.17,0.34,12.1,6
6.7,0.61,0.21,1.65,0.117,40.0,240.0,0.9938,3.11,0.57,9.3,5
8.1,0.24,0.32,10.5,0.03,34.0,105.0,0.99407,3.11,0.42,11.8,6
6.3,0.23,0.21,5.1,0.035,29.0,142.0,0.9942,3.36,0.33,10.1,7
6.5,0.25,0.27,15.2,0.049,75.0,217.0,0.9972,3.19,0.39,9.9,5
6.8,0.33,0.31,7.4,0.045,34.0,143.0,0.99226,3.06,0.55,12.2,6
6.8,0.28,0.4,22.0,0.048,48.0,167.0,1.001,2.93,0.5,8.7,5
7.9,0.35,0.24,15.6,0.072,44.0,229.0,0.99785,3.03,0.59,10.5,6
5.8,0.17,0.3,1.4,0.037,55.0,130.0,0.9909,3.29,0.38,11.3,6
6.6,0.5,0.26,11.3,0.029,32.0,110.0,0.99302,3.27,0.78,12.9,8
7.7,0.2,0.44,13.9,0.05,44.0,130.0,0.99855,3.11,0.48,10.0,6
6.8,0.18,0.46,1.4,0.064,37.0,160.0,0.9924,3.37,0.45,11.1,5
9.1,0.64,0.23,3.1,0.095,13.0,38.0,0.9998,3.28,0.59,9.7,5
6.8,0.25,0.34,4.7,0.031,34.0,134.0,0.9927,3.21,0.38,10.6,6
6.8,0.33,0.3,2.1,0.047,35.0,147.0,0.9886,3.24,0.56,13.4,6
7.5,0.64,0.0,2.4,0.077,18.0,29.0,0.9965,3.32,0.6,10.0,6
7.0,0.45,0.34,19.8,0.04,12.0,67.0,0.9976,3.07,0.38,11.0,6
7.8,0.21,0.49,1.35,0.052,6.0,48.0,0.9911,3.15,0.28,11.4,5
8.5,0.3,0.28,3.1,0.054,54.0,174.0,0.99543,3.21,0.43,9.4,6
8.2,0.34,0.49,8.0,0.046,55.0,223.0,0.996,3.08,0.52,10.7,6
6.1,0.14,0.25,1.3,0.047,37.0,173.0,0.9925,3.35,0.46,10.0,6
6.1,0.19,0.37,2.6,0.041,24.0,99.0,0.99153,3.18,0.5,10.9,6
6.2,0.28,0.43,13.0,0.039,64.0,233.0,0.99745,3.08,0.38,8.9,5
7.3,0.45,0.36,5.9,0.074,12.0,87.0,0.9978,3.33,0.83,10.5,5
6.7,0.17,0.5,2.1,0.043,27.0,122.0,0.9923,3.15,0.45,10.3,6
7.2,0.19,0.31,1.6,0.062,31.0,173.0,0.9917,3.35,0.44,11.7,6
6.2,0.2,0.32,2.8,0.05,17.0,126.0,0.9936,3.18,0.55,9.4,6
7.7,0.41,0.76,1.8,0.611,8.0,45.0,0.9968,3.06,1.26,9.4,5
7.7,0.32,0.48,2.3,0.04,28.0,114.0,0.9911,3.2,0.52,12.8,7
7.5,0.42,0.34,4.3,0.04,34.0,108.0,0.99155,3.14,0.45,12.8,8
7.4,0.68,0.16,1.8,0.078,12.0,39.0,0.9977,3.5,0.7,9.9,6
8.0,0.28,0.42,7.1,0.045,41.0,169.0,0.9959,3.17,0.43,10.6,5
7.2,0.4,0.38,2.2,0.03,40.0,109.0,0.99075,3.27,0.46,12.6,6
6.6,0.37,0.47,6.5,0.061,23.0,150.0,0.9954,3.14,0.45,9.6,6
6.3,0.22,0.57,1.4,0.208,14.0,96.0,0.9932,3.16,0.43,10.0,6
8.5,0.23,0.34,1.3,0.035,54.0,110.0,0.99176,3.07,0.55,11.0,7
5.8,0.315,0.19,19.4,0.031,28.0,106.0,0.99704,2.97,0.4,10.55,6
6.0,0.32,0.46,1.5,0.05,56.0,189.0,0.99308,3.24,0.49,9.6,5
10.2,0.23,0.37,2.2,0.057,14.0,36.0,0.99614,3.23,0.49,9.3,4
6.3,0.76,0.0,2.9,0.072,26.0,52.0,0.99379,3.51,0.6,11.5,6
6.1,0.28,0.24,19.95,0.074,32.0,174.0,0.99922,3.19,0.44,9.3,6
7.7,0.29,0.48,2.3,0.049,36.0,178.0,0.9931,3.17,0.64,10.6,6
10.9,0.53,0.49,4.6,0.118,10.0,17.0,1.0002,3.07,0.56,11.7,6
6.8,0.59,0.06,6.0,0.06,11.0,18.0,0.9962,3.41,0.59,10.8,7
7.6,0.39,0.22,2.8,0.036,19.0,113.0,0.9926,3.03,0.29,10.2,5
8.9,0.13,0.49,1.0,0.028,6.0,24.0,0.9926,2.91,0.32,9.9,5
10.6,0.44,0.68,4.1,0.114,6.0,24.0,0.997,3.06,0.66,13.4,6
7.5,0.23,0.68,11.0,0.047,37.0,133.0,0.9978,2.99,0.38,8.8,5
9.7,0.66,0.34,2.6,0.094,12.0,88.0,0.99796,3.26,0.66,10.1,5
7.0,0.36,0.3,5.0,0.04,40.0,143.0,0.99173,3.33,0.42,12.2,7
7.5,0.32,0.26,1.8,0.042,13.0,133.0,0.9938,3.07,0.38,9.5,5
7.3,0.65,0.0,1.2,0.065,15.0,21.0,0.9946,3.39,0.47,10.0,7
7.7,0.42,0.31,9.2,0.048,22.0,221.0,0.9969,3.06,0.61,9.2,6
6.0,0.21,0.3,8.7,0.036,47.0,127.0,0.99368,3.18,0.39,10.6,5
6.6,0.39,0.39,11.9,0.057,51.0,221.0,0.99851,3.26,0.51,8.9,6
7.6,0.24,0.44,3.8,0.037,49.0,146.0,0.9911,3.06,0.37,11.6,6
8.0,0.25,0.35,1.1,0.054,13.0,136.0,0.99366,3.08,0.55,9.5,5
7.2,0.37,0.32,2.0,0.062,15.0,28.0,0.9947,3.23,0.73,11.3,7
7.9,0.34,0.36,1.9,0.065,5.0,10.0,0.99419,3.27,0.54,11.2,7
7.4,0.24,0.36,2.0,0.031,27.0,139.0,0.99055,3.28,0.48,12.5,9
6.1,0.37,0.36,4.7,0.035,36.0,116.0,0.991,3.31,0.62,12.6,6
5.8,0.26,0.24,9.2,0.044,55.0,152.0,0.9961,3.31,0.38,9.4,5
6.8,0.43,0.26,5.2,0.043,40.0,176.0,0.99116,3.17,0.41,12.3,6
6.4,0.125,0.29,5.85,0.042,24.0,99.0,0.992,3.23,0.32,12.0,7
7.9,0.4,0.29,1.8,0.157,1.0,44.0,0.9973,3.3,0.92,9.5,6
6.1,0.28,0.25,6.9,0.056,44.0,201.0,0.9955,3.19,0.4,9.1,6
8.9,0.32,0.31,2.0,0.088,12.0,19.0,0.9957,3.17,0.55,10.4,6
6.4,0.44,0.44,14.4,0.048,29.0,228.0,0.99955,3.26,0.54,8.8,7
6.7,0.3,0.74,5.0,0.038,35.0,157.0,0.9945,3.21,0.46,9.9,5
6.1,0.44,0.28,4.25,0.032,43.0,132.0,0.9916,3.26,0.47,11.3,7
6.1,0.55,0.15,9.8,0.031,19.0,125.0,0.9957,3.36,0.47,10.2,6
7.0,0.69,0.0,1.9,0.114,3.0,10.0,0.99636,3.35,0.6,9.7,6
6.8,0.26,0.56,11.9,0.043,64.0,226.0,0.997,3.02,0.63,9.3,5
6.9,0.25,0.33,1.2,0.035,35.0,158.0,0.99082,3.02,0.58,11.3,6
12.5,0.38,0.6,2.6,0.081,31.0,72.0,0.9996,3.1,0.73,10.5,5
9.2,0.56,0.18,1.6,0.078,10.0,21.0,0.99576,3.15,0.49,9.9,5
7.3,0.2,0.26,1.6,0.04,36.0,123.0,0.99238,3.34,0.44,10.8,6
6.4,0.33,0.28,4.0,0.04,24.0,81.0,0.9903,3.26,0.64,12.6,7
5.7,0.1,0.27,1.3,0.047,21.0,100.0,0.9928,3.27,0.46,9.5,5
6.9,0.19,0.49,6.6,0.036,49.0,172.0,0.9932,3.2,0.27,11.5,6
6.6,0.26,0.24,7.2,0.038,28.0,137.0,0.9952,3.35,0.6,10.4,6
6.5,0.46,0.14,2.4,0.114,9.0,37.0,0.99732,3.66,0.65,9.8,5
7.6,0.29,0.42,1.3,0.035,18.0,86.0,0.9908,2.99,0.39,11.3,5
6.1,0.22,0.4,1.85,0.031,25.0,111.0,0.98966,3.03,0.3,11.8,7
7.9,0.22,0.38,8.0,0.043,46.0,152.0,0.9934,3.12,0.32,11.5,7
6.1,0.28,0.22,1.8,0.034,32.0,116.0,0.9898,3.36,0.44,12.6,6
6.8,0.25,0.34,14.0,0.032,47.0,133.0,0.9952,3.37,0.5,12.2,7
7.1,0.26,0.32,14.45,0.074,29.0,107.0,0.998,2.96,0.42,9.2,6
8.4,0.18,0.42,5.1,0.036,7.0,77.0,0.9939,3.16,0.52,11.7,5
6.1,0.24,0.32,9.0,0.031,41.0,134.0,0.99234,3.25,0.26,12.3,7
5.8,0.2,0.16,1.4,0.042,44.0,99.0,0.98912,3.23,0.37,12.2,6
7.2,0.6,0.04,2.5,0.076,18.0,88.0,0.99745,3.53,0.55,9.5,5
6.3,0.4,0.32,10.6,0.049,38.0,209.0,0.9981,3.47,0.59,9.3,6
7.9,0.34,0.42,2.0,0.086,8.0,19.0,0.99546,3.35,0.6,11.4,6
7.6,0.27,0.52,3.2,0.043,28.0,152.0,0.99129,3.02,0.53,11.4,6
6.6,0.21,0.36,0.8,0.034,48.0,113.0,0.99165,3.24,0.68,10.5,6
11.9,0.38,0.49,2.7,0.098,12.0,42.0,1.0004,3.16,0.61,10.3,5
6.2,0.28,0.51,7.9,0.056,49.0,206.0,0.9956,3.18,0.52,9.4,5
7.5,0.34,0.35,6.0,0.034,12.0,126.0,0.9924,3.16,0.39,12.0,7
6.7,0.3,0.5,12.1,0.045,38.0,127.0,0.9974,3.04,0.53,8.9,6
5.7,0.16,0.26,6.3,0.043,28.0,113.0,0.9936,3.06,0.58,9.9,6
8.3,0.15,0.39,1.3,0.055,32.0,146.0,0.993,3.08,0.39,10.5,6
6.3,0.18,0.24,3.4,0.053,20.0,119.0,0.99373,3.11,0.52,9.2,6
6.1,0.36,0.16,6.4,0.037,36.0,198.0,0.9944,3.17,0.62,9.9,6
6.1,0.3,0.56,2.8,0.044,47.0,179.0,0.9924,3.3,0.57,10.9,7
8.8,0.24,0.54,2.5,0.083,25.0,57.0,0.9983,3.39,0.54,9.2,5
11.5,0.35,0.49,3.3,0.07,10.0,37.0,1.0003,3.32,0.91,11.0,6
7.3,0.2,0.44,1.4,0.045,21.0,98.0,0.9924,3.15,0.46,10.0,7
9.9,0.44,0.46,2.2,0.091,10.0,41.0,0.99638,3.18,0.69,11.9,6
10.9,0.39,0.47,1.8,0.118,6.0,14.0,0.9982,3.3,0.75,9.8,6
7.3,0.73,0.24,1.9,0.108,18.0,102.0,0.9967,3.26,0.59,9.3,5
6.0,0.39,0.13,1.2,0.042,60.0,172.0,0.99114,3.06,0.52,10.6,5
9.6,0.88,0.28,2.4,0.086,30.0,147.0,0.9979,3.24,0.53,9.4,5
10.4,0.41,0.55,3.2,0.076,22.0,54.0,0.9996,3.15,0.89,9.9,6
7.3,0.41,0.24,6.8,0.057,41.0,163.0,0.9949,3.2,0.41,9.9,6
6.9,0.34,0.49,7.3,0.045,61.0,206.0,0.9957,3.09,0.4,9.0,6
7.0,0.5,0.25,2.0,0.07,3.0,22.0,0.9963,3.25,0.63,9.2,5
6.9,0.26,0.33,12.6,0.051,59.0,173.0,0.998,3.39,0.38,9.9,5
6.2,0.38,0.18,7.4,0.095,28.0,195.0,0.99773,3.53,0.71,9.2,4
8.2,0.25,0.46,3.75,0.05,14.0,102.0,0.99524,3.28,0.58,9.7,5
7.1,0.24,0.34,1.2,0.045,6.0,132.0,0.99132,3.16,0.46,11.2,4
8.6,0.37,0.7,12.15,0.039,21.0,158.0,0.9983,3.0,0.73,9.3,6
5.4,0.58,0.08,1.9,0.059,20.0,31.0,0.99484,3.5,0.64,10.2,6
7.1,0.33,0.3,3.3,0.034,30.0,102.0,0.9912,3.08,0.31,12.3,7
7.9,0.28,0.32,3.6,0.038,9.0,76.0,0.992,3.05,0.31,11.7,4
6.2,0.23,0.23,1.2,0.018,18.0,128.0,0.99178,3.05,0.28,10.6,5
6.3,0.28,0.24,8.45,0.031,32.0,172.0,0.9958,3.39,0.57,9.7,7
8.1,0.2,0.28,0.9,0.023,49.0,87.0,0.99062,2.92,0.36,11.1,6
6.2,0.36,0.45,10.4,0.06,22.0,184.0,0.99711,3.31,0.56,9.8,6
6.5,0.53,0.06,2.0,0.063,29.0,44.0,0.99489,3.38,0.83,10.3,6
8.3,0.34,0.4,2.4,0.065,24.0,48.0,0.99554,3.34,0.86,11.0,6
6.9,0.45,0.27,4.7,0.035,17.0,80.0,0.99058,3.12,0.36,12.5,7
8.2,0.42,0.49,2.6,0.084,32.0,55.0,0.9988,3.34,0.75,8.7,6
7.3,0.38,0.21,2.0,0.08,7.0,35.0,0.9961,3.33,0.47,9.5,5
7.3,0.34,0.3,1.3,0.057,25.0,173.0,0.9948,3.26,0.51,9.1,6
7.7,0.34,0.58,11.1,0.039,41.0,151.0,0.9978,3.06,0.49,8.6,5
6.6,0.28,0.42,8.2,0.044,60.0,196.0,0.99562,3.14,0.48,9.4,5
7.1,0.23,0.39,1.6,0.032,12.0,65.0,0.9898,3.25,0.4,12.7,7
7.4,0.4,0.29,5.4,0.044,31.0,122.0,0.994,3.3,0.5,11.1,8
6.3,0.33,0.2,17.9,0.066,36.0,161.0,0.9991,3.14,0.51,8.8,5
6.5,0.32,0.12,11.5,0.033,35.0,165.0,0.9974,3.22,0.32,9.0,5
10.2,0.24,0.49,2.4,0.075,10.0,28.0,0.9978,3.14,0.61,10.4,5
5.6,0.23,0.25,8.0,0.043,31.0,101.0,0.99429,3.19,0.42,10.4,6
7.7,0.28,0.58,12.1,0.046,60.0,177.0,0.9983,3.08,0.46,8.9,5
9.0,0.45,0.49,2.6,0.084,21.0,75.0,0.9987,3.35,0.57,9.7,5
6.5,0.25,0.27,17.4,0.064,29.0,140.0,0.99776,3.2,0.49,10.1,6
8.3,0.19,0.49,1.2,0.051,11.0,137.0,0.9918,3.06,0.46,11.0,6
6.2,0.26,0.37,7.1,0.047,54.0,201.0,0.99523,3.19,0.48,9.5,6
6.4,0.225,0.48,2.2,0.115,29.0,104.0,0.9918,3.24,0.58,12.1,6
7.0,0.2,0.74,0.8,0.044,19.0,163.0,0.9931,3.46,0.53,10.2,5
5.8,0.3,0.33,3.5,0.033,25.0,116.0,0.99057,3.2,0.44,11.7,6
6.7,0.45,0.3,5.3,0.036,27.0,165.0,0.99122,3.12,0.46,12.2,6
6.6,0.21,0.29,5.35,0.029,43.0,106.0,0.99112,2.93,0.43,11.5,7
7.7,0.25,0.3,7.8,0.038,67.0,196.0,0.99555,3.1,0.5,10.1,5
7.4,0.37,0.35,5.7,0.061,12.0,94.0,0.9965,3.48,0.69,10.7,6
6.3,0.41,0.22,7.3,0.035,23.0,117.0,0.99172,3.2,0.39,11.94,7
7.0,0.31,0.29,1.4,0.037,33.0,128.0,0.9896,3.12,0.36,12.2,7
7.5,0.18,0.31,6.5,0.029,53.0,160.0,0.99276,3.03,0.38,10.9,6
8.3,0.26,0.42,2.0,0.08,11.0,27.0,0.9974,3.21,0.8,9.4,6
8.0,0.42,0.32,2.5,0.08,26.0,122.0,0.99801,3.22,1.07,9.7,5
6.1,0.31,0.58,5.0,0.039,36.0,114.0,0.9909,3.3,0.6,12.3,8
6.9,0.765,0.02,2.3,0.063,35.0,63.0,0.9975,3.57,0.78,9.9,5
7.0,0.23,0.26,7.2,0.041,21.0,90.0,0.99509,3.22,0.55,9.5,6
6.6,0.21,0.34,5.6,0.046,30.0,140.0,0.99299,3.22,0.38,11.0,5
6.9,0.19,0.38,1.15,0.023,30.0,105.0,0.99047,3.11,0.38,11.4,5
6.7,0.19,0.32,3.7,0.041,26.0,76.0,0.99173,2.9,0.57,10.5,7
6.5,0.19,0.26,5.2,0.04,31.0,140.0,0.995,3.26,0.68,9.5,6
6.4,0.33,0.44,8.9,0.055,52.0,164.0,0.99488,3.1,0.48,9.6,5
8.6,0.485,0.29,4.1,0.026,19.0,101.0,0.9918,3.01,0.38,12.4,5
6.3,0.57,0.28,2.1,0.048,13.0,49.0,0.99374,3.41,0.6,12.8,5
7.2,0.29,0.53,18.15,0.047,59.0,182.0,0.9992,3.09,0.52,9.6,5
6.8,0.24,0.49,19.3,0.057,55.0,247.0,1.00055,3.0,0.56,8.7,5
7.0,0.16,0.25,14.3,0.044,27.0,149.0,0.998,2.91,0.46,9.2,6
6.0,0.5,0.0,1.4,0.057,15.0,26.0,0.99448,3.36,0.45,9.5,5
7.1,0.31,0.5,14.5,0.059,6.0,148.0,0.9983,2.94,0.44,9.1,5
7.4,0.16,0.3,1.4,0.064,34.0,166.0,0.99136,3.11,0.42,11.43333333,6
5.7,0.18,0.26,2.2,0.023,21.0,95.0,0.9893,3.07,0.54,12.3,6
5.5,0.24,0.32,8.7,0.06,19.0,102.0,0.994,3.27,0.31,10.4,5
8.5,0.25,0.31,2.8,0.032,11.0,61.0,0.99189,3.06,0.44,11.5,6
7.4,0.105,0.34,12.2,0.05,57.0,146.0,0.9973,3.16,0.37,9.0,6
7.3,0.23,0.34,9.3,0.052,19.0,86.0,0.99574,3.04,0.56,10.0,5
7.2,0.21,0.28,2.7,0.033,38.0,94.0,0.99075,2.99,0.43,11.8,7
6.7,0.16,0.32,12.5,0.035,18.0,156.0,0.99666,2.88,0.36,9.0,6
7.1,0.59,0.0,2.2,0.078,26.0,44.0,0.99522,3.42,0.68,10.8,6
6.2,0.27,0.32,8.8,0.047,65.0,224.0,0.9961,3.17,0.47,8.9,5
7.1,0.2,0.3,0.9,0.019,4.0,28.0,0.98931,3.2,0.36,12.0,6
6.1,0.35,0.07,1.4,0.069,22.0,108.0,0.9934,3.23,0.52,9.2,5
7.0,0.54,0.0,2.1,0.079,39.0,55.0,0.9956,3.39,0.84,11.4,6
7.0,0.24,0.32,1.3,0.037,39.0,123.0,0.992,3.17,0.42,11.2,8
7.0,0.44,0.24,12.1,0.056,68.0,210.0,0.99718,3.05,0.5,9.5,5
7.6,0.2,0.3,14.2,0.056,53.0,212.5,0.999,3.14,0.46,8.9,8
7.4,0.18,0.24,1.4,0.047,21.0,106.0,0.99383,3.52,0.64,10.5,7
6.1,0.15,0.35,15.8,0.042,55.0,158.0,0.99642,3.24,0.37,10.6,5
7.6,0.27,0.3,9.2,0.018,23.0,96.0,0.9938,3.08,0.29,11.0,6
7.0,0.28,0.33,14.6,0.043,47.0,168.0,0.9994,3.34,0.67,8.8,6
6.8,0.59,0.1,1.7,0.063,34.0,53.0,0.9958,3.41,0.67,9.7,5
10.4,0.38,0.46,2.1,0.104,6.0,10.0,0.99664,3.12,0.65,11.8,7
7.5,0.31,0.51,14.8,0.039,62.0,204.0,0.9982,3.06,0.6,9.5,5
7.2,0.21,0.37,1.6,0.049,23.0,94.0,0.9924,3.16,0.48,10.9,7
6.2,0.25,0.28,8.5,0.035,28.0,108.0,0.99486,3.4,0.42,10.4,6
6.2,0.32,0.12,4.8,0.054,6.0,97.0,0.99424,3.16,0.5,9.3,5
7.5,0.58,0.14,2.2,0.077,27.0,60.0,0.9963,3.28,0.59,9.8,5
6.3,0.13,0.42,1.1,0.043,63.0,146.0,0.99066,3.13,0.72,11.2,7
11.1,0.42,0.47,2.65,0.085,9.0,34.0,0.99736,3.24,0.77,12.1,7
6.7,0.2,0.3,1.4,0.025,17.0,76.0,0.99104,3.11,0.44,11.0,6
12.3,0.5,0.49,2.2,0.089,5.0,14.0,1.0002,3.19,0.44,9.6,5
7.0,0.43,0.36,1.6,0.089,14.0,37.0,0.99615,3.34,0.56,9.2,6
6.0,0.28,0.27,2.3,0.051,23.0,147.0,0.994,3.23,0.67,10.3,6
7.0,0.31,0.26,7.4,0.069,28.0,160.0,0.9954,3.13,0.46,9.8,6
7.3,0.28,0.36,12.7,0.04,38.0,140.0,0.998,3.3,0.79,9.6,6
6.6,0.46,0.49,7.4,0.052,19.0,184.0,0.9956,3.11,0.38,9.0,5
6.3,0.16,0.22,1.3,0.046,18.0,66.0,0.99307,3.61,0.55,10.3,6
9.2,0.58,0.2,3.0,0.081,15.0,115.0,0.998,3.23,0.59,9.5,5
10.4,0.28,0.54,2.7,0.105,5.0,19.0,0.9988,3.25,0.63,9.5,5
6.7,0.18,0.28,10.2,0.039,29.0,115.0,0.99469,3.11,0.45,10.9,7
7.0,0.32,0.29,7.6,0.025,35.0,124.0,0.99162,3.15,0.65,12.8,7
5.1,0.33,0.22,1.6,0.027,18.0,89.0,0.9893,3.51,0.38,12.5,7
7.8,0.53,0.04,1.7,0.076,17.0,31.0,0.9964,3.33,0.56,10.0,6
7.6,0.17,0.36,4.5,0.042,26.0,102.0,0.99427,3.09,0.47,9.5,5
7.5,0.18,0.72,9.6,0.039,53.0,151.0,0.99802,3.03,0.46,8.9,5
5.2,0.2,0.27,3.2,0.047,16.0,93.0,0.99235,3.44,0.53,10.1,7
8.0,0.27,0.57,10.4,0.053,18.0,134.0,0.99732,3.12,0.68,9.0,5
11.5,0.31,0.51,2.2,0.079,14.0,28.0,0.9982,3.03,0.93,9.8,6
8.8,0.31,0.4,2.8,0.109,7.0,16.0,0.99614,3.31,0.79,11.8,7
7.6,0.43,0.31,2.1,0.069,13.0,74.0,0.9958,3.26,0.54,9.9,6
6.9,0.23,0.34,2.7,0.032,24.0,121.0,0.9902,3.14,0.38,12.4,7
7.0,0.24,0.3,6.7,0.039,37.0,125.0,0.99436,3.2,0.39,9.9,5
10.6,0.31,0.49,2.5,0.067,6.0,21.0,0.9987,3.26,0.86,10.7,6
5.6,0.41,0.22,7.1,0.05,44.0,154.0,0.9931,3.3,0.4,10.5,5
5.8,0.28,0.3,3.9,0.026,36.0,105.0,0.98963,3.26,0.58,12.75,6
6.2,0.22,0.3,12.4,0.054,108.0,152.0,0.99728,3.1,0.47,9.5,6
6.9,0.19,0.39,8.0,0.028,22.0,84.0,0.994,3.11,0.66,10.8,6
5.9,0.32,0.28,4.7,0.039,34.0,94.0,0.98964,3.22,0.57,13.1,7
6.5,0.18,0.29,1.7,0.035,39.0,144.0,0.9927,3.49,0.5,10.5,6
7.0,0.19,0.23,5.7,0.123,27.0,104.0,0.9954,3.04,0.54,9.4,6
6.9,0.4,0.56,11.2,0.043,40.0,142.0,0.9975,3.14,0.46,8.7,5
6.6,0.32,0.34,7.7,0.044,63.0,212.0,0.99526,3.22,0.48,9.7,6
6.8,0.31,0.3,8.0,0.028,33.0,122.0,0.99164,3.13,0.63,12.6,7
6.4,0.17,0.27,6.7,0.036,88.0,223.0,0.9948,3.28,0.35,10.2,6
6.9,0.28,0.4,8.2,0.036,15.0,95.0,0.9944,3.17,0.33,10.2,5
8.0,0.26,0.36,2.0,0.054,30.0,121.0,0.992,3.09,0.72,11.6,7
8.5,0.21,0.26,9.25,0.034,73.0,142.0,0.9945,3.05,0.37,11.4,6
5.9,0.28,0.34,3.6,0.04,50.0,194.0,0.9912,3.31,0.52,11.6,6
9.9,0.54,0.45,2.3,0.071,16.0,40.0,0.9991,3.39,0.62,9.4,5
7.0,0.15,0.3,13.3,0.049,46.0,120.0,0.99704,3.2,0.36,9.5,7
9.6,0.5,0.36,2.8,0.116,26.0,55.0,0.99722,3.18,0.68,10.9,5
7.4,0.32,0.22,1.7,0.051,50.0,179.0,0.9955,3.28,0.69,8.9,5
6.0,0.14,0.37,1.2,0.032,63.0,148.0,0.99185,3.32,0.44,11.2,5
9.5,0.885,0.27,2.3,0.084,31.0,145.0,0.9978,3.24,0.53,9.4,5
6.6,0.545,0.04,2.5,0.031,48.0,111.0,0.9906,3.14,0.32,11.9,5
7.5,0.24,0.31,13.1,0.05,26.0,180.0,0.99884,3.05,0.53,9.1,6
8.6,0.485,0.29,4.1,0.026,19.0,101.0,0.9918,3.01,0.38,12.4,5
6.1,0.21,0.19,1.4,0.046,51.0,131.0,0.99184,3.22,0.39,10.5,5
6.2,0.47,0.21,1.0,0.044,13.0,98.0,0.99345,3.14,0.46,9.2,5
6.4,0.25,0.32,0.9,0.034,40.0,114.0,0.99114,3.31,0.58,10.8,7
6.7,0.29,0.49,4.7,0.034,35.0,156.0,0.9945,3.13,0.45,9.9,6
5.6,0.23,0.29,3.1,0.023,19.0,89.0,0.99068,3.25,0.51,11.2,6
6.8,0.23,0.32,1.6,0.026,43.0,147.0,0.9904,3.29,0.54,12.5,6
6.8,0.22,0.31,6.3,0.035,33.0,170.0,0.9918,3.24,0.66,12.6,6
6.1,0.36,0.33,1.1,0.05,24.0,169.0,0.9927,3.15,0.78,9.5,6
8.7,0.78,0.51,1.7,0.415,12.0,66.0,0.99623,3.0,1.17,9.2,5
7.4,0.27,0.26,11.8,0.053,55.0,173.0,0.99699,3.11,0.6,9.8,5
8.4,0.36,0.32,2.2,0.081,32.0,79.0,0.9964,3.3,0.72,11.0,6
7.4,0.38,0.34,8.3,0.052,44.0,168.0,0.99627,3.11,0.52,9.2,5
7.5,0.55,0.24,2.0,0.078,10.0,28.0,0.9983,3.45,0.78,9.5,6
7.2,0.38,0.31,2.0,0.056,15.0,29.0,0.99472,3.23,0.76,11.3,8
8.9,0.33,0.32,1.5,0.047,11.0,200.0,0.9954,3.19,0.46,9.4,5
7.7,0.16,0.41,1.7,0.048,60.0,173.0,0.9932,3.24,0.66,11.2,7
8.3,0.2,0.35,0.9,0.05,12.0,74.0,0.992,3.13,0.38,10.5,6
5.7,0.26,0.27,4.1,0.201,73.5,189.5,0.9942,3.27,0.38,9.4,6
7.1,0.31,0.47,13.6,0.056,54.0,197.0,0.9978,3.1,0.49,9.3,5
5.4,0.3,0.3,1.2,0.029,25.0,93.0,0.98742,3.31,0.4,13.6,7
6.6,0.38,0.18,1.2,0.042,20.0,84.0,0.9927,3.22,0.45,10.1,4
6.5,0.28,0.33,15.7,0.053,51.0,190.0,0.9978,3.22,0.51,9.7,6
6.6,0.285,0.49,11.4,0.035,57.0,137.0,0.99732,3.08,0.54,8.9,6
6.6,0.24,0.27,1.4,0.057,33.0,152.0,0.9934,3.22,0.56,9.5,6
10.1,0.38,0.5,2.4,0.104,6.0,13.0,0.99643,3.22,0.65,11.6,7
6.0,0.24,0.41,1.3,0.036,42.0,118.0,0.99018,3.04,0.64,11.75,6
5.7,0.335,0.34,1.0,0.04,13.0,174.0,0.992,3.27,0.66,10.0,5
6.4,0.2,0.22,7.4,0.032,53.0,172.0,0.99404,3.24,0.58,11.0,6
7.2,0.27,0.28,15.2,0.046,6.0,41.0,0.99665,3.17,0.39,10.9,6
5.6,0.255,0.57,10.7,0.056,66.0,171.0,0.99464,3.25,0.61,10.4,7
6.2,0.23,0.38,1.6,0.044,12.0,113.0,0.99176,3.3,0.73,11.4,5
6.7,0.28,0.28,2.4,0.012,36.0,100.0,0.99064,3.26,0.39,11.7,7
5.8,0.33,0.2,16.05,0.047,26.0,166.0,0.9976,3.09,0.46,8.9,5
13.2,0.46,0.52,2.2,0.071,12.0,35.0,1.0006,3.1,0.56,9.0,6
7.4,0.24,0.22,10.7,0.042,26.0,81.0,0.9954,2.86,0.36,9.7,6
8.1,0.2,0.28,0.9,0.023,49.0,87.0,0.99062,2.92,0.36,11.1,6
6.7,0.34,0.54,16.3,0.047,44.0,181.0,0.9987,3.04,0.56,8.8,5
6.5,0.29,0.52,7.9,0.049,35.0,192.0,0.99551,3.16,0.51,9.5,6
6.1,0.715,0.1,2.6,0.053,13.0,27.0,0.99362,3.57,0.5,11.9,5
7.1,0.37,0.3,6.2,0.04,49.0,139.0,0.99021,3.17,0.27,13.6,6
11.5,0.59,0.59,2.6,0.087,13.0,49.0,0.9988,3.18,0.65,11.0,6
7.3,0.28,0.36,12.7,0.04,38.0,140.0,0.998,3.3,0.79,9.6,6
9.3,0.33,0.45,1.5,0.057,19.0,37.0,0.99498,3.18,0.89,11.1,7
7.2,0.32,0.47,5.1,0.044,19.0,65.0,0.991,3.03,0.41,12.6,4
6.9,0.54,0.26,12.7,0.049,59.0,195.0,0.99596,3.26,0.54,10.5,6
8.7,0.63,0.28,2.7,0.096,17.0,69.0,0.99734,3.26,0.63,10.2,6
7.0,0.39,0.21,10.7,0.098,13.0,91.0,0.99657,3.03,0.47,9.3,5
6.3,0.35,0.26,17.6,0.061,59.0,198.0,0.99918,3.11,0.49,8.8,5
6.4,0.3,0.27,4.4,0.055,17.0,135.0,0.9925,3.23,0.44,12.2,6
6.8,0.52,0.32,13.2,0.044,54.0,221.0,0.9972,3.27,0.5,9.6,6
6.5,0.13,0.27,2.6,0.035,32.0,76.0,0.9914,3.21,0.76,11.33333333,6
7.0,0.5,0.14,1.8,0.078,10.0,23.0,0.99636,3.53,0.61,10.4,5
