9.9,0.49,0.23,2.4,0.087,19.0,115.0,0.9948,2.77,0.44,9.4,6
7.7,0.28,0.35,15.3,0.056,31.0,117.0,0.9998,3.27,0.5,9.6,5
11.6,0.475,0.4,1.4,0.091,6.0,28.0,0.99704,3.07,0.65,10.03333333,6
7.7,0.18,0.34,2.7,0.066,15.0,58.0,0.9947,3.37,0.78,11.8,6
7.6,0.25,1.23,4.6,0.035,51.0,294.0,0.99018,3.03,0.43,13.1,6
7.1,0.35,0.27,3.1,0.034,28.0,134.0,0.9897,3.26,0.38,13.1,7
6.2,0.235,0.34,1.9,0.036,4.0,117.0,0.99032,3.4,0.44,12.2,5
6.7,0.34,0.4,2.1,0.033,34.0,111.0,0.98924,2.97,0.48,12.2,7
7.0,0.45,0.34,2.7,0.082,16.0,72.0,0.998,3.55,0.6,9.5,5
6.9,0.28,0.27,2.1,0.036,42.0,121.0,0.9926,3.42,0.49,10.8,7
7.0,0.44,0.24,12.1,0.056,68.0,210.0,0.99718,3.05,0.5,9.5,5
5.1,0.21,0.28,1.4,0.047,48.0,148.0,0.99168,3.5,0.49,10.4,5
8.6,0.635,0.68,1.8,0.403,19.0,56.0,0.99632,3.02,1.15,9.3,5
5.0,0.455,0.18,1.9,0.036,33.0,106.0,0.98746,3.21,0.83,14.0,7
6.1,0.17,0.21,1.9,0.09,44.0,130.0,0.99255,3.07,0.41,9.7,5
6.3,0.29,0.29,3.3,0.037,32.0,140.0,0.9895,3.17,0.36,12.8,7
8.3,0.49,0.23,6.65,0.034,6.0,158.0,0.99344,3.05,0.48,11.2,5
11.1,0.44,0.42,2.2,0.064,14.0,19.0,0.99758,3.25,0.57,10.4,6
7.0,0.38,0.49,2.5,0.097,33.0,85.0,0.9962,3.39,0.77,11.4,6
6.5,0.43,0.28,11.25,0.032,31.0,87.0,0.9922,3.02,0.38,12.4,6
7.1,0.29,0.49,1.2,0.031,32.0,99.0,0.9893,3.07,0.33,12.2,6
6.5,0.15,0.32,1.3,0.036,19.0,76.0,0.98964,3.18,0.41,12.3,6
7.3,0.48,0.32,2.1,0.062,31.0,54.0,0.99728,3.3,0.65,10.0,7
7.0,0.15,0.28,14.7,0.051,29.0,149.0,0.99792,2.96,0.39,9.0,7
7.8,0.4,0.49,7.8,0.06,34.0,162.0,0.9966,3.26,0.58,11.3,6
12.0,0.63,0.5,1.4,0.071,6.0,26.0,0.99791,3.07,0.6,10.4,4
7.3,0.28,0.42,1.2,0.033,29.0,142.0,0.99205,3.17,0.43,10.7,4
7.3,0.27,0.3,1.3,0.04,26.0,84.0,0.99222,3.28,0.53,10.7,6
7.1,0.34,0.15,1.2,0.053,61.0,183.0,0.9936,3.09,0.43,9.2,5
6.6,0.36,0.52,10.1,0.05,29.0,140.0,0.99628,3.07,0.4,9.4,5
6.8,0.37,0.28,1.9,0.024,64.0,106.0,0.98993,3.45,0.6,12.6,8
7.7,0.56,0.08,2.5,0.114,14.0,46.0,0.9971,3.24,0.66,9.6,6
8.2,0.26,0.34,2.5,0.073,16.0,47.0,0.99594,3.4,0.78,11.3,7
7.0,0.27,0.36,20.7,0.045,45.0,170.0,1.001,3.0,0.45,8.8,6
7.7,0.3,0.42,14.3,0.045,45.0,213.0,0.9991,3.18,0.63,9.2,5
6.5,0.41,0.22,4.8,0.052,49.0,142.0,0.9946,3.14,0.62,9.2,5
9.6,0.29,0.46,1.45,0.039,77.5,223.0,0.9944,2.92,0.46,9.5,6
7.8,0.21,0.49,1.2,0.036,20.0,99.0,0.99,3.05,0.28,12.1,7
6.4,0.53,0.09,3.9,0.123,14.0,31.0,0.9968,3.5,0.67,11.0,4
5.8,0.32,0.2,2.6,0.027,17.0,123.0,0.98936,3.36,0.78,13.9,7
6.8,0.59,0.1,1.7,0.063,34.0,53.0,0.9958,3.41,0.67,9.7,5
6.8,0.2,0.25,6.2,0.052,22.0,106.0,0.9935,3.09,0.54,10.8,5
5.5,0.34,0.26,2.2,0.021,31.0,119.0,0.98919,3.55,0.49,13.0,8
7.8,0.53,0.33,2.4,0.08,24.0,144.0,0.99655,3.3,0.6,9.5,5
5.6,0.34,0.25,2.5,0.046,47.0,182.0,0.99093,3.21,0.4,11.3,5
7.0,0.6,0.3,4.5,0.068,20.0,110.0,0.99914,3.3,1.17,10.2,5
7.0,0.69,0.07,2.5,0.091,15.0,21.0,0.99572,3.38,0.6,11.3,6
11.7,0.49,0.49,2.2,0.083,5.0,15.0,1.0,3.19,0.43,9.2,5
7.0,0.53,0.43,6.1,0.029,6.0,76.0,0.99118,3.08,0.5,12.5,8
7.2,0.695,0.13,2.0,0.076,12.0,20.0,0.99546,3.29,0.54,10.1,5
8.1,0.66,0.22,2.2,0.069,9.0,23.0,0.9968,3.3,1.2,10.3,5
7.1,0.28,0.28,8.5,0.03,25.0,191.0,0.99338,3.16,0.46,12.2,7
7.1,0.75,0.01,2.2,0.059,11.0,18.0,0.99242,3.39,0.4,12.8,6
7.2,0.26,0.4,6.3,0.047,52.0,172.0,0.99573,3.18,0.53,9.5,6
6.8,0.18,0.37,1.5,0.027,37.0,93.0,0.992,3.3,0.45,10.8,6
6.3,0.255,0.37,1.1,0.04,37.0,114.0,0.9905,3.0,0.39,10.9,6
6.0,0.495,0.27,5.0,0.157,17.0,129.0,0.99396,3.03,0.36,9.3,5
6.5,0.22,0.72,6.8,0.042,33.0,168.0,0.9958,3.12,0.36,9.2,6
7.0,0.11,0.32,4.6,0.057,59.0,144.0,0.9956,3.55,0.44,9.4,7
6.2,0.3,0.21,1.1,0.032,31.0,111.0,0.9889,2.97,0.42,12.2,6
7.2,0.26,0.32,10.4,0.062,23.0,114.0,0.9966,3.23,0.49,10.5,5
6.6,0.58,0.02,2.0,0.062,37.0,53.0,0.99374,3.35,0.76,11.6,7
6.6,0.26,0.38,6.5,0.17,68.0,201.0,0.9956,3.19,0.38,9.4,6
6.2,0.28,0.22,7.3,0.041,26.0,157.0,0.9957,3.44,0.64,9.8,7
9.2,0.25,0.34,1.2,0.026,31.0,93.0,0.9916,2.93,0.37,11.3,7
5.7,0.4,0.35,5.1,0.026,17.0,113.0,0.99052,3.18,0.67,12.4,6
12.6,0.39,0.49,2.5,0.08,8.0,20.0,0.9992,3.07,0.82,10.3,6
6.7,0.26,0.3,1.8,0.043,25.0,121.0,0.9944,3.44,0.61,10.2,6
5.4,0.46,0.15,2.1,0.026,29.0,130.0,0.98953,3.39,0.77,13.4,8
9.4,0.3,0.32,10.7,0.029,14.0,111.0,0.9958,2.85,0.42,10.6,5
7.5,0.77,0.2,8.1,0.098,30.0,92.0,0.99892,3.2,0.58,9.2,5
8.4,0.56,0.04,2.0,0.082,10.0,22.0,0.9976,3.22,0.44,9.6,5
5.6,0.18,0.3,10.2,0.028,28.0,131.0,0.9954,3.49,0.42,10.8,7
7.7,0.25,0.49,2.5,0.047,31.0,169.0,0.99252,3.07,0.57,10.6,6
6.7,0.76,0.02,1.8,0.078,6.0,12.0,0.996,3.55,0.63,9.95,3
6.9,0.25,0.29,2.4,0.038,28.0,76.0,0.99088,3.01,0.36,11.7,7
6.9,0.4,0.24,2.5,0.083,30.0,45.0,0.9959,3.26,0.58,10.0,5
13.8,0.49,0.67,3.0,0.093,6.0,15.0,0.9986,3.02,0.93,12.0,6
6.7,0.3,0.45,10.6,0.032,56.0,212.0,0.997,3.22,0.59,9.5,6
6.2,0.3,0.17,2.8,0.04,24.0,125.0,0.9939,3.01,0.46,9.0,5
5.8,0.28,0.28,4.2,0.044,52.0,158.0,0.992,3.35,0.44,10.7,7
6.6,0.19,0.28,1.1,0.044,38.0,100.0,0.9904,3.22,0.69,11.2,6
7.1,0.59,0.01,2.3,0.08,27.0,43.0,0.9955,3.42,0.58,10.7,6
6.8,0.64,0.0,2.7,0.123,15.0,33.0,0.99538,3.44,0.63,11.3,6
6.4,0.33,0.28,1.1,0.038,30.0,110.0,0.9917,3.12,0.42,10.5,6
6.7,0.34,0.3,15.6,0.054,51.0,196.0,0.9982,3.19,0.49,9.3,5
4.7,0.6,0.17,2.3,0.058,17.0,106.0,0.9932,3.85,0.6,12.9,6
7.6,0.21,0.6,2.1,0.046,47.0,165.0,0.9936,3.05,0.54,10.1,7
7.3,0.14,0.49,1.1,0.038,28.0,99.0,0.9928,3.2,0.72,10.6,6
7.0,0.31,0.52,1.7,0.029,5.0,61.0,0.9918,3.07,0.43,10.4,5
10.6,0.5,0.45,2.6,0.119,34.0,68.0,0.99708,3.23,0.72,10.9,6
7.8,0.27,0.58,11.2,0.036,44.0,161.0,0.9977,3.06,0.41,8.9,6
5.9,0.55,0.1,2.2,0.062,39.0,51.0,0.99512,3.52,0.76,11.2,6
6.7,0.18,0.19,4.7,0.046,57.0,161.0,0.9946,3.32,0.66,10.5,6
6.7,0.3,0.44,18.5,0.057,65.0,224.0,0.99956,3.11,0.53,9.1,5
6.8,0.32,0.39,9.6,0.026,34.0,124.0,0.99286,3.18,0.35,12.1,6
5.6,0.19,0.31,2.7,0.027,11.0,100.0,0.98964,3.46,0.4,13.2,7
7.6,0.29,0.49,9.6,0.03,45.0,197.0,0.9938,3.13,0.38,12.3,7
6.1,0.22,0.38,2.8,0.144,12.0,65.0,0.9908,2.95,0.64,11.4,6
6.6,0.36,0.21,1.5,0.049,39.0,184.0,0.9928,3.18,0.41,9.9,6
6.5,0.29,0.25,10.6,0.039,32.0,120.0,0.9962,3.31,0.34,10.1,6
7.3,0.29,0.3,13.0,0.043,46.0,238.0,0.9986,3.06,0.41,8.7,6
6.5,0.26,0.32,6.65,0.059,34.0,104.0,0.99254,3.18,0.42,11.1,5
6.6,0.19,0.41,8.9,0.046,51.0,169.0,0.9954,3.14,0.57,9.8,6
7.1,0.3,0.46,1.5,0.066,29.0,133.0,0.9906,3.12,0.54,12.7,6
7.6,0.27,0.52,3.2,0.043,28.0,152.0,0.99129,3.02,0.53,11.4,6
5.7,0.21,0.32,0.9,0.038,38.0,121.0,0.99074,3.24,0.46,10.6,6
6.0,0.36,0.39,3.2,0.027,20.0,125.0,0.991,3.38,0.39,11.3,7
6.6,0.22,0.53,15.1,0.052,22.0,136.0,0.9986,2.94,0.35,9.4,5
7.3,0.25,0.36,13.1,0.05,35.0,200.0,0.9986,3.04,0.46,8.9,7
8.2,0.23,0.37,1.3,0.042,39.0,117.0,0.9928,2.99,0.36,10.0,5
8.9,0.875,0.13,3.45,0.088,4.0,14.0,0.9994,3.44,0.52,11.5,5
7.6,0.35,0.46,14.7,0.047,33.0,151.0,0.99709,3.03,0.53,10.3,5
6.9,0.16,0.3,9.6,0.057,50.0,185.0,0.9978,3.39,0.38,9.6,6
7.4,0.28,0.4,11.9,0.032,13.0,92.0,0.99629,3.01,0.46,10.8,4
6.1,0.64,0.02,2.4,0.069,26.0,46.0,0.99358,3.47,0.45,11.0,5
6.7,0.18,0.3,6.4,0.048,40.0,251.0,0.9956,3.29,0.52,10.0,5
7.1,0.25,0.49,3.0,0.03,30.0,96.0,0.9903,3.13,0.39,12.3,7
8.3,0.31,0.39,2.4,0.078,17.0,43.0,0.99444,3.31,0.77,12.5,7
9.1,0.52,0.33,1.3,0.07,9.0,30.0,0.9978,3.24,0.6,9.3,5
6.7,0.48,0.32,1.4,0.021,22.0,121.0,0.9889,3.15,0.53,12.7,7
5.9,0.22,0.29,4.2,0.037,69.0,144.0,0.99214,3.13,0.74,10.8,7
6.5,0.3,0.27,4.0,0.038,37.0,97.0,0.99026,3.2,0.6,12.6,8
5.7,0.22,0.2,16.0,0.044,41.0,113.0,0.99862,3.22,0.46,8.9,6
8.1,0.53,0.22,2.2,0.078,33.0,89.0,0.99678,3.26,0.46,9.6,6
7.0,0.36,0.35,2.5,0.048,67.0,161.0,0.99146,3.05,0.56,11.1,6
7.2,0.22,0.28,7.2,0.06,41.0,132.0,0.9935,3.08,0.59,11.3,6
7.4,0.18,0.3,10.4,0.045,44.0,174.0,0.9966,3.11,0.57,9.7,6
7.4,0.2,0.37,16.95,0.048,43.0,190.0,0.9995,3.03,0.42,9.2,6
6.6,0.725,0.09,5.5,0.117,9.0,17.0,0.99655,3.35,0.49,10.8,6
7.0,0.17,0.31,4.8,0.034,34.0,132.0,0.9944,3.36,0.48,9.6,7
6.0,0.31,0.27,2.3,0.042,19.0,120.0,0.98952,3.32,0.41,12.7,7
8.8,0.35,0.49,1.0,0.036,14.0,56.0,0.992,2.96,0.33,10.5,4
7.6,0.37,0.51,11.7,0.094,58.0,181.0,0.99776,2.91,0.51,9.0,5
6.5,0.28,0.28,8.5,0.047,54.0,210.0,0.9962,3.09,0.54,8.9,4
7.0,0.25,0.45,2.3,0.045,40.0,118.0,0.99064,3.16,0.48,11.9,7
6.8,0.28,0.39,1.4,0.036,15.0,115.0,0.9918,3.27,0.72,11.7,5
6.3,0.27,0.25,5.8,0.038,52.0,155.0,0.995,3.28,0.38,9.4,6
6.8,0.63,0.12,3.8,0.099,16.0,126.0,0.9969,3.28,0.61,9.5,5
7.2,0.28,0.3,10.7,0.044,61.0,222.0,0.9972,3.14,0.5,9.1,6
5.8,0.29,0.26,1.7,0.063,3.0,11.0,0.9915,3.39,0.54,13.5,6
7.5,0.14,0.34,1.3,0.055,50.0,153.0,0.9945,3.29,0.8,9.6,6
6.1,0.28,0.27,4.7,0.03,56.0,140.0,0.99042,3.16,0.42,12.5,8
5.9,0.29,0.25,12.0,0.057,48.0,224.0,0.9981,3.23,0.41,9.0,6
8.4,0.65,0.6,2.1,0.112,12.0,90.0,0.9973,3.2,0.52,9.2,5
7.2,0.2,0.36,2.5,0.028,22.0,157.0,0.9938,3.48,0.49,10.6,6
5.9,0.395,0.13,2.4,0.056,14.0,28.0,0.99362,3.62,0.67,12.4,6
7.7,0.63,0.08,1.9,0.076,15.0,27.0,0.9967,3.32,0.54,9.5,6
6.6,0.21,0.5,8.7,0.036,41.0,191.0,0.99294,2.96,0.56,11.0,6
7.6,0.32,0.34,18.35,0.054,44.0,197.0,1.0008,3.22,0.55,9.0,5
6.1,0.25,0.49,7.6,0.052,67.0,226.0,0.9956,3.16,0.47,8.9,5
5.9,0.61,0.08,2.1,0.071,16.0,24.0,0.99376,3.56,0.77,11.1,6
6.1,0.24,0.27,9.8,0.062,33.0,152.0,0.9966,3.31,0.47,9.5,6
6.0,0.54,0.06,1.8,0.05,38.0,89.0,0.99236,3.3,0.5,10.55,6
7.8,0.24,0.38,2.1,0.058,14.0,167.0,0.994,3.21,0.55,9.9,5
7.2,0.63,0.0,1.9,0.097,14.0,38.0,0.99675,3.37,0.58,9.0,6
8.6,0.49,0.29,2.0,0.11,19.0,133.0,0.9972,2.93,1.98,9.8,5
6.7,0.31,0.3,2.1,0.038,18.0,130.0,0.9928,3.36,0.63,10.6,6
7.3,0.39,0.37,1.1,0.043,36.0,113.0,0.991,3.39,0.48,12.7,8
6.4,0.26,0.21,7.1,0.04,35.0,162.0,0.9956,3.39,0.58,9.9,6
7.1,0.85,0.49,8.7,0.028,40.0,184.0,0.9962,3.22,0.36,10.7,5
8.4,0.58,0.27,12.15,0.033,37.0,116.0,0.9959,2.99,0.39,10.8,6
6.6,0.24,0.28,1.8,0.028,39.0,132.0,0.99182,3.34,0.46,11.4,5
6.3,0.29,0.14,7.05,0.045,50.0,177.0,0.99564,3.23,0.42,9.0,5
9.9,0.35,0.38,1.5,0.058,31.0,47.0,0.99676,3.26,0.82,10.6,7
6.3,0.3,0.91,8.2,0.034,50.0,199.0,0.99394,3.39,0.49,11.7,6
9.2,0.27,0.34,10.5,0.043,49.0,228.0,0.9974,3.04,0.41,10.4,6
8.7,0.22,0.42,2.3,0.053,27.0,114.0,0.994,2.99,0.43,10.0,5
7.2,0.53,0.13,2.0,0.058,18.0,22.0,0.99573,3.21,0.68,9.9,6
7.7,0.28,0.35,15.3,0.056,31.0,117.0,0.9998,3.27,0.5,9.6,5
9.1,0.45,0.35,2.4,0.08,23.0,78.0,0.9987,3.38,0.62,9.5,5
6.2,0.28,0.41,5.0,0.043,50.0,188.0,0.99318,3.23,0.64,10.8,6
8.2,0.24,0.49,9.3,0.038,52.0,163.0,0.9952,3.02,0.33,10.6,6
6.3,0.24,0.22,11.9,0.05,65.0,179.0,0.99659,3.06,0.58,9.3,6
6.1,0.17,0.42,15.1,0.033,28.0,124.0,0.99684,2.87,0.47,9.5,5
6.7,0.41,0.24,5.4,0.035,33.0,115.0,0.9901,3.12,0.44,12.89333333,7
6.9,0.38,0.29,13.65,0.048,52.0,189.0,0.99784,3.0,0.6,9.5,6
7.0,0.32,0.24,6.2,0.048,31.0,228.0,0.9957,3.23,0.62,9.4,6
10.1,0.935,0.22,3.4,0.105,11.0,86.0,1.001,3.43,0.64,11.3,4
10.7,0.35,0.53,2.6,0.07,5.0,16.0,0.9972,3.15,0.65,11.0,8
7.5,0.31,0.24,7.1,0.031,28.0,141.0,0.99397,3.16,0.38,10.6,7
8.4,0.56,0.04,2.0,0.082,10.0,22.0,0.9976,3.22,0.44,9.6,5
7.6,0.13,0.34,9.3,0.062,40.0,126.0,0.9966,3.21,0.39,9.6,5
8.1,0.87,0.0,2.2,0.084,10.0,31.0,0.99656,3.25,0.5,9.8,5
7.0,0.3,0.51,13.6,0.05,40.0,168.0,0.9976,3.07,0.52,9.6,7
7.0,0.23,0.42,18.05,0.05,35.0,144.0,0.9999,3.22,0.42,8.8,5
6.1,0.34,0.21,5.0,0.042,17.0,133.0,0.99373,3.02,0.53,9.4,5
6.8,0.19,0.34,1.9,0.04,41.0,108.0,0.99,3.25,0.45,12.9,6
7.9,0.255,0.26,2.0,0.026,40.0,190.0,0.9932,3.04,0.39,11.2,6
12.4,0.4,0.51,2.0,0.059,6.0,24.0,0.9994,3.04,0.6,9.3,6
7.4,0.19,0.3,12.8,0.053,48.5,229.0,0.9986,3.14,0.49,9.1,7
11.1,0.31,0.53,2.2,0.06,3.0,10.0,0.99572,3.02,0.83,10.9,7
5.4,0.31,0.47,3.0,0.053,46.0,144.0,0.9931,3.29,0.76,10.0,5
7.0,0.31,0.26,7.4,0.069,28.0,160.0,0.9954,3.13,0.46,9.8,6
6.3,0.23,0.21,5.1,0.035,29.0,142.0,0.9942,3.36,0.33,10.1,7
7.1,0.12,0.32,9.6,0.054,64.0,162.0,0.9962,3.4,0.41,9.4,5
6.8,0.12,0.3,12.9,0.049,32.0,88.0,0.99654,3.2,0.35,9.9,6
7.7,0.38,0.4,2.0,0.038,28.0,152.0,0.9906,3.18,0.32,12.9,6
8.6,0.49,0.28,1.9,0.11,20.0,136.0,0.9972,2.93,1.95,9.9,6
6.1,0.2,0.17,1.6,0.048,46.0,129.0,0.991,3.3,0.43,11.4,6
7.7,0.58,0.01,1.8,0.088,12.0,18.0,0.99568,3.32,0.56,10.5,7
7.4,0.23,0.25,1.4,0.049,43.0,141.0,0.9934,3.42,0.54,10.2,7
7.0,0.29,0.49,3.8,0.047,37.0,136.0,0.9938,2.95,0.4,9.4,6
6.4,0.16,0.22,1.4,0.04,41.0,149.0,0.9933,3.49,0.58,10.0,6
9.8,0.16,0.46,1.8,0.046,23.0,130.0,0.99587,3.04,0.67,9.6,5
7.7,0.57,0.21,1.5,0.069,4.0,9.0,0.99458,3.16,0.54,9.8,6
7.0,0.21,0.28,8.6,0.045,37.0,221.0,0.9954,3.25,0.54,10.4,6
8.2,0.56,0.23,3.4,0.078,14.0,104.0,0.9976,3.28,0.62,9.4,5
6.4,0.29,0.3,6.5,0.209,62.0,156.0,0.99478,3.1,0.4,9.4,5
8.7,0.7,0.24,2.5,0.226,5.0,15.0,0.9991,3.32,0.6,9.0,6
7.0,0.26,0.59,1.4,0.037,40.0,120.0,0.9918,3.34,0.41,11.1,7
7.2,0.835,0.0,2.0,0.166,4.0,11.0,0.99608,3.39,0.52,10.0,5
6.5,0.26,0.28,12.5,0.046,80.0,225.0,0.99685,3.18,0.41,10.0,6
7.2,0.28,0.54,16.7,0.045,54.0,200.0,0.999,3.08,0.49,9.5,6
5.2,0.31,0.2,2.4,0.027,27.0,117.0,0.98886,3.56,0.45,13.0,7
6.1,0.21,0.38,1.5,0.039,37.0,122.0,0.98972,3.2,0.43,12.0,6
7.6,0.19,0.41,1.1,0.04,38.0,143.0,0.9907,2.92,0.42,11.4,5
7.1,0.44,0.62,11.8,0.044,52.0,152.0,0.9975,3.12,0.46,8.7,6
7.3,0.51,0.18,2.1,0.07,12.0,28.0,0.99768,3.52,0.73,9.5,6
7.8,0.59,0.33,2.0,0.074,24.0,120.0,0.9968,3.25,0.54,9.4,5
6.6,0.17,0.28,1.1,0.034,55.0,108.0,0.98939,3.0,0.52,11.9,7
5.6,0.235,0.29,1.2,0.047,33.0,127.0,0.991,3.34,0.5,11.0,7
7.1,0.15,0.34,1.0,0.033,27.0,73.0,0.98974,3.24,0.41,12.2,6
5.1,0.585,0.0,1.7,0.044,14.0,86.0,0.99264,3.56,0.94,12.9,7
7.7,0.27,0.61,12.0,0.046,64.0,179.0,0.9982,3.07,0.46,8.9,5
6.9,0.22,0.31,6.3,0.029,41.0,131.0,0.99326,3.08,0.49,10.8,6
6.9,0.22,0.32,5.8,0.041,20.0,119.0,0.99296,3.17,0.55,11.2,6
7.1,0.32,0.3,9.9,0.041,63.0,192.0,0.99642,3.12,0.49,10.2,6
9.9,0.54,0.45,2.3,0.071,16.0,40.0,0.9991,3.39,0.62,9.4,5
7.4,0.27,0.52,15.7,0.054,36.0,139.0,0.99788,3.04,0.62,10.03333333,6
8.9,0.3,0.35,4.6,0.032,32.0,148.0,0.99458,3.15,0.45,11.5,7
7.5,0.22,0.33,6.7,0.036,45.0,138.0,0.9939,3.2,0.68,11.4,6
6.4,0.29,0.21,9.65,0.041,36.0,119.0,0.99334,2.99,0.34,10.93333333,6
7.3,1.07,0.09,1.7,0.178,10.0,89.0,0.9962,3.3,0.57,9.0,5
6.0,0.67,0.07,1.2,0.06,9.0,108.0,0.9931,3.11,0.35,8.7,4
6.8,0.24,0.4,1.8,0.047,34.0,105.0,0.99,3.13,0.49,12.8,8
6.7,0.35,0.48,8.8,0.056,35.0,167.0,0.99628,3.04,0.47,9.4,5
7.9,0.345,0.51,15.3,0.047,54.0,171.0,0.9987,3.09,0.51,9.1,5
6.0,0.24,0.32,6.3,0.03,34.0,129.0,0.9946,3.52,0.41,10.4,5
7.1,0.18,0.32,12.2,0.048,36.0,125.0,0.9967,2.92,0.54,9.4,6
7.9,1.04,0.05,2.2,0.084,13.0,29.0,0.9959,3.22,0.55,9.9,6
6.3,0.27,0.37,7.9,0.047,58.0,215.0,0.99542,3.19,0.48,9.5,6
8.4,0.35,0.56,13.8,0.048,55.0,190.0,0.9993,3.07,0.58,9.4,6
6.8,0.37,0.47,11.2,0.071,44.0,136.0,0.9968,2.98,0.88,9.2,5
7.5,0.52,0.16,1.9,0.085,12.0,35.0,0.9968,3.38,0.62,9.5,7
6.6,0.26,0.21,2.9,0.026,48.0,126.0,0.99089,3.22,0.38,11.3,7
7.4,0.16,0.27,15.5,0.05,25.0,135.0,0.9984,2.9,0.43,8.7,7
7.0,0.46,0.39,6.2,0.039,46.0,163.0,0.9928,3.21,0.35,12.2,7
6.4,0.29,0.3,2.9,0.036,25.0,79.0,0.99037,3.29,0.6,12.4,7
10.8,0.26,0.45,3.3,0.06,20.0,49.0,0.9972,3.13,0.54,9.6,5
7.1,0.34,0.49,1.5,0.027,26.0,126.0,0.99,3.3,0.33,12.2,7
9.2,0.53,0.24,2.6,0.078,28.0,139.0,0.99788,3.21,0.57,9.5,5
6.6,0.44,0.15,2.1,0.076,22.0,53.0,0.9957,3.32,0.62,9.3,5
6.5,0.28,0.29,2.7,0.038,26.0,107.0,0.9912,3.32,0.41,11.6,7
6.0,0.27,0.31,5.0,0.043,54.0,170.0,0.9924,3.28,0.52,11.0,6
6.7,0.19,0.39,1.0,0.032,14.0,71.0,0.98912,3.31,0.38,13.0,7
8.7,0.7,0.24,2.5,0.226,5.0,15.0,0.9991,3.32,0.6,9.0,6
7.0,0.29,0.54,10.7,0.046,59.0,234.0,0.9966,3.05,0.61,9.5,5
7.3,0.19,0.24,6.3,0.054,34.0,231.0,0.9964,3.36,0.54,10.0,6
7.2,0.31,0.5,13.3,0.056,68.0,195.0,0.9982,3.01,0.47,9.2,5
7.1,0.62,0.06,1.3,0.07,5.0,12.0,0.9942,3.17,0.48,9.8,5
4.2,0.215,0.23,5.1,0.041,64.0,157.0,0.99688,3.42,0.44,8.0,3
7.5,0.23,0.32,9.2,0.038,54.0,191.0,0.9966,3.04,0.56,9.7,6
9.3,0.39,0.4,2.6,0.073,10.0,26.0,0.9984,3.34,0.75,10.2,6
6.4,0.27,0.45,8.3,0.05,52.0,196.0,0.9955,3.18,0.48,9.5,5
7.4,1.185,0.0,4.25,0.097,5.0,14.0,0.9966,3.63,0.54,10.7,3
7.4,0.16,0.27,15.5,0.05,25.0,135.0,0.9984,2.9,0.43,8.7,7
7.7,0.835,0.0,2.6,0.081,6.0,14.0,0.9975,3.3,0.52,9.3,5
7.8,0.25,0.41,3.7,0.042,37.0,149.0,0.9954,3.36,0.45,10.0,6
7.1,0.2,0.36,11.6,0.042,45.0,124.0,0.997,2.92,0.59,9.5,7
7.6,0.16,0.44,1.4,0.043,25.0,109.0,0.9932,3.11,0.75,10.3,6
6.0,0.26,0.32,3.8,0.029,48.0,180.0,0.99011,3.15,0.34,12.0,6
7.0,0.43,0.3,2.0,0.085,6.0,39.0,0.99346,3.33,0.46,11.9,6
7.5,0.65,0.18,7.0,0.088,27.0,94.0,0.99915,3.38,0.77,9.4,5
7.7,0.3,0.34,1.2,0.048,4.0,119.0,0.99084,3.18,0.34,12.1,6
8.3,0.85,0.14,2.5,0.093,13.0,54.0,0.99724,3.36,0.54,10.1,5
4.4,0.46,0.1,2.8,0.024,31.0,111.0,0.98816,3.48,0.34,13.1,6
6.8,0.47,0.08,2.2,0.064,18.0,38.0,0.99553,3.3,0.65,9.6,6
5.0,0.33,0.16,1.5,0.049,10.0,97.0,0.9917,3.48,0.44,10.7,6
6.9,0.4,0.17,12.9,0.033,59.0,186.0,0.99754,3.08,0.49,9.4,5
6.2,0.22,0.2,20.8,0.035,58.0,184.0,1.00022,3.11,0.53,9.0,6
6.4,0.5,0.16,12.9,0.042,26.0,138.0,0.9974,3.28,0.33,9.0,5
7.6,0.31,0.23,12.7,0.054,20.0,139.0,0.99836,3.16,0.5,9.7,4
5.8,0.26,0.3,2.6,0.034,75.0,129.0,0.9902,3.2,0.38,11.5,4
7.2,0.47,0.65,8.3,0.083,27.0,182.0,0.9964,3.0,0.35,9.2,5
10.2,0.44,0.42,2.0,0.071,7.0,20.0,0.99566,3.14,0.79,11.1,7
7.7,0.43,1.0,19.95,0.032,42.0,164.0,0.99742,3.29,0.5,12.0,6
7.0,0.21,0.22,5.1,0.048,38.0,168.0,0.9945,3.34,0.49,10.4,6
5.1,0.42,0.01,1.5,0.017,25.0,102.0,0.9894,3.38,0.36,12.3,7
9.3,0.32,0.57,2.0,0.074,27.0,65.0,0.9969,3.28,0.79,10.7,5
6.2,0.23,0.36,17.2,0.039,37.0,130.0,0.99946,3.23,0.43,8.8,6
7.0,0.39,0.21,10.7,0.098,13.0,91.0,0.99657,3.03,0.47,9.3,5
6.0,0.31,0.47,3.6,0.067,18.0,42.0,0.99549,3.39,0.66,11.0,6
6.4,0.3,0.38,7.8,0.046,35.0,192.0,0.9955,3.1,0.37,9.0,5
7.1,0.43,0.25,2.8,0.036,43.0,132.0,0.98975,3.21,0.47,13.4,6
7.9,0.35,0.28,12.9,0.032,13.0,63.0,0.9932,2.99,0.43,13.0,6
6.2,0.44,0.39,2.5,0.077,6.0,14.0,0.99555,3.51,0.69,11.0,6
7.2,0.31,0.35,7.2,0.046,45.0,178.0,0.9955,3.14,0.53,9.7,5
7.3,0.33,0.47,2.1,0.077,5.0,11.0,0.9958,3.33,0.53,10.3,6
6.6,0.21,0.31,11.4,0.039,46.0,165.0,0.99795,3.41,0.44,9.8,7
6.6,0.34,0.28,1.3,0.035,32.0,90.0,0.9916,3.1,0.42,10.7,6
6.4,0.27,0.3,1.6,0.04,19.0,86.0,0.99089,3.32,0.65,11.5,6
7.6,0.3,0.25,4.3,0.054,22.0,111.0,0.9956,3.12,0.49,9.2,5
6.3,0.29,0.29,3.3,0.037,32.0,140.0,0.9895,3.17,0.36,12.8,7
6.8,0.3,0.29,6.2,0.025,29.0,95.0,0.99071,3.03,0.32,12.9,7
6.8,0.56,0.22,1.8,0.074,15.0,24.0,0.99438,3.4,0.82,11.2,6
6.2,0.36,0.26,13.2,0.051,54.0,201.0,0.9976,3.25,0.46,9.0,5
7.4,0.31,0.48,14.2,0.042,62.0,204.0,0.9983,3.06,0.59,9.4,5
5.5,0.32,0.45,4.9,0.028,25.0,191.0,0.9922,3.51,0.49,11.5,7
12.8,0.615,0.66,5.8,0.083,7.0,42.0,1.0022,3.07,0.73,10.0,7
5.9,0.44,0.0,1.6,0.042,3.0,11.0,0.9944,3.48,0.85,11.7,6
7.0,0.31,0.31,9.1,0.036,45.0,140.0,0.99216,2.98,0.31,12.0,7
6.4,0.33,0.31,5.5,0.048,42.0,173.0,0.9951,3.19,0.66,9.3,6
6.2,0.23,0.36,17.2,0.039,37.0,130.0,0.99946,3.23,0.43,8.8,6
7.8,0.3,0.29,16.85,0.054,23.0,135.0,0.9998,3.16,0.38,9.0,6
7.5,0.23,0.36,7.0,0.036,43.0,161.0,0.9938,3.04,0.32,11.0,5
6.6,0.42,0.13,12.8,0.044,26.0,158.0,0.99772,3.24,0.47,9.0,5
6.6,0.66,0.0,3.0,0.115,21.0,31.0,0.99629,3.45,0.63,10.3,5
8.8,0.955,0.05,1.8,0.075,5.0,19.0,0.99616,3.3,0.44,9.6,4
6.9,0.5,0.04,1.5,0.085,19.0,49.0,0.9958,3.35,0.78,9.5,5
6.2,0.32,0.45,2.9,0.029,37.0,94.0,0.98998,3.25,0.6,12.4,6
6.8,0.2,0.38,4.7,0.04,27.0,103.0,0.994,3.37,0.58,10.7,6
6.6,0.2,0.38,7.9,0.052,30.0,145.0,0.9947,3.32,0.56,11.0,7
8.7,0.49,0.57,17.8,0.052,34.0,243.0,1.0007,2.98,0.82,9.0,5
7.1,0.18,0.74,15.6,0.044,44.0,176.0,0.9996,3.38,0.67,9.0,6
7.1,0.59,0.0,2.1,0.091,9.0,14.0,0.99488,3.42,0.55,11.5,7
6.8,0.26,0.34,15.1,0.06,42.0,162.0,0.99705,3.24,0.52,10.5,3
7.5,0.53,0.06,2.6,0.086,20.0,44.0,0.9965,3.38,0.59,10.7,6
7.6,0.35,0.6,2.6,0.073,23.0,44.0,0.99656,3.38,0.79,11.1,6
8.9,0.4,0.32,5.6,0.087,10.0,47.0,0.9991,3.38,0.77,10.5,7
6.6,0.19,0.43,10.9,0.045,53.0,154.0,0.99752,3.52,0.77,10.4,6
9.2,0.35,0.39,0.9,0.042,15.0,61.0,0.9924,2.96,0.28,10.4,4
7.8,0.28,0.25,3.4,0.024,27.0,99.0,0.98959,2.98,0.37,13.0,6
6.2,0.25,0.25,1.4,0.03,35.0,105.0,0.9912,3.3,0.44,11.1,7
7.3,0.44,0.2,1.6,0.049,24.0,64.0,0.9935,3.38,0.57,11.7,6
6.9,0.2,0.41,1.1,0.06,36.0,104.0,0.99317,2.99,0.39,9.2,5
6.5,0.19,0.34,1.6,0.029,39.0,116.0,0.98954,3.21,0.68,12.5,6
6.8,0.26,0.43,11.75,0.045,53.0,198.0,0.9969,3.26,0.55,9.5,5
8.2,0.28,0.42,1.8,0.031,30.0,93.0,0.9917,3.09,0.39,11.4,5
5.3,0.76,0.03,2.7,0.043,27.0,93.0,0.9932,3.34,0.38,9.2,5
6.0,0.28,0.24,17.8,0.047,42.0,111.0,0.99896,3.1,0.45,8.9,6
7.1,0.23,0.28,1.9,0.046,33.0,103.0,0.98997,3.12,0.31,12.0,5
5.2,0.24,0.45,3.8,0.027,21.0,128.0,0.992,3.55,0.49,11.2,8
8.1,0.545,0.18,1.9,0.08,13.0,35.0,0.9972,3.3,0.59,9.0,6
7.2,0.2,0.61,16.2,0.043,14.0,103.0,0.9987,3.06,0.36,9.2,6
11.1,0.39,0.54,2.7,0.095,21.0,101.0,1.0001,3.13,0.51,9.5,5
6.3,0.19,0.32,2.8,0.046,18.0,80.0,0.99043,2.92,0.47,11.05,6
10.6,0.28,0.39,15.5,0.069,6.0,23.0,1.0026,3.12,0.66,9.2,5
7.2,0.35,0.25,5.6,0.032,23.0,120.0,0.99334,2.93,0.66,10.3,7
7.2,0.33,0.28,1.4,0.034,26.0,109.0,0.99246,3.28,0.57,10.6,6
7.0,0.23,0.32,1.8,0.048,25.0,113.0,0.9915,3.11,0.47,11.1,6
5.1,0.51,0.18,2.1,0.042,16.0,101.0,0.9924,3.46,0.87,12.9,7
6.8,0.915,0.29,4.8,0.07,15.0,39.0,0.99577,3.53,0.54,11.1,5
8.0,0.22,0.28,14.0,0.053,83.0,197.0,0.9981,3.14,0.45,9.8,6
12.2,0.48,0.54,2.6,0.085,19.0,64.0,1.0,3.1,0.61,10.5,6
6.9,0.41,0.33,10.1,0.043,28.0,152.0,0.9968,3.2,0.52,9.4,5
8.9,0.12,0.45,1.8,0.075,10.0,21.0,0.99552,3.41,0.76,11.9,7
7.2,0.39,0.62,11.0,0.047,66.0,178.0,0.9976,3.16,0.5,8.7,5
6.0,0.23,0.34,1.3,0.025,23.0,111.0,0.98961,3.36,0.37,12.7,6
6.6,0.22,0.29,14.4,0.046,39.0,118.0,0.99834,3.05,0.5,9.1,6
10.0,0.73,0.43,2.3,0.059,15.0,31.0,0.9966,3.15,0.57,11.0,5
7.5,0.49,0.19,1.9,0.076,10.0,44.0,0.9957,3.39,0.54,9.7,5
7.3,0.22,0.37,14.3,0.063,48.0,191.0,0.9978,2.89,0.38,9.0,6
6.5,0.18,0.33,8.0,0.051,16.0,131.0,0.9965,3.28,0.44,8.7,7
8.3,0.26,0.41,9.2,0.042,41.0,162.0,0.9944,3.1,0.38,12.0,7
7.5,0.21,0.68,10.9,0.045,38.0,133.0,0.9978,3.0,0.36,8.7,5
6.9,0.25,0.35,9.2,0.034,42.0,150.0,0.9947,3.21,0.36,11.5,6
8.3,0.14,0.45,1.5,0.039,18.0,98.0,0.99215,3.02,0.56,11.0,6
5.3,0.2,0.31,3.6,0.036,22.0,91.0,0.99278,3.41,0.5,9.8,6
7.2,0.19,0.27,11.2,0.061,46.0,149.0,0.99772,2.99,0.59,9.3,6
6.3,0.26,0.24,7.2,0.039,38.0,172.0,0.9958,3.49,0.64,9.7,6
6.9,0.635,0.17,2.4,0.241,6.0,18.0,0.9961,3.4,0.59,10.3,6
7.0,0.61,0.26,1.7,0.051,25.0,161.0,0.9946,3.36,0.6,10.6,4
6.3,0.27,0.29,12.2,0.044,59.0,196.0,0.99782,3.14,0.4,8.8,6
7.0,0.22,0.33,2.1,0.052,15.0,76.0,0.993,3.2,0.41,10.6,6
5.6,0.54,0.04,1.7,0.049,5.0,13.0,0.9942,3.72,0.58,11.4,5
7.2,0.4,0.24,8.5,0.055,45.0,151.0,0.99626,3.2,0.52,9.2,5
7.9,0.17,0.32,1.6,0.053,47.0,150.0,0.9948,3.29,0.76,9.6,6
6.1,0.18,0.38,2.3,0.033,28.0,111.0,0.98962,3.16,0.49,12.4,6
6.4,0.23,0.35,4.6,0.039,43.0,147.0,0.99216,3.18,0.4,11.0,7
8.7,0.45,0.4,1.5,0.067,17.0,100.0,0.9957,3.27,0.57,10.1,6
10.4,0.61,0.49,2.1,0.2,5.0,16.0,0.9994,3.16,0.63,8.4,3
7.2,0.24,0.3,1.6,0.048,27.0,131.0,0.9933,3.25,0.45,10.5,5
7.9,0.33,0.28,31.6,0.053,35.0,176.0,1.0103,3.15,0.38,8.8,6
6.4,0.32,0.23,16.2,0.055,36.0,176.0,0.9986,3.26,0.54,9.1,5
6.3,0.48,0.48,1.8,0.035,35.0,96.0,0.99121,3.49,0.74,12.2,6
9.4,0.26,0.53,1.2,0.047,25.0,109.0,0.9921,3.23,0.28,12.5,6
7.4,0.3,0.49,8.2,0.055,49.0,188.0,0.9974,3.52,0.58,9.7,6
9.8,0.5,0.49,2.6,0.25,5.0,20.0,0.999,3.31,0.79,10.7,6
8.2,0.7,0.23,2.0,0.099,14.0,81.0,0.9973,3.19,0.7,9.4,5
7.1,0.25,0.3,2.4,0.042,25.0,122.0,0.994,3.43,0.61,10.5,6
8.8,0.42,0.21,2.5,0.092,33.0,88.0,0.99823,3.19,0.52,9.2,5
6.9,0.28,0.3,8.3,0.026,37.0,113.0,0.99139,2.99,0.38,12.3,8
6.4,0.28,0.23,6.0,0.051,50.0,162.0,0.994,3.15,0.52,10.2,5
5.0,0.29,0.54,5.7,0.035,54.0,155.0,0.98976,3.27,0.34,12.9,8
6.5,0.18,0.41,14.2,0.039,47.0,129.0,0.99678,3.28,0.72,10.3,7
7.8,0.735,0.08,2.4,0.092,10.0,41.0,0.9974,3.24,0.71,9.8,6
6.4,0.26,0.25,10.7,0.046,66.0,179.0,0.99606,3.17,0.55,9.9,6
6.4,0.17,0.3,2.8,0.034,33.0,125.0,0.99152,3.03,0.49,10.4,6
7.2,0.34,0.3,8.4,0.051,40.0,167.0,0.99756,3.48,0.62,9.7,5
5.7,0.18,0.36,1.2,0.046,9.0,71.0,0.99199,3.7,0.68,10.9,7
8.5,0.17,0.31,1.0,0.024,13.0,91.0,0.993,2.79,0.37,10.1,5
6.3,0.26,0.25,7.8,0.058,44.0,166.0,0.9961,3.24,0.41,9.0,5
9.0,0.66,0.17,3.0,0.077,5.0,13.0,0.9976,3.29,0.55,10.4,5
7.1,0.28,0.35,3.5,0.028,35.0,91.0,0.99022,2.96,0.33,12.1,5
5.6,0.31,0.37,1.4,0.074,12.0,96.0,0.9954,3.32,0.58,9.2,5
6.2,0.37,0.24,6.1,0.032,19.0,86.0,0.98934,3.04,0.26,13.4,8
10.7,0.52,0.38,2.6,0.066,29.0,56.0,0.99577,3.15,0.79,12.1,7
6.5,0.36,0.16,1.3,0.054,11.0,107.0,0.99398,3.19,0.39,8.5,5
6.8,0.19,0.71,17.5,0.042,21.0,114.0,0.99784,2.85,0.5,9.5,6
12.5,0.6,0.49,4.3,0.1,5.0,14.0,1.001,3.25,0.74,11.9,6
6.6,0.32,0.22,16.7,0.046,38.0,133.0,0.9979,3.22,0.67,10.4,6
7.8,0.56,0.19,2.0,0.081,17.0,108.0,0.9962,3.32,0.54,9.5,5
6.6,0.22,0.23,17.3,0.047,37.0,118.0,0.99906,3.08,0.46,8.8,6
6.2,0.2,0.26,9.7,0.03,39.0,102.0,0.9908,3.08,0.56,12.9,7
6.1,0.24,0.25,1.6,0.044,24.0,115.0,0.9921,3.39,0.59,10.9,6
8.1,0.66,0.7,2.2,0.098,25.0,129.0,0.9972,3.08,0.53,9.0,5
6.7,0.31,0.18,7.7,0.043,57.0,200.0,0.99566,3.17,0.44,9.4,6
8.8,0.2,0.28,1.1,0.018,18.0,72.0,0.9926,2.97,0.35,10.4,5
7.9,0.72,0.17,2.6,0.096,20.0,38.0,0.9978,3.4,0.53,9.5,5
11.9,0.39,0.69,2.8,0.095,17.0,35.0,0.9994,3.1,0.61,10.8,6
8.0,0.14,0.33,1.2,0.045,71.0,162.0,0.9914,3.07,0.47,11.0,6
7.1,0.25,0.31,2.3,0.05,32.0,156.0,0.9914,3.14,0.51,11.4,6
9.0,0.46,0.31,2.8,0.093,19.0,98.0,0.99815,3.32,0.63,9.5,6
8.1,0.45,0.34,8.3,0.037,33.0,216.0,0.9976,3.31,0.64,9.7,5
8.0,0.16,0.36,1.5,0.033,14.0,122.0,0.9941,3.2,0.39,10.3,4
8.4,0.37,0.53,1.8,0.413,9.0,26.0,0.9979,3.06,1.06,9.1,6
7.6,0.27,0.32,1.2,0.043,23.0,72.0,0.99236,3.06,0.68,10.5,5
7.2,0.34,0.24,2.0,0.071,30.0,52.0,0.99576,3.44,0.58,10.1,5
6.6,0.62,0.2,8.7,0.046,81.0,224.0,0.99605,3.17,0.44,9.3,5
7.1,0.39,0.79,1.4,0.194,23.0,90.0,0.99212,3.17,0.46,10.5,6
8.3,0.14,0.26,1.5,0.049,56.0,189.0,0.9946,3.21,0.62,9.5,6
6.0,0.2,0.38,1.3,0.034,37.0,104.0,0.98865,3.11,0.52,12.7,6
6.4,0.69,0.0,1.65,0.055,7.0,12.0,0.99162,3.47,0.53,12.9,6
9.6,0.38,0.31,2.5,0.096,16.0,49.0,0.9982,3.19,0.7,10.0,7
6.2,0.25,0.48,10.0,0.044,78.0,240.0,0.99655,3.25,0.47,9.5,6
9.9,0.5,0.5,13.8,0.205,48.0,82.0,1.00242,3.16,0.75,8.8,5
6.1,0.28,0.25,12.9,0.054,34.0,189.0,0.9979,3.25,0.43,9.0,4
6.6,0.39,0.28,9.2,0.036,10.0,92.0,0.99206,3.07,0.35,12.1,6
6.5,0.26,0.24,10.8,0.042,47.0,130.0,0.996,3.08,0.4,10.1,6
7.2,0.28,0.38,2.0,0.052,23.0,156.0,0.9912,3.13,0.52,11.1,5
6.5,0.27,0.19,6.6,0.045,98.0,175.0,0.99364,3.16,0.34,10.1,6
5.6,0.205,0.16,12.55,0.051,31.0,115.0,0.99564,3.4,0.38,10.8,6
8.1,0.87,0.0,2.2,0.084,10.0,31.0,0.99656,3.25,0.5,9.8,5
6.4,0.24,0.22,1.5,0.038,38.0,157.0,0.9934,3.41,0.55,9.9,6
5.7,0.25,0.26,12.5,0.049,52.5,120.0,0.99691,3.08,0.45,9.4,6
7.5,0.755,0.0,1.9,0.084,6.0,12.0,0.99672,3.34,0.49,9.7,4
6.2,0.35,0.2,18.1,0.069,33.0,158.0,0.99908,3.15,0.5,8.8,6
5.1,0.23,0.18,1.0,0.053,13.0,99.0,0.98956,3.22,0.39,11.5,5
6.2,0.33,0.27,4.9,0.036,30.0,134.0,0.9927,3.2,0.42,10.4,7
6.8,0.21,0.31,2.9,0.046,40.0,121.0,0.9913,3.07,0.65,10.9,7
6.2,0.35,0.25,18.4,0.051,28.0,182.0,0.99946,3.13,0.62,9.3,6
10.3,0.34,0.52,2.8,0.159,15.0,75.0,0.9998,3.18,0.64,9.4,5
5.9,0.26,0.4,1.3,0.047,12.0,139.0,0.9945,3.45,0.53,10.4,5
6.1,0.58,0.23,2.5,0.044,16.0,70.0,0.99352,3.46,0.65,12.5,6
8.6,0.34,0.36,1.4,0.045,11.0,119.0,0.99556,3.17,0.47,9.4,4
7.0,0.13,0.37,12.85,0.042,36.0,105.0,0.99581,3.05,0.55,10.7,6
6.2,0.3,0.42,2.2,0.036,28.0,128.0,0.9901,3.13,0.38,11.6,6
6.4,0.37,0.25,1.9,0.074,21.0,49.0,0.9974,3.57,0.62,9.8,6
6.9,0.34,0.3,4.7,0.029,34.0,148.0,0.99165,3.36,0.49,12.3,7
5.6,0.185,0.49,1.1,0.03,28.0,117.0,0.9918,3.55,0.45,10.3,6
7.3,0.38,0.21,2.0,0.08,7.0,35.0,0.9961,3.33,0.47,9.5,5
6.5,0.22,0.25,17.1,0.05,44.0,138.0,1.0001,3.3,0.37,8.8,5
5.9,0.21,0.31,1.8,0.033,45.0,142.0,0.98984,3.35,0.5,12.7,6
7.0,0.16,0.36,2.6,0.029,28.0,98.0,0.99126,3.11,0.37,11.2,7
7.1,0.43,0.3,6.6,0.025,15.0,138.0,0.99126,3.18,0.46,12.6,6
5.9,0.37,0.14,6.3,0.036,34.0,185.0,0.9944,3.17,0.63,9.8,5
6.3,0.17,0.32,1.0,0.04,39.0,118.0,0.98886,3.31,0.4,13.1,8
6.7,0.15,0.32,7.9,0.034,17.0,81.0,0.99512,3.29,0.31,10.0,6
6.8,0.29,0.32,1.8,0.032,18.0,130.0,0.99095,3.05,0.62,11.2,6
6.9,0.3,0.33,4.1,0.035,26.0,155.0,0.9925,3.25,0.79,12.3,8
9.0,0.785,0.24,1.7,0.078,10.0,21.0,0.99692,3.29,0.67,10.0,5
6.5,0.32,0.48,8.0,0.026,18.0,88.0,0.99144,3.22,0.79,12.7,4
5.3,0.36,0.27,6.3,0.028,40.0,132.0,0.99186,3.37,0.4,11.6,6
5.7,0.2,0.3,2.5,0.046,38.0,125.0,0.99276,3.34,0.5,9.9,6
6.7,0.36,0.26,7.9,0.034,39.0,123.0,0.99119,2.99,0.3,12.2,7
7.0,0.47,0.07,1.1,0.035,17.0,151.0,0.991,3.02,0.34,10.5,5
10.0,0.59,0.31,2.2,0.09,26.0,62.0,0.9994,3.18,0.63,10.2,6
6.8,0.64,0.1,2.1,0.085,18.0,101.0,0.9956,3.34,0.52,10.2,5
6.0,0.22,0.28,1.1,0.034,47.0,90.0,0.98862,3.22,0.38,12.6,6
7.6,0.17,0.46,0.9,0.036,63.0,147.0,0.99126,3.02,0.41,10.7,6
8.0,0.37,0.32,1.6,0.04,32.0,166.0,0.992,3.0,0.55,11.3,7
7.6,0.39,0.32,3.6,0.035,22.0,93.0,0.99144,3.08,0.6,12.5,7
8.1,0.575,0.22,2.1,0.077,12.0,65.0,0.9967,3.29,0.51,9.2,5
6.9,0.44,0.42,8.5,0.048,10.0,147.0,0.9974,3.32,0.46,9.5,6
7.3,0.16,0.35,1.5,0.036,29.0,108.0,0.99342,3.27,0.51,10.2,6
6.7,0.12,0.3,5.2,0.048,38.0,113.0,0.99352,3.33,0.44,10.1,7
7.2,0.18,0.41,1.2,0.048,41.0,97.0,0.9919,3.14,0.45,10.4,5
7.3,0.17,0.36,8.2,0.028,44.0,111.0,0.99272,3.14,0.41,12.4,6
6.3,0.24,0.74,1.4,0.172,24.0,108.0,0.9932,3.27,0.39,9.9,6
7.4,0.2,0.36,1.2,0.038,44.0,111.0,0.9926,3.36,0.34,9.9,6
7.5,0.6,0.03,1.8,0.095,25.0,99.0,0.995,3.35,0.54,10.1,5
3.9,0.225,0.4,4.2,0.03,29.0,118.0,0.989,3.57,0.36,12.8,8
6.2,0.46,0.29,2.1,0.074,32.0,98.0,0.99578,3.33,0.62,9.8,5
6.3,0.4,0.24,5.1,0.036,43.0,131.0,0.99186,3.24,0.44,11.3,6
7.2,0.22,0.49,1.0,0.045,34.0,140.0,0.99,3.05,0.34,12.7,6
6.8,0.39,0.34,7.4,0.02,38.0,133.0,0.99212,3.18,0.44,12.0,7
7.8,0.26,0.49,3.2,0.027,28.0,87.0,0.9919,3.03,0.32,11.3,7
6.5,0.36,0.28,3.2,0.037,29.0,119.0,0.9908,3.25,0.65,12.4,8
6.6,0.21,0.49,18.15,0.042,41.0,158.0,0.9997,3.28,0.39,8.7,6
7.0,0.32,0.27,7.1,0.027,37.0,122.0,0.99165,3.15,0.6,12.6,7
6.5,0.19,0.3,0.8,0.043,33.0,144.0,0.9936,3.42,0.39,9.1,6
7.7,0.46,0.18,3.3,0.054,18.0,143.0,0.99392,3.12,0.51,10.8,6
7.6,0.29,0.29,4.4,0.051,26.0,146.0,0.9939,3.16,0.39,10.2,5
7.4,0.29,0.38,1.7,0.062,9.0,30.0,0.9968,3.41,0.53,9.5,6
7.1,0.38,0.29,13.6,0.041,30.0,137.0,0.99461,3.02,0.96,12.1,6
7.0,0.24,0.36,4.9,0.083,10.0,133.0,0.9942,3.33,0.37,10.8,6
8.4,0.2,0.38,11.8,0.055,51.0,170.0,1.0004,3.34,0.82,8.9,6
10.7,0.35,0.53,2.6,0.07,5.0,16.0,0.9972,3.15,0.65,11.0,8
12.8,0.3,0.74,2.6,0.095,9.0,28.0,0.9994,3.2,0.77,10.8,7
10.2,0.54,0.37,15.4,0.214,55.0,95.0,1.00369,3.18,0.77,9.0,6
8.0,0.25,0.43,1.7,0.067,22.0,50.0,0.9946,3.38,0.6,11.9,6
6.8,0.56,0.22,1.8,0.074,15.0,24.0,0.99438,3.4,0.82,11.2,6
10.3,0.53,0.48,2.5,0.063,6.0,25.0,0.9998,3.12,0.59,9.3,6
5.9,0.21,0.28,4.6,0.053,40.0,199.0,0.9964,3.72,0.7,10.0,4
5.7,0.25,0.26,12.5,0.049,52.5,106.0,0.99691,3.08,0.45,9.4,6
7.0,0.3,0.38,14.9,0.032,60.0,181.0,0.9983,3.18,0.61,9.3,7
7.9,0.22,0.49,3.8,0.042,26.0,105.0,0.993,3.1,0.39,10.5,5
6.6,0.56,0.14,2.4,0.064,13.0,29.0,0.99397,3.42,0.62,11.7,7
7.1,0.685,0.35,2.0,0.088,9.0,92.0,0.9963,3.28,0.62,9.4,5
6.7,0.21,0.32,5.4,0.047,29.0,140.0,0.995,3.39,0.46,9.7,6
6.6,0.085,0.33,1.4,0.036,17.0,109.0,0.99306,3.27,0.61,9.5,6
6.7,0.31,0.33,2.0,0.033,12.0,74.0,0.99064,3.29,0.65,12.5,6
6.0,0.28,0.52,6.2,0.028,37.0,104.0,0.99161,3.28,0.51,11.8,7
6.6,0.33,0.24,16.05,0.045,31.0,147.0,0.99822,3.08,0.52,9.2,5
6.2,0.64,0.09,2.5,0.081,15.0,26.0,0.99538,3.57,0.63,12.0,5
8.0,0.725,0.24,2.8,0.083,10.0,62.0,0.99685,3.35,0.56,10.0,6
10.0,0.2,0.39,1.4,0.05,19.0,152.0,0.994,3.0,0.42,10.4,6
6.7,0.28,0.28,2.4,0.012,36.0,100.0,0.99064,3.26,0.39,11.7,7
6.6,0.17,0.36,1.9,0.036,38.0,110.0,0.99056,3.05,0.54,11.4,6
7.6,0.33,0.36,2.1,0.034,26.0,172.0,0.9944,3.42,0.48,10.5,4
6.4,0.27,0.49,7.3,0.046,53.0,206.0,0.9956,3.24,0.43,9.2,6
6.9,0.57,0.0,2.8,0.081,21.0,41.0,0.99518,3.41,0.52,10.8,5
7.2,0.47,0.16,5.9,0.048,14.0,125.0,0.99428,3.09,0.49,9.8,5
7.1,0.18,0.49,1.3,0.033,12.0,72.0,0.99072,3.05,0.53,11.3,7
13.3,0.43,0.58,1.9,0.07,15.0,40.0,1.0004,3.06,0.49,9.0,5
8.8,0.61,0.14,2.4,0.067,10.0,42.0,0.9969,3.19,0.59,9.5,5
5.4,0.29,0.38,1.2,0.029,31.0,132.0,0.98895,3.28,0.36,12.4,6
6.6,0.13,0.29,13.9,0.056,33.0,95.0,0.99702,3.17,0.39,9.4,6
7.6,0.48,0.28,10.4,0.049,57.0,205.0,0.99748,3.24,0.45,9.3,5
10.3,0.32,0.45,6.4,0.073,5.0,13.0,0.9976,3.23,0.82,12.6,8
8.8,0.36,0.44,1.9,0.04,9.0,121.0,0.9953,3.19,0.48,9.9,6
11.6,0.42,0.53,3.3,0.105,33.0,98.0,1.001,3.2,0.95,9.2,5
5.8,0.23,0.2,2.0,0.043,39.0,154.0,0.99226,3.21,0.39,10.2,6
7.1,0.34,0.28,2.0,0.082,31.0,68.0,0.99694,3.45,0.48,9.4,5
7.4,0.28,0.25,11.9,0.053,25.0,148.0,0.9976,3.1,0.62,9.2,5
7.2,0.21,0.36,15.7,0.045,68.0,183.0,0.99922,3.25,0.76,9.4,5
5.5,0.23,0.19,2.2,0.044,39.0,161.0,0.99209,3.19,0.43,10.4,6
6.6,0.32,0.36,8.0,0.047,57.0,168.0,0.9949,3.15,0.46,9.6,5
6.6,0.19,0.28,11.8,0.042,54.0,137.0,0.99492,3.18,0.37,10.8,6
6.0,0.19,0.71,1.5,0.152,9.0,55.0,0.9927,3.12,0.46,9.8,6
7.9,0.545,0.06,4.0,0.087,27.0,61.0,0.9965,3.36,0.67,10.7,6
6.1,0.45,0.27,0.8,0.039,13.0,82.0,0.9927,3.23,0.32,9.5,5
7.0,0.3,0.27,1.5,0.076,24.0,145.0,0.99344,3.1,0.52,10.1,5
7.3,0.15,0.4,2.0,0.05,24.0,92.0,0.9932,3.14,0.45,10.5,5
6.7,0.4,0.22,8.8,0.052,24.0,113.0,0.99576,3.22,0.45,9.4,5
8.4,0.62,0.09,2.2,0.084,11.0,108.0,0.9964,3.15,0.66,9.8,5
8.0,0.64,0.22,2.4,0.094,5.0,33.0,0.99612,3.37,0.58,11.0,5
7.8,0.34,0.37,2.0,0.082,24.0,58.0,0.9964,3.34,0.59,9.4,6
6.4,0.33,0.24,9.8,0.041,29.0,109.0,0.9956,3.29,0.47,10.1,6
7.3,0.67,0.26,1.8,0.401,16.0,51.0,0.9969,3.16,1.14,9.4,5
7.2,0.24,0.29,3.0,0.036,17.0,117.0,0.99411,3.36,0.68,10.1,6
6.7,0.26,0.29,5.8,0.025,26.0,74.0,0.9929,3.28,0.53,11.0,6
8.3,0.615,0.22,2.6,0.087,6.0,19.0,0.9982,3.26,0.61,9.3,5
5.8,0.28,0.66,9.1,0.039,26.0,159.0,0.9965,3.66,0.55,10.8,5
9.4,0.43,0.24,2.8,0.092,14.0,45.0,0.998,3.19,0.73,10.0,6
7.8,0.32,0.33,10.4,0.031,47.0,194.0,0.99692,3.07,0.58,9.6,6
7.3,0.36,0.54,13.3,0.054,63.0,193.0,0.99864,3.06,0.49,8.6,4
6.6,0.32,0.26,4.6,0.031,26.0,120.0,0.99198,3.4,0.73,12.5,7
7.2,0.32,0.24,5.6,0.033,23.0,120.0,0.99334,2.92,0.66,10.3,7
6.2,0.32,0.32,2.2,0.036,15.0,70.0,0.9899,3.16,0.48,12.7,6
6.5,0.28,0.35,9.8,0.067,61.0,180.0,0.9972,3.15,0.57,9.0,4
8.2,0.38,0.49,13.6,0.042,58.0,166.0,0.99855,3.1,0.54,9.4,5
6.5,0.23,0.33,13.8,0.042,25.0,139.0,0.99695,3.35,0.56,10.4,6
7.7,0.22,0.42,1.9,0.052,10.0,87.0,0.9922,3.3,0.49,11.8,6
6.7,0.24,0.29,6.8,0.038,54.0,127.0,0.9932,3.33,0.46,11.6,7
7.7,0.16,0.49,2.0,0.056,20.0,124.0,0.9948,3.32,0.49,10.7,6
10.7,0.43,0.39,2.2,0.106,8.0,32.0,0.9986,2.89,0.5,9.6,5
7.8,0.545,0.12,2.5,0.068,11.0,35.0,0.996,3.34,0.61,11.6,6
4.9,0.345,0.34,1.0,0.068,32.0,143.0,0.99138,3.24,0.4,10.1,5
6.5,0.33,0.28,6.1,0.018,41.0,103.0,0.99122,3.24,0.32,12.2,6
6.3,0.32,0.35,11.1,0.039,29.0,198.0,0.9984,3.36,0.5,9.4,7
6.5,0.17,0.31,1.5,0.041,34.0,121.0,0.99092,3.06,0.46,10.5,6
8.3,0.26,0.37,1.4,0.076,8.0,23.0,0.9974,3.26,0.7,9.6,6
7.9,0.57,0.31,2.0,0.079,10.0,79.0,0.99677,3.29,0.69,9.5,6
5.5,0.21,0.25,1.2,0.04,18.0,75.0,0.99006,3.31,0.56,11.3,6
7.5,0.27,0.31,5.8,0.057,131.0,313.0,0.9946,3.18,0.59,10.5,5
7.2,0.2,0.3,2.0,0.039,43.0,188.0,0.9911,3.3,0.41,12.0,6
7.8,0.27,0.28,1.8,0.05,21.0,127.0,0.9934,3.15,0.44,9.9,5
7.4,0.36,0.29,2.6,0.087,26.0,72.0,0.99645,3.39,0.68,11.0,5
6.6,0.34,0.4,8.1,0.046,68.0,170.0,0.99494,3.15,0.5,9.55,6
7.6,0.41,0.33,2.5,0.078,6.0,23.0,0.9957,3.3,0.58,11.2,5
6.6,0.21,0.49,18.15,0.042,41.0,158.0,0.9997,3.28,0.39,8.7,6
7.3,0.2,0.39,2.3,0.048,24.0,87.0,0.99044,2.94,0.35,12.0,6
7.4,0.16,0.3,13.7,0.056,33.0,168.0,0.99825,2.9,0.44,8.7,7
5.9,0.18,0.28,5.1,0.039,50.0,139.0,0.99165,3.16,0.44,11.3,6
7.4,0.27,0.31,2.4,0.014,15.0,143.0,0.99094,3.03,0.65,12.0,4
7.0,0.35,0.31,1.8,0.069,15.0,162.0,0.9944,3.18,0.47,9.4,5
6.2,0.19,0.38,5.1,0.019,22.0,82.0,0.98961,3.05,0.36,12.5,6
6.9,0.15,0.29,2.3,0.033,14.0,82.0,0.99132,3.1,0.58,11.2,7
6.0,0.21,0.38,0.8,0.02,22.0,98.0,0.98941,3.26,0.32,11.8,6
6.6,0.42,0.33,2.8,0.034,15.0,85.0,0.99,3.28,0.51,13.4,6
9.8,0.98,0.32,2.3,0.078,35.0,152.0,0.998,3.25,0.48,9.4,5
7.2,0.32,0.4,8.7,0.038,45.0,154.0,0.99568,3.2,0.47,10.4,6
7.4,0.3,0.3,5.2,0.053,45.0,163.0,0.9941,3.12,0.45,10.3,6
8.1,0.2,0.49,11.8,0.048,46.0,212.0,0.9968,3.09,0.46,10.0,7
6.9,0.18,0.36,1.3,0.036,40.0,117.0,0.9934,3.27,0.95,9.5,7
6.5,0.23,0.38,1.3,0.032,29.0,112.0,0.99298,3.29,0.54,9.7,5
11.6,0.53,0.66,3.65,0.121,6.0,14.0,0.9978,3.05,0.74,11.5,7
6.2,0.36,0.27,3.2,0.032,13.0,73.0,0.98942,2.9,0.69,12.6,7
6.4,0.35,0.35,5.6,0.034,9.0,148.0,0.99441,3.17,0.5,9.8,4
8.0,0.44,0.49,9.1,0.031,46.0,151.0,0.9926,3.16,0.27,12.7,8
7.2,0.21,0.29,3.1,0.044,39.0,122.0,0.99143,3.0,0.6,11.3,6
8.2,0.23,0.49,0.9,0.057,15.0,73.0,0.9928,3.07,0.38,10.4,6
6.6,0.35,0.19,10.5,0.06,15.0,82.0,0.99588,3.13,0.38,9.9,4
6.8,0.25,0.29,2.0,0.042,19.0,189.0,0.9952,3.46,0.54,10.2,6
7.0,0.32,0.34,1.3,0.042,20.0,69.0,0.9912,3.31,0.65,12.0,7
9.6,0.56,0.31,2.8,0.089,15.0,46.0,0.9979,3.11,0.92,10.0,6
7.0,0.28,0.39,8.7,0.051,32.0,141.0,0.9961,3.38,0.53,10.5,6
7.2,0.58,0.27,5.8,0.032,40.0,118.0,0.99088,3.17,0.53,13.0,7
5.4,0.17,0.27,2.7,0.049,28.0,104.0,0.99224,3.46,0.55,10.3,6
7.0,0.15,0.34,1.4,0.039,21.0,177.0,0.9927,3.32,0.62,10.8,5
6.9,0.56,0.03,1.5,0.086,36.0,46.0,0.99522,3.53,0.57,10.6,5
7.7,0.3,0.42,14.3,0.045,45.0,213.0,0.9991,3.18,0.63,9.2,5
7.1,0.44,0.23,5.8,0.035,24.0,100.0,0.99062,3.15,0.57,13.2,7
6.9,0.39,0.22,4.3,0.03,10.0,102.0,0.993,3.0,0.87,11.6,4
7.4,0.19,0.3,1.4,0.057,33.0,135.0,0.993,3.12,0.5,9.6,6
6.4,0.29,0.24,3.2,0.037,31.0,95.0,0.98942,2.9,0.66,12.6,7
6.9,0.25,0.4,1.3,0.038,22.0,101.0,0.9901,3.03,0.39,11.4,6
6.7,0.24,0.3,3.85,0.042,105.0,179.0,0.99189,3.04,0.59,11.3,8
6.4,0.26,0.22,5.1,0.037,23.0,131.0,0.9944,3.29,0.32,10.1,5
6.9,0.55,0.15,2.2,0.076,19.0,40.0,0.9961,3.41,0.59,10.1,5
5.8,0.23,0.27,1.8,0.043,24.0,69.0,0.9933,3.38,0.31,9.4,6
6.8,0.32,0.34,1.2,0.044,14.0,67.0,0.9919,3.05,0.47,10.6,4
6.1,0.27,0.31,3.9,0.034,42.0,137.0,0.99218,3.24,0.46,10.9,6
6.9,0.4,0.37,8.9,0.053,36.0,148.0,0.996,3.16,0.5,9.3,5
5.0,0.33,0.16,1.5,0.049,10.0,97.0,0.9917,3.48,0.44,10.7,6
6.5,0.39,0.23,8.3,0.051,28.0,91.0,0.9952,3.44,0.55,12.1,6
6.6,0.22,0.35,1.4,0.05,23.0,83.0,0.99019,3.17,0.48,12.0,7
5.4,0.595,0.1,2.8,0.042,26.0,80.0,0.9932,3.36,0.38,9.3,5
6.8,0.33,0.44,7.0,0.05,29.0,155.0,0.9955,3.14,0.42,9.5,5
6.5,0.26,0.34,16.3,0.051,56.0,197.0,1.0004,3.49,0.42,9.8,5
7.0,0.28,0.26,1.7,0.042,34.0,130.0,0.9925,3.43,0.5,10.7,8
5.0,0.38,0.01,1.6,0.048,26.0,60.0,0.99084,3.7,0.75,14.0,6
7.1,0.18,0.74,15.6,0.044,44.0,176.0,0.9996,3.38,0.67,9.0,6
6.8,0.15,0.41,12.9,0.044,79.5,182.0,0.99742,3.24,0.78,10.2,6
7.0,0.3,0.28,2.2,0.042,21.0,177.0,0.99166,3.2,0.57,11.4,5
7.4,0.2,0.35,6.1,0.025,10.0,40.0,0.99244,2.79,0.52,10.9,5
11.4,0.46,0.5,2.7,0.122,4.0,17.0,1.0006,3.13,0.7,10.2,5
6.1,0.3,0.32,2.2,0.042,41.0,142.0,0.98952,3.31,0.44,12.7,7
